0.25 21099420 -959.42755 -343.98087 -47515.715 -972.8121 21098994 -3925.267 -89.717186 -347.49228 3925.2998 21099000 1484.0259 -47097.934 102.88303 -1490.1909 21098726 
0.75 16891392 -7333.282 -2641.999 -40579.258 -7448.7983 16890816 -6425.8203 -691.95935 -2670.7097 6427.8193 16890810 11328.807 -40206.434 794.2692 -11383.24 16890704 
1.25 10541146 -14354.714 -5257.6177 -29277.26 -14648.196 10540303 -9177.075 -1393.4861 -5323.6885 9189.986 10540268 22102.121 -28970.234 1603.4069 -22249.092 10540444 
1.75 4807702 -15369.977 -5865.2617 -17453.96 -15862.355 4806579.5 -9473.624 -1589.1145 -5963.249 9511.1455 4806473.5 23896.557 -17207.084 1840.2336 -24174.846 4806953 
2.25 1476035.4 -8107.63 -3648.9043 -8420.595 -8746.363 1474708 -6206.312 -1033.811 -3761.5808 6276.301 1474512.6 14146.191 -8222.139 1225.6659 -14582.251 1475226 
2.75 598607.1 4027.043 180.05316 -3666.9004 3355.717 597214.44 -556.17444 -11.85018 70.50476 651.53503 596957.6 -720.0938 -3517.9155 79.994965 132.60168 597733.7 
3.25 1006128.75 15085.861 3475.4856 -2683.6042 14512.194 1004828.94 5011.2734 891.8455 3376.9143 -4910.652 1004571.44 -11221.123 -2596.2104 -939.6627 10545.271 1005207.3 
3.75 1435914.4 20827.85 4771.3 -3742.4514 20445.76 1434823.5 8396.384 1204.8395 4675.8745 -8311.059 1434618.6 -12374.859 -3720.5188 -1304.4115 11730.865 1434963.9 
4.25 1325201.9 20605.072 4072.7124 -4967.4814 20443.574 1324345.9 8867.665 858.0387 3959.1155 -8805.727 1324203.6 -6459.924 -4991.525 -933.40924 5984.636 1324240.1 
4.75 831600.4 16316.865 2419.845 -5108.2666 16346.683 830898.4 6980.64 187.08519 2265.5854 -6934.622 830787.75 262.0381 -5141.2314 -189.41046 -479.58856 830643.5 
5.25 357607.44 10390.025 900.7882 -3836.1028 10549.516 356941.06 3907.3289 -313.17886 700.8464 -3863.1309 356819.38 2950.391 -3845.5762 390.5958 -2914.3496 356690.47 
5.75 127535.49 4675.3594 34.647797 -1660.1168 4894.294 126832.555 843.2761 -311.01926 -185.5943 -793.1164 126683.516 1107.1846 -1637.5267 439.47388 -908.8105 126714.27 
6.25 105419.8 419.9569 -189.72925 415.6059 634.4357 104703.34 -1307.4536 163.26987 -382.63803 1358.4246 104547.44 -2402.0703 454.44495 -28.812403 2636.8323 104754.92 
6.75 151692.95 -1606.7505 27.19577 1462.4733 -1442.6664 151043.11 -2079.195 753.4304 -97.7249 2117.4587 150915.75 -4339.414 1492.6615 -650.5938 4511.3823 151215.45 
7.25 174542.1 -1345.806 484.56146 1184.7948 -1249.9216 174009.69 -1550.8938 1043.8217 428.72842 1565.9753 173926.56 -3408.8506 1190.079 -983.0366 3478.9773 174226.48 
7.75 159255.69 342.66266 967.6429 100.333046 382.18555 158807.75 -310.81638 863.67816 934.1929 304.26608 158745.13 -606.17456 80.601456 -822.93915 588.7244 159022.3 
8.25 124068.88 2017.9106 1241.6539 -862.2447 2030.3752 123615.63 798.7508 389.6957 1163.5259 -813.7685 123522.82 1989.3342 -895.6723 -329.86322 -2058.46 123820.89 
8.75 86008.625 2476.7568 1160.4298 -1065.1624 2490.294 85479.3 1077.5879 -39.94368 996.4394 -1085.1788 85315.92 2790.38 -1099.9159 146.8953 -2883.9497 85683.234 
9.25 57319.56 1460.2986 769.7289 -570.54816 1489.5891 56717.51 319.0656 -222.11028 535.3259 -310.3661 56485.656 1623.0216 -601.0085 370.82385 -1732.8434 56919.367 
9.75 47217.293 -261.24893 269.31757 68.17396 -215.98634 46611.11 -1055.5885 -214.03772 28.714703 1079.2487 46357.824 -413.6188 40.281876 366.2181 287.3685 46800.914 
10.25 55679.965 -1471.4327 -127.088905 367.2197 -1419.4727 55149.375 -2197.1233 -192.79398 -300.83536 2228.6394 54935.12 -1877.2081 338.64276 301.41873 1743.5033 55317.79 
10.75 70729.26 -1361.6383 -297.14908 271.9149 -1315.9554 70313.625 -2346.7102 -236.5941 -364.9064 2379.6042 70169.05 -1990.7482 244.97392 277.40427 1874.5327 70453.8 
11.25 77704.78 -86.543945 -226.86911 49.02832 -56.71133 77386.555 -1399.4231 -271.59973 -201.17793 1430.514 77289.85 -1049.5538 33.883873 259.41843 981.03467 77489.336 
11.75 71113.875 1370.8895 8.21377 -58.32584 1387.2092 70837.13 -47.080086 -206.6442 77.40491 74.688286 70729.63 -25.61147 -49.050797 184.12297 20.752193 70892.78 
12.25 56478.227 1941.6617 264.56757 -25.448153 1961.032 56184.92 738.62146 -60.538307 322.48932 -716.7325 56014.348 244.98737 13.812916 67.20349 -196.36299 56195.22 
12.75 42731.566 1257.3463 389.1122 34.891617 1299.5894 42393.613 513.31274 66.95237 405.65387 -499.27316 42153.582 -340.7117 96.32601 -22.1063 411.4327 42381.867 
13.25 34854.15 -131.63966 319.28674 46.85966 -61.883995 34484.035 -285.23413 112.63486 299.54367 291.6365 34220.375 -1175.8073 111.52318 -53.389793 1233.3944 34489.887 
13.75 32345.764 -1241.8168 136.92413 31.982277 -1163.5021 31978.943 -794.54846 95.2597 108.86533 796.6259 31756.498 -1496.3774 79.52871 -52.733627 1519.1875 32037.51 
14.25 31590.16 -1405.0502 -3.3040228 37.904762 -1348.1532 31252.496 -540.6754 57.485897 -14.964296 543.2257 31105.18 -995.6538 57.221214 -37.057915 983.3678 31371.057 
14.75 28767.92 -691.06067 -14.121096 56.705185 -672.6037 28454.393 194.89882 14.630454 -9.543418 -187.75201 28355.742 -33.052124 50.708786 16.732471 2.6124961 28602.217 
15.25 22322.686 238.43501 61.143208 26.469204 228.12012 22004.59 742.0577 -20.89391 56.356285 -727.8837 21882.63 679.11597 8.780999 113.01782 -705.5174 22125.46 
15.75 14332.819 646.047 120.91131 -92.639885 635.0619 13984.429 677.3179 -6.888002 77.094505 -655.51733 13772.681 626.619 -106.30432 183.55472 -634.82086 14029.281 
16.25 9262.683 223.4834 115.66719 -241.17723 236.74358 8882.632 108.49047 89.37027 24.740236 -80.49269 8571.024 -144.8628 -241.59676 138.77332 153.82233 8844.666 
16.75 10225.693 -718.35657 73.02364 -263.79346 -675.65967 9836.713 -522.7905 224.67946 -43.22303 553.4157 9483.925 -1091.5917 -252.20804 -24.290333 1105.1814 9762.472 
17.25 15940.398 -1481.0043 36.910416 -24.789663 -1424.0885 15572.699 -805.0252 295.33554 -68.055725 833.3813 15268.294 -1568.5011 -10.462462 -196.17422 1574.7773 15533.959 
17.75 21529.139 -1496.1217 16.623932 437.06735 -1448.3887 21202.781 -594.0912 240.19226 -50.367615 615.71356 21003.84 -1268.802 443.8682 -252.93832 1267.2131 21244.17 
18.25 22548.572 -771.50995 0.2911358 871.6753 -749.1542 22264.924 -69.29896 109.84767 -27.922611 81.9096 22152.432 -423.24216 866.6966 -167.84242 424.46786 22366.438 
18.75 18466.004 97.44616 -12.026252 987.69135 94.69114 18209.629 370.42422 15.650549 -25.766567 -365.95465 18098.11 365.11588 974.96234 -20.535513 -349.63483 18296.324 
19.25 12621.932 396.74536 -9.645133 709.16895 383.80246 12371.321 369.25226 18.217276 -43.9922 -369.0216 12168.409 549.4685 697.1096 86.563225 -518.39594 12366.0205 
19.75 9147.409 -134.05501 4.157612 264.07224 -139.51643 8889.935 -90.78087 81.3557 -75.73213 92.27767 8564.604 41.068474 258.67722 105.30444 -4.500337 8770.107 
20.25 9714.168 -1110.2178 9.546528 -9.715151 -1101.3374 9455.343 -637.9529 126.216644 -112.11054 645.11884 9063.536 -723.9278 -9.161002 53.384262 752.7356 9270.991 
20.75 12631.621 -1834.6482 -6.2840867 40.164383 -1819.1409 12388.864 -823.583 108.95001 -133.48581 837.05817 12034.203 -1127.0012 40.543312 -17.243187 1141.0792 12228.195 
21.25 14644.858 -1845.6649 -35.79317 275.66684 -1836.1776 14429.008 -527.25415 44.948154 -119.70545 543.6616 14185.519 -854.19934 269.3486 -54.0009 856.00415 14356.569 
21.75 13716.389 -1230.075 -63.85139 437.1762 -1230.9229 13518.379 -42.919712 -20.06997 -77.54064 57.826687 13373.965 -126.898445 421.31314 -28.770077 124.46962 13529.681 
22.25 10496.702 -499.00238 -82.193886 385.5156 -503.25464 10293.58 226.40498 -49.337013 -43.572956 -214.62933 10159.143 502.30582 361.26636 46.645958 -502.05353 10319.16 
22.75 7448.912 -176.57732 -85.8532 182.91042 -176.04384 7223.6626 121.87572 -38.870354 -47.376663 -110.901825 7001.8174 591.30853 153.37477 128.21468 -587.70685 7180.9966 
23.25 6634.163 -425.04602 -66.305984 -10.100831 -421.21042 6389.757 -207.08505 -19.244007 -76.80944 220.89368 6049.5396 118.45172 -41.250797 173.06285 -117.35641 6245.6357 
23.75 8173.6904 -961.62805 -21.45318 -75.65827 -965.25684 7928.683 -501.936 -30.0495 -89.59284 519.8656 7528.485 -550.7767 -103.80908 170.1875 542.741 7724.9927 
24.25 10504.808 -1307.561 29.980118 -4.332509 -1327.9465 10277.068 -598.7063 -78.24066 -56.891407 618.79095 9919.409 -960.3327 -23.9143 139.24596 943.95685 10099.175 
24.75 11827.245 -1174.4438 55.466557 113.80475 -1209.8668 11621.023 -486.64105 -121.11059 9.580498 506.5325 11375.79 -881.95636 106.98913 105.499535 867.8965 11533.416 
25.25 11354.571 -683.127 36.53267 147.14351 -720.4222 11159.184 -267.79034 -102.31199 69.84137 288.65228 11014.069 -449.09488 152.65134 80.88795 449.5798 11159.123 
25.75 9586.69 -237.99173 -13.589775 23.889126 -259.81335 9384.469 -87.69336 -11.099828 86.220184 115.052475 9257.369 -40.495174 35.979362 63.138947 56.787918 9408.012 
26.25 7755.803 -175.68396 -61.642807 -177.03862 -169.97005 7533.395 -44.20805 101.01337 46.985844 84.01477 7334.2515 3.0083776 -165.8273 39.567505 16.079063 7505.434 
26.75 6966.0967 -504.34766 -81.23361 -258.88416 -472.30435 6723.4146 -107.840836 166.28062 -24.435858 160.21416 6418.7 -364.81543 -252.80585 -8.456154 370.5772 6611.8994 
27.25 7488.365 -941.4046 -68.67044 -87.26683 -900.0104 7239.2515 -142.71349 158.95674 -78.277954 198.75572 6874.7085 -858.69604 -85.89056 -89.35039 846.82214 7076.9126 
27.75 8604.339 -1161.6481 -38.95595 247.18958 -1135.6128 8365.761 -42.731007 107.86817 -70.47335 88.46558 8034.602 -1085.9004 245.52763 -178.82611 1067.2427 8229.135 
28.25 9177.297 -1008.6533 -11.86256 483.46527 -1013.1739 8953.447 149.10098 63.05373 -2.9650073 -123.09657 8732.731 -859.52 477.14825 -223.27081 849.33405 8914.154 
28.75 8573.355 -541.3314 0.31354487 436.48083 -568.69635 8348.681 274.73495 58.24337 67.44007 -264.88364 8243.161 -351.36563 420.53238 -184.72342 356.34088 8423.173 
29.25 7167.8438 18.838114 -2.9056084 177.70215 -5.5685387 6917.2954 217.99664 95.56219 73.40957 -207.53668 6843.1235 24.362577 149.31146 -89.29322 -9.707382 7041.893 
29.75 6043.9355 356.51508 -16.79861 -45.614353 357.69562 5752.369 25.370178 148.38223 -0.405859 6.377635 5573.143 -110.218094 -81.07478 -20.620079 122.645 5804.061 
30.25 6267.1953 181.15247 -44.40361 -55.90258 209.0685 5940.2173 -114.91836 176.62018 -100.03503 179.6782 5543.792 -847.8771 -85.253685 -51.478233 847.6545 5805.1094 
30.75 8333.631 -563.64685 -99.733925 107.742165 -527.7798 7990.538 -6.832408 155.40141 -151.28682 99.16875 7370.1826 -1902.5497 97.03517 -175.21606 1886.181 7649.283 
31.25 11897.988 -1529.6703 -188.27863 265.1068 -1506.3768 11555.566 401.07892 100.375084 -127.551315 -302.02835 10841.498 -2711.7861 274.73175 -304.16226 2684.906 11125.262 
31.75 15631.825 -2068.7576 -279.36923 274.83597 -2064.4036 15295.65 937.15704 57.392406 -70.65504 -856.838 14693.886 -2735.1428 292.77908 -339.04068 2709.6628 14974.281 
32.25 17504.191 -1669.4052 -308.56445 138.99776 -1675.0286 17174.922 1280.0264 54.208946 -47.72603 -1234.095 16825.701 -1854.4298 147.95155 -250.15497 1840.2393 17096.39 
32.75 15977.47 -434.4977 -228.67453 -23.148323 -436.02377 15661.703 1190.887 64.20848 -87.12785 -1175.6493 15505.477 -611.019 -32.050117 -105.14972 607.5414 15756.731 
33.25 11633.741 835.2592 -71.17666 -74.26133 846.6406 11342.301 754.1617 31.683804 -150.6806 -748.2959 11111.634 23.987272 -93.60674 -22.51681 -27.971176 11334.883 
33.75 7542.0737 1130.2554 51.75451 37.17755 1153.993 7272.3315 381.12677 -60.69264 -165.56558 -358.4712 6657.52 -655.0405 25.867878 -83.00079 637.67883 6860.5767 
34.25 7225.799 -0.59684753 29.852238 222.47186 27.229946 6947.2705 491.54697 -158.2618 -91.06094 -436.75735 5840.883 -2415.9038 233.90509 -261.6217 2379.7246 6057.3833 
34.75 11518.378 -1988.3564 -142.35626 303.02548 -1967.7168 11185.66 1117.8364 -179.56299 34.158768 -1034.4333 9812.927 -4083.5547 335.459 -435.61835 4031.7417 10086.181 
35.25 17316.746 -3521.3572 -345.03723 163.59952 -3517.073 16908.225 1818.9252 -98.16928 110.33454 -1725.621 15705.149 -4368.5244 199.0433 -473.78705 4308.8203 16050.688 
35.75 19865.22 -3465.9336 -428.6129 -116.72089 -3482.259 19411.795 2032.8539 22.506098 58.00486 -1952.9742 18708.12 -2929.2002 -98.89523 -343.72656 2871.8198 19089.695 
36.25 16782.264 -1786.564 -343.0699 -311.63617 -1823.3726 16349.398 1569.4958 77.09226 -100.60839 -1521.34 16094.81 -753.48834 -318.59158 -144.13414 711.0187 16447.125 
36.75 10177.568 298.80353 -178.34929 -261.8499 244.42294 9807.951 790.15405 4.4719977 -239.87485 -781.7134 9577.973 542.12506 -282.34238 -24.241781 -559.3701 9864.378 
37.25 4939.6265 1177.5186 -78.31558 -42.64091 1110.9205 4610.876 305.775 -161.72171 -227.78227 -332.64316 3916.7493 -27.167044 -57.385414 -56.841743 34.006832 4167.0674 
37.75 4780.536 120.53986 -112.78162 104.841576 48.811455 4424.1353 466.3418 -317.09964 -44.09295 -512.5493 3095.2761 -2024.7394 106.90887 -180.74489 2039.7363 3380.8484 
38.25 9442.859 -2073.8572 -227.35222 13.08346 -2145.247 9009.167 1092.8522 -362.41168 191.03918 -1136.8385 7338.919 -3932.5347 27.44996 -266.7009 3935.4878 7705.522 
38.75 15167.395 -3681.879 -305.9807 -255.57692 -3752.3442 14671.373 1665.8738 -274.86304 313.65906 -1691.5345 13199.902 -4347.8584 -242.14246 -237.96234 4331.2656 13625.4375 
39.25 17739.652 -3445.0706 -278.15228 -489.6442 -3516.5796 17242.076 1769.5347 -120.73615 250.56993 -1776.7953 16348.653 -3064.5662 -487.22083 -130.38521 3040.683 16767.297 
39.75 15615.354 -1566.5581 -167.51768 -536.3853 -1636.6528 15163.142 1393.3115 -7.9203596 73.37654 -1397.3887 14798.252 -1168.6442 -546.82697 -35.02109 1159.2405 15163.078 
40.25 10852.734 548.514 -60.648605 -419.1898 488.06674 10441.503 853.52795 -5.0382786 -79.09481 -873.95 10206.982 -106.965096 -440.7739 -7.263306 125.61398 10526.55 
40.75 7304.6455 1520.1595 -26.453869 -274.3405 1474.1644 6895.386 482.2212 -100.57975 -117.77652 -527.77026 6385.1084 -523.08795 -305.86084 -26.42596 565.08044 6704.1836 
41.25 7528.4136 1065.0477 -63.071617 -210.31866 1024.9102 7090.4688 395.84106 -221.61075 -55.44548 -457.8529 6195.187 -1829.6843 -248.07324 -40.800392 1875.842 6549.185 
41.75 10862.234 17.511745 -109.29221 -230.71408 -34.27427 10395.62 508.3422 -288.73135 36.271126 -566.8958 9332.958 -2822.6362 -264.13052 -30.605099 2851.7993 9723.07 
42.25 14242.74 -559.4798 -106.29784 -263.50223 -631.23804 13767.566 672.9914 -260.18457 97.75 -710.6206 12854.437 -2734.774 -280.0371 -18.63649 2735.8467 13256.688 
42.75 15025.454 -251.12637 -53.969658 -241.24355 -330.00977 14561.977 769.0618 -145.35925 108.38458 -781.86523 13958.543 -1786.8436 -239.56706 -28.94094 1764.2725 14345.39 
43.25 13229.68 583.8643 -9.066551 -160.73512 521.73566 12790.479 708.67535 2.213702 70.06717 -707.9994 12427.708 -820.60565 -157.4754 -50.573948 790.6715 12780.849 
43.75 11153.816 1350.9385 -25.025242 -81.20111 1317.1869 10743.538 466.86685 105.06135 -6.1907883 -471.61728 10445.996 -473.3041 -99.974365 -48.189587 453.29922 10760.7 
44.25 10899.491 1756.792 -92.84793 -66.08811 1739.5203 10511.36 144.97076 101.80604 -90.75046 -170.15518 10156.115 -712.7394 -116.818665 -2.2053516 710.0308 10443.563 
44.75 12410.873 1873.3953 -145.94627 -117.158394 1850.0809 12024.338 -58.10995 -3.935968 -134.46913 9.77914 11590.471 -1084.8064 -186.24205 67.94826 1094.1163 11874.695 
45.25 13954.806 1856.717 -126.425896 -165.67856 1816.4484 13545.159 -17.369732 -130.62508 -102.5795 -43.27981 13056.127 -1271.8545 -227.2211 119.01608 1282.5663 13361.051 
45.75 14227.404 1752.803 -43.932262 -135.85733 1705.0474 13781.669 170.3376 -174.78745 -15.745476 -224.63165 13248.134 -1322.0879 -172.79135 118.44062 1327.6322 13583.899 
46.25 13656.691 1573.636 34.920464 -23.08208 1536.3741 13177.665 265.1649 -98.94584 57.734028 -296.0971 12607.453 -1404.2347 -37.341827 66.56709 1403.8562 12971.223 
46.75 13527 1438.2671 51.73964 99.8527 1420.5662 13021.966 137.061 35.812725 62.02443 -138.4688 12457.996 -1490.073 94.58414 -7.616249 1482.6405 12846.016 
47.25 14237.874 1512.1467 7.715044 152.71983 1507.4393 13709.312 -95.590515 128.8783 6.9057674 114.7432 13219.157 -1394.807 145.02757 -65.56334 1373.5531 13631.815 
47.75 14845.211 1801.3495 -46.3418 121.89158 1794.0096 14297.042 -211.22884 132.96129 -45.156013 230.91977 13911.85 -1076.0701 109.2578 -81.464355 1032.8533 14343.832 
48.25 14346.166 2085.2341 -63.16215 64.04567 2061.5776 13792.478 -141.5477 82.26941 -45.83298 142.86899 13470.112 -754.1025 49.296238 -55.20003 689.5902 13903.423 
48.75 13000.433 2124.239 -39.060356 46.339584 2079.2734 12456.233 -28.946426 39.244274 -6.703869 6.78434 12121.35 -667.32697 31.953854 -12.306007 594.7432 12539.443 
49.25 12040.353 1923.9475 -8.069451 87.228134 1861.8418 11500.9795 -31.501854 28.603525 24.094051 -3.0942612 11120.066 -778.53687 73.66451 15.081358 714.4464 11530.416 
49.75 12197.01 1737.128 -3.830843 149.81776 1666.5585 11635.374 -133.33522 31.703651 21.65651 102.1473 11239.703 -827.7993 136.59729 13.466196 778.2848 11673.314 
50.25 12847.805 1767.8469 -28.154877 177.26726 1695.409 12240.907 -185.2459 26.114092 6.746464 163.23203 11875.701 -674.43146 163.65494 -1.1207861 630.8917 12356.354 
50.75 12921.566 1946.9004 -51.893322 159.1022 1872.9562 12275.927 -113.36009 17.401142 12.184692 93.063065 11941.8955 -479.9263 143.42004 -4.589875 430.478 12460.646 
51.25 12160.984 2016.5923 -48.214985 139.14409 1936.6357 11504.568 -6.251999 19.905247 35.566307 -21.485977 11165.264 -492.46182 120.27823 8.743254 436.4732 11691.857 
51.75 11376.154 1863.0493 -22.834991 180.92996 1773.7605 10725.949 1.6276436 36.638935 44.110577 -35.955486 10354.052 -732.3245 159.7097 20.338928 681.9803 10872.391 
52.25 11439.1 1650.7314 -11.685156 287.41516 1553.558 10786.179 -112.27345 59.93062 20.171526 80.06579 10364.82 -1028.8245 265.1051 17.624203 995.88654 10886.626 
52.75 12442.753 1556.7454 -41.11361 368.88065 1455.5656 11774.829 -252.30464 85.47785 -12.023982 225.91779 11238.905 -1368.4591 343.3547 18.382063 1350.8147 11777.309 
53.25 14002.039 1436.497 -90.44847 321.42932 1332.6625 13330.741 -327.16876 110.183846 -15.0004425 299.30206 12551.948 -2020.1027 286.57526 51.04247 2003.5814 13091.911 
53.75 15998.493 938.10846 -103.561966 159.94704 829.28485 15348.076 -335.07166 120.30244 13.088028 297.21216 14257.08 -3128.0596 111.07625 108.53186 3101.4387 14768.457 
54.25 18464.04 74.01631 -47.171772 48.87068 -41.779575 17831.17 -332.28638 100.377304 32.387314 288.60873 16587.3 -4230.4756 -11.543264 139.32407 4195.976 17069.676 
54.75 20738.156 -428.75635 41.49069 149.0676 -549.23303 20076.76 -367.11447 61.189762 9.277963 334.3613 19041.883 -4480.061 85.21624 102.63584 4447.491 19542.912 
55.25 21380.43 329.38327 75.310425 411.14023 210.22488 20642.818 -455.97278 44.619633 -36.881935 448.2894 20042.938 -3621.9446 349.95776 28.284573 3594.544 20616.291 
55.75 19678.191 2283.5845 -2.3873825 562.05927 2171.0752 18871.594 -583.1589 84.44886 -43.32702 599.2588 18396.389 -2712.0984 504.22495 -0.4681269 2682.7424 19040.281 
56.25 17263.846 3894.5886 -154.16469 354.4427 3789.8618 16454.238 -677.17 162.56929 31.677414 703.4138 15264.17 -3489.742 301.16205 62.103058 3452.9048 15913.363 
56.75 17486.81 3188.8333 -266.6682 -145.9622 3088.575 16737.86 -626.118 218.5797 156.30774 650.07776 14072.402 -6641.757 -185.57858 161.34421 6605.057 14659.895 
57.25 22318.387 -286.96637 -245.36487 -558.12695 -388.46518 21626.305 -392.84442 207.85278 240.60051 409.805 17584.639 -10631.077 -572.4959 193.88023 10609.891 18111.184 
57.75 29675.586 -4504.1934 -89.768936 -514.39716 -4611.8027 28972.354 -113.49001 147.59097 218.79483 125.27359 24703.068 -12578.993 -501.1154 114.18892 12576.246 25236.975 
58.25 34373.844 -6284.3555 95.67044 -29.88115 -6398.6333 33596.34 -37.72885 94.5979 116.42393 46.971207 30540.334 -10748.531 -4.0179763 -7.584576 10746.565 31147.113 
58.75 32470.238 -4026.2144 187.30812 479.49048 -4142.424 31622.855 -273.06433 89.43933 38.12538 285.64417 30352.998 -6343.554 496.63858 -61.05707 6320.4795 31028.75 
59.25 25093.428 683.92316 140.35332 572.4259 572.0268 24242.752 -627.02905 126.85655 71.14801 655.9969 23930.89 -2751.3096 573.0794 -10.055288 2707.2898 24607.314 
59.75 17523.627 4281.6606 18.722513 188.0987 4175.218 16735.963 -757.2658 175.94554 195.85257 817.72424 15804.483 -2639.8157 184.74806 74.34426 2602.1057 16414.951 
60.25 14688.747 4227.098 -59.801662 -304.15482 4119.1074 13978.347 -532.22284 213.81499 297.18268 627.63586 11393.137 -5736.1455 -291.4887 96.55194 5732.93 11927.486 
60.75 16945.51 1046.7233 -23.130077 -471.99673 926.9345 16277.835 -170.58936 235.13773 274.14697 284.9298 12350.111 -9203.769 -434.0767 33.770275 9232.695 12849.192 
61.25 20383.93 -2440.7903 101.24304 -220.80453 -2575.719 19719.59 -17.151592 242.96916 140.51802 124.16995 15746.984 -10247.487 -164.4604 -55.030853 10275.429 16252.958 
61.75 20879.16 -3757.2046 218.97948 163.15916 -3897.5667 20207.916 -181.66672 241.74501 7.354277 264.8264 17378.018 -8358.852 224.65576 -102.12549 8354.737 17898.307 
62.25 17623 -2650.3645 253.30273 333.91235 -2779.733 16954.66 -459.3284 238.6878 -30.879704 522.1608 15541.232 -5244.917 390.81638 -94.618805 5213.142 16061.313 
62.75 12966.244 -688.4091 200.7737 209.59276 -796.2801 12308.128 -579.9761 240.52087 18.9327 638.5209 11764.009 -2926.1418 255.48784 -69.27124 2902.7808 12275.808 
63.25 9492.228 568.4697 115.85362 -20.712996 477.08557 8840.793 -482.72647 242.29155 77.79427 547.4025 8483.565 -2075.952 6.950638 -56.24019 2091.249 8995.111 
63.75 7774.954 794.83575 53.437992 -148.21767 703.6582 7129.144 -306.50836 227.63992 89.22973 373.64096 6666.239 -2021.9648 -143.46907 -50.95162 2067.4792 7183.552 
64.25 6733.3857 597.60675 31.165611 -133.5101 495.26688 6106.701 -184.5292 189.0818 66.51954 245.12958 5615.2354 -1890.7224 -145.42842 -39.323357 1927.0475 6125.1943 
64.75 5426.4893 507.84937 35.089447 -64.169914 398.27765 4828.1167 -111.85223 142.90407 49.426006 164.02881 4435.017 -1451.641 -74.71756 -26.137411 1447.0537 4923.169 
65.25 3976.0354 519.9799 46.929565 -7.5041375 419.2648 3393.3047 -34.636665 116.633026 46.792328 84.49005 3092.7808 -983.007 0.106221914 -28.564655 944.2889 3565.2678 
65.75 2968.8784 427.2084 55.248074 34.640675 345.60925 2369.1145 31.963737 120.725204 34.85945 18.616282 2098.0266 -698.05884 61.18305 -46.533653 661.57904 2584.8108 
66.25 2544.87 237.24196 52.421818 61.7877 167.28833 1907.6602 25.597862 137.49538 2.400638 18.64696 1666.3025 -530.4684 91.81226 -59.89824 524.9122 2190.455 
66.75 2338.291 124.23696 35.664364 46.400345 47.72224 1679.0964 -49.652077 139.1443 -28.574902 77.61614 1515.178 -362.8608 63.0065 -56.972145 382.53827 2065.8955 
67.25 2055.705 138.54637 13.141084 -9.651174 46.60354 1414.3026 -100.64354 115.115036 -32.205097 112.66835 1330.9905 -228.13751 -10.8565235 -51.146885 243.58076 1870.4791 
67.75 1779.9889 155.89827 1.0640739 -45.82421 57.989807 1179.4918 -55.838516 78.36914 -14.472226 64.476166 1120.0856 -214.349 -57.02748 -58.657146 206.09276 1622.6996 
68.25 1688.568 88.48782 7.153755 -14.288773 0.63878816 1118.1155 35.74233 48.78963 -3.3385642 -18.515955 1039.0459 -292.19333 -25.647621 -69.13272 270.34537 1511.481 
68.75 1753.8451 8.804379 21.502106 46.03071 -65.79946 1184.3546 68.62689 36.540726 -13.453571 -43.609688 1098.1792 -346.23 38.909626 -59.35409 336.5806 1568.2001 
69.25 1804.2128 10.690737 27.79567 51.82399 -63.006 1224.2971 12.96128 36.867798 -29.723877 8.70008 1156.3059 -335.67612 49.011417 -29.024729 348.94556 1637.7412 
69.75 1785.4379 55.43287 22.230528 -8.271054 -29.808052 1206.7681 -51.285465 39.725113 -31.883898 62.62231 1141.6854 -333.238 -7.7260504 -9.897793 353.61966 1625.5588 
70.25 1784.2405 30.207726 15.675374 -51.97477 -64.77908 1221.2759 -43.721085 38.43833 -21.6803 50.691998 1122.498 -394.32346 -49.54471 -25.927471 399.7446 1594.1322 
70.75 1840.4027 -79.75211 17.48161 -14.256184 -172.89137 1292.3322 17.02864 33.934135 -17.957188 -2.5322447 1159.8737 -463.88058 -11.966429 -59.42039 452.91443 1617.787 
71.25 1872.3665 -164.6994 23.52581 62.099854 -249.31155 1331.3739 41.88633 28.320494 -29.833483 -17.285793 1209.4724 -455.64603 63.6509 -67.86935 446.4177 1659.7112 
71.75 1801.1346 -135.28214 24.338444 79.96196 -215.26869 1268.8015 0.7799301 27.426315 -43.49452 25.197313 1189.1989 -376.99863 82.49408 -44.426453 386.86105 1631.5568 
72.25 1681.4326 -29.988106 17.232262 15.371567 -110.627045 1166.1078 -52.884136 29.83376 -41.689438 69.99341 1110.4388 -326.1695 19.26178 -19.260239 349.3421 1537.7097 
72.75 1618.7546 50.40453 7.6665077 -58.512737 -28.491533 1119.6318 -53.69945 31.79828 -25.311306 62.744556 1048.436 -365.20676 -57.366543 -21.078009 381.4206 1460.4697 
73.25 1623.4528 66.41767 -0.19301963 -72.03935 -4.607834 1127.5153 -7.035799 30.907206 -10.757143 18.332714 1031.6099 -444.49554 -78.470566 -39.645927 444.024 1440.292 
73.75 1607.0267 56.99997 -7.4810643 -40.972504 -5.8295875 1107.6782 30.990662 28.271868 -9.0121355 -10.801479 1012.0987 -466.09064 -53.082672 -44.610916 460.2852 1425.2705 
74.25 1506.6412 61.96736 -13.909326 -27.482151 0.3000943 1017.6686 33.585987 25.750599 -13.257132 -10.445253 940.39856 -392.78506 -36.48827 -29.284489 398.77646 1348.128 
74.75 1353.7491 76.372536 -15.666073 -48.39513 10.330186 898.5377 27.975204 24.148724 -11.602848 -12.974495 827.9497 -276.49142 -48.21223 -17.99103 296.0033 1207.3483 
75.25 1210.9088 79.271034 -9.310962 -64.81643 11.942674 796.7183 43.869907 21.61046 -2.173696 -39.08944 714.1606 -188.3658 -58.54291 -28.290382 207.30307 1053.8026 
75.75 1101.7207 69.99609 1.4008172 -48.755062 9.635497 713.15015 69.274536 17.401976 6.145461 -64.26258 623.7577 -153.77013 -43.19281 -46.546955 160.60344 934.3541 
76.25 1020.33185 56.801044 9.105638 -22.619528 8.261412 638.5503 73.583435 12.824528 6.255945 -57.85982 567.00146 -145.32928 -18.096697 -48.245922 144.3884 867.8898 
76.75 976.5862 39.806988 10.933977 -19.481405 1.0511254 599.04407 54.356857 10.381713 -0.4684646 -30.560326 560.46954 -123.24176 -10.015324 -32.776577 127.67145 859.2499 
77.25 986.1257 24.57582 9.054073 -33.31141 -9.538708 624.78107 36.669132 12.48365 -9.8100815 -17.647875 610.876 -74.258064 -17.31631 -23.557499 89.563736 898.455 
77.75 1026.7477 33.15973 4.6106267 -32.853718 0.07550573 690.83105 32.701828 19.702778 -20.30322 -25.927176 683.39355 -21.87156 -18.591015 -35.58607 40.322628 947.2158 
78.25 1044.3815 74.444275 -4.1925025 -10.536224 42.23973 732.82086 26.303507 28.397945 -30.395628 -25.207344 721.1243 -5.1223125 -7.074727 -56.097496 15.584805 957.1584 
78.75 1011.95465 113.829796 -15.998312 8.980593 85.14295 718.76917 3.2635746 30.62816 -34.66458 3.639309 701.31055 -39.642494 3.6858191 -61.64399 39.515347 915.9529 
79.25 959.23016 101.94946 -22.954468 7.46645 80.42828 680.60187 -22.288292 20.701653 -28.553177 36.14907 658.44116 -95.1976 4.856763 -46.458313 92.01765 861.23645 
79.75 932.2077 37.710487 -17.908152 -3.7504125 25.029926 665.82574 -26.087881 3.6841547 -15.31906 36.557465 640.59326 -120.40931 3.2460532 -26.46334 124.02499 837.2249 
80.25 940.2348 -21.87437 -5.042318 -6.799742 -28.620367 682.6868 -8.718603 -6.5431614 -5.5340815 7.4566364 657.6857 -95.028595 4.1330404 -18.640108 109.636826 847.3435 
80.75 961.6114 -27.507385 2.6327262 -3.736814 -34.075317 711.44604 4.8668184 0.6316304 -6.5638547 -12.821321 688.7873 -54.123257 0.7226591 -25.93812 75.8347 865.67444 
81.25 973.668 7.777685 -3.2090247 -7.0004044 -1.0247593 734.3987 -4.1685166 16.901424 -16.125465 2.0486941 712.07007 -47.086956 -11.295594 -36.601818 66.525795 871.347 
81.75 967.406 33.219307 -16.59635 -13.24153 26.6943 743.315 -26.849741 23.199448 -25.860237 35.163494 718.7997 -81.53499 -18.46215 -39.10406 90.958725 862.6382 
82.25 938.73785 26.25558 -23.038252 -7.738236 29.16012 726.59686 -41.594498 10.426217 -28.513428 51.48675 702.4246 -119.38351 -5.598201 -30.837528 119.69177 840.30035 
82.75 891.135 9.1115675 -14.1412735 8.411449 22.68723 679.80035 -39.17106 -9.279808 -21.528214 38.959953 660.44464 -128.18547 18.07295 -18.422367 129.75189 802.03534 
83.25 848.27216 5.0683665 4.606639 14.457634 21.779215 628.95795 -26.589485 -16.799618 -7.6589403 14.808778 611.6559 -119.42641 25.124094 -10.862495 133.41472 758.9369 
83.75 840.10596 6.7370973 19.578735 -0.9135751 17.109762 615.17053 -12.94922 -9.700945 5.37564 -1.7704846 588.90063 -126.314735 4.959023 -10.894096 153.1742 735.9337 
84.25 865.4265 -2.1003857 21.239767 -20.6321 -0.3095274 644.92053 -1.4111435 -5.4476714 8.945777 -9.383755 601.7043 -156.16724 -20.083014 -11.15178 184.69478 741.638 
84.75 884.66797 -14.966046 12.103925 -21.129364 -14.878058 673.7861 6.915288 -19.643017 2.254001 -16.819761 618.52765 -182.2516 -22.28695 -1.5348393 202.0882 750.262 
85.25 866.9064 -13.207334 4.2136436 -3.9726005 -5.976699 658.4163 10.120638 -46.215733 -3.9148493 -27.238338 604.436 -181.20029 -2.6995707 17.7793 195.44685 733.23517 
85.75 830.87506 1.4780223 8.447274 7.638273 18.45259 610.9681 10.326429 -65.06605 3.196151 -37.530575 567.39557 -160.89125 13.1743355 34.136307 183.68135 700.51215 
86.25 823.79297 8.184654 24.258232 1.232715 29.665882 585.11646 15.963297 -67.53512 23.189798 -48.11515 551.24316 -144.85536 9.434351 36.200294 185.57709 692.6828 
86.75 857.7919 -0.5638778 39.550262 -10.959682 18.312769 607.40454 35.312958 -66.51602 40.66932 -66.37976 577.90405 -143.49577 -2.996749 29.258947 196.37498 724.6597 
87.25 900.0139 -8.9528475 43.77076 -10.54486 4.873951 652.4362 62.98055 -80.24061 42.875923 -93.548355 623.1942 -147.95549 -4.0182886 30.500303 200.2192 766.8777 
87.75 921.27686 -5.797311 39.209095 1.6814855 7.8807163 682.2835 81.55255 -107.82951 33.216057 -116.90883 651.5794 -152.35213 9.763072 47.85592 199.62717 787.1539 
88.25 938.3126 -5.211417 38.450924 12.294944 15.947699 695.248 75.00329 -130.06514 26.406927 -117.58049 663.57916 -159.47255 26.055237 68.87903 210.35774 798.41327 
88.75 981.204 -22.76798 48.26004 14.645325 8.74179 713.65894 46.497334 -133.28313 30.614994 -92.45192 684.9885 -168.9166 34.111423 76.08815 233.25449 835.3572 
89.25 1037.1188 -44.44738 59.81157 12.264908 -7.781437 740.7664 21.516289 -126.94481 40.385914 -65.53062 720.4133 -172.27504 32.425156 69.67527 248.56718 893.34174 
89.75 1058.1222 -42.812775 59.532516 7.0006833 -9.467575 755.92004 28.827589 -132.6574 47.30651 -70.75902 743.16626 -167.46494 23.475044 67.98098 244.80124 922.2786 
90.5 1014.7471 -14.97703 41.45101 -10.552132 10.662656 751.5987 95.33941 -171.917 52.37195 -143.93597 730.33014 -171.64526 5.1728 95.61477 241.51091 872.50854 
91.5 1113.0457 -71.5737 53.97175 -11.871466 -32.87429 838.01 96.553665 -184.67346 53.30212 -157.57855 794.08014 -207.61314 13.974861 116.59494 288.70953 929.83777 
92.5 1301.4031 -49.288113 61.56174 -1.2705617 -11.993729 960.64996 27.836456 -165.98003 37.727383 -86.694954 934.48895 -202.74448 17.544317 114.941246 285.5997 1128.1498 
93.5 1320.6194 -4.911408 41.64918 -52.258366 20.768127 1041.5153 139.93323 -203.34822 63.62128 -201.00858 1007.7514 -213.78642 -27.727568 149.91301 291.9453 1143.0912 
94.5 1465.8818 -103.02752 65.02483 -21.389473 -64.9156 1157.7443 90.332184 -180.74727 70.50941 -149.69072 1119.4493 -182.7075 11.480246 126.27354 266.17917 1266.0349 
95.5 1465.2516 -48.32836 48.57865 2.7081425 -26.940306 1121.0997 -31.337116 -155.03029 47.300236 -22.461699 1095.8722 -177.71729 28.060568 132.86691 248.58154 1279.9297 
96.5 1325.958 -58.878822 42.67529 -20.66413 -40.95915 1033.6663 52.689274 -161.96046 67.66159 -101.09914 996.2895 -199.49965 11.477822 148.90771 272.01987 1135.317 
97.5 1375.801 -85.87555 39.216724 -5.337922 -63.379524 1033.3375 -12.498569 -127.4058 42.311886 -24.94041 999.6708 -191.58243 23.90763 106.18671 257.76282 1179.6052 
98.5 1488.7286 -88.32297 -4.1939554 5.471916 -100.78936 1139.0796 -38.35546 -133.25 34.40377 -0.7487879 1111.1368 -241.71823 30.524841 127.1182 293.52832 1300.9325 
99.5 1534.2266 -124.88664 -0.28621054 53.677383 -136.59042 1177.8115 -7.1032143 -121.53741 53.20124 -32.7251 1140.4417 -207.51453 70.66291 122.82324 258.87296 1342.165 
100.5 1464.1969 -98.72979 -9.163111 20.68257 -119.76034 1042.6926 -138.88615 -78.32663 14.0424185 107.752075 1000.3154 -200.52037 23.965456 99.66507 233.70586 1268.6678 
101.5 1430.8452 -92.07924 -10.408397 20.563795 -154.81161 998.4915 -139.6215 -111.4382 12.891012 102.65754 960.7564 -207.54456 28.803581 115.65633 238.69083 1233.2063 
102.5 1496.0369 -100.94678 -2.3239388 71.548706 -157.23528 1018.5701 -121.942215 -93.12981 26.991175 81.16593 965.20807 -263.55045 63.63697 88.30602 291.1865 1287.732 
103.5 1523.364 -201.85716 -21.778177 -13.764243 -261.35376 1028.0078 -167.33743 -37.32802 -4.4340997 132.91768 953.66846 -197.73244 -27.225765 91.74561 201.54492 1303.3428 
104.5 1527.5397 -103.86984 16.735079 12.774002 -199.20047 1017.3554 -130.25073 -79.86009 4.2972054 94.35936 965.69806 -48.72152 12.757067 80.05475 57.107132 1312.6405 
105.5 1407.6031 -25.047594 28.886173 63.761982 -119.01021 879.7248 -181.49829 -50.814827 2.4692657 135.6657 825.5674 -169.65605 43.053753 56.484146 172.23508 1211.2639 
106.5 1168.9165 -97.06237 28.83401 8.122913 -182.8681 690.1255 -263.5927 -21.901016 -51.349392 223.54543 626.58563 -160.19832 -5.304759 89.82021 148.40099 972.57874 
107.5 1175.5602 -88.37234 71.811226 53.540302 -209.16107 680.19464 -220.04463 -90.00487 -21.87172 186.18674 625.22815 -89.93909 53.875908 50.31855 84.66988 963.7423 
108.5 1235.7955 -68.83527 52.350044 46.329185 -180.58974 802.7916 -181.21983 -44.737732 -33.90308 135.8229 711.5227 -33.37834 25.180529 26.818031 19.443928 1025.2162 
109.5 1286.2007 16.354624 40.96201 -59.229347 -60.199306 873.57886 -162.02737 -12.317318 -70.91315 136.6989 798.91394 -92.711525 -49.28913 66.57798 61.350975 1091.266 
110.5 1410.8905 -55.710495 85.179245 -26.356215 -156.24582 882.5584 -161.30673 -16.718138 -16.12791 142.52858 834.0891 -133.53105 -2.9875374 43.878487 89.08219 1227.989 
111.5 1078.7141 -31.414219 63.371265 48.790142 -110.15813 648.11145 -172.33368 -5.6181436 -60.939983 150.76942 555.2023 -57.408073 37.191875 9.114026 12.610303 885.3926 
112.5 846.9663 -60.370102 9.2998705 11.518928 -99.36062 438.59375 -116.78561 -11.714717 -47.271645 128.87689 293.97226 -72.7536 34.037655 35.452927 38.710533 588.8143 
113.5 999.9538 83.76428 28.593105 20.617435 23.105537 474.04758 -118.73086 16.799301 -28.238514 120.400635 309.87338 44.27319 53.007267 16.1059 -89.405106 730.3071 
114.5 1162.1296 80.192406 -22.177795 -13.63233 24.194702 737.7041 -31.77576 -28.84225 -32.50149 39.08535 561.55676 -275.417 -13.249828 -26.93196 225.65927 894.4253 
115.5 1720.167 -301.20035 -6.5221195 -92.44279 -335.73016 1240.9077 171.10367 12.872311 11.131527 -142.31335 1061.1875 -118.77805 -77.52184 24.391132 94.03085 1430.7682 
116.5 2828.1409 -144.68716 -15.661318 133.0111 -193.26196 2062.8242 297.90137 -147.87674 -2.7032661 -262.05737 1694.6766 -465.47382 135.23206 -204.22934 417.28693 2360.7212 
117.5 5431.2676 -2534.6018 -542.9115 133.77745 -2608.224 4506.1953 613.8362 -117.649445 465.74542 -512.15674 2878.5747 -1087.8245 154.95667 -125.142685 1015.6088 3690.6538 
118.5 7974.5234 -4113.2266 -311.3798 -325.3897 -4168.293 6812.232 810.9509 868.0459 314.65924 -750.2516 3574.7634 2413.1724 -214.1333 808.0314 -2447.1892 4610.88 
119.5 7473.624 548.3072 985.72095 -260.8012 521.0856 6085.95 402.85016 643.0344 -986.98694 -470.97662 2678.796 3467.954 -157.44003 495.22266 -3523.1133 3943.4065 
120.5 6667.418 1674.71 707.99 193.84381 1625.606 5323.123 191.69342 -961.01013 -731.1218 -255.02673 2139.093 -1760.7542 181.60916 -962.4076 1687.1036 3341.8862 
121.5 7001.46 -2768.6995 -649.3628 230.81119 -2800.6318 5699.2754 544.5936 -795.39355 668.91296 -540.33185 2591.3455 -2506.5688 150.73521 -723.9138 2454.8105 3749.586 
122.5 5757.035 -2691.5989 -530.7214 106.65516 -2710.7197 4508.6636 600.8508 287.9194 587.9546 -554.9685 2656.6414 698.68445 73.507614 228.68051 -773.35803 3763.266 
123.5 3963.4446 -506.8918 43.399612 63.425407 -560.4484 2866.4739 323.2765 206.63495 -22.276176 -262.6202 2356.958 629.26324 94.12181 100.33539 -686.8491 3311.4717 
124.5 3128.1104 -621.46295 -4.9034586 -48.31607 -635.43726 2133.656 148.53584 -23.14847 20.279783 -112.45089 1876.7625 26.533869 -25.844696 -58.09322 -87.80565 2721.6484 
125.5 2242.678 -374.74014 50.34341 -110.58836 -361.94165 1409.0537 -22.014477 77.461975 40.449333 33.96006 1139.7646 323.07874 -100.49788 45.28466 -406.83575 1809.0635 
126.5 1400.3239 90.19211 106.145355 -73.36661 71.68064 725.6667 -156.08638 10.220806 -40.373928 168.37971 526.868 74.76305 -68.24904 -18.292604 -104.391525 1048.9557 
127.5 1126.0881 19.388039 37.064194 -92.926544 34.306892 416.2452 -161.16989 -59.01658 30.621294 175.1376 276.2429 -36.427803 -102.954094 -36.10668 -5.702944 834.2754 
128.5 1074.7181 53.383034 51.018223 -86.48063 93.80316 386.3679 -127.820625 -27.59409 76.20352 120.93858 271.09018 -9.989092 -84.08729 -19.990976 -79.425224 799.0204 
129.5 1010.75385 70.99985 52.868576 -40.11201 59.49381 423.2525 -159.71982 2.555203 55.185593 130.48097 253.55302 -12.638385 -35.87429 2.2650504 -51.68715 690.9319 
130.5 1070.0586 103.96176 83.49804 -87.15518 86.96227 395.22708 -197.81955 12.714723 60.206455 164.31169 217.49431 18.72939 -81.26584 22.66233 -71.20983 740.06256 
131.5 1132.2268 62.396217 126.77847 -74.27661 75.074036 408.12805 -170.20003 2.3728597 73.18415 118.207954 230.83002 -62.991646 -47.27778 -35.86413 9.196603 805.1967 
132.5 1096.0382 -7.8671255 113.07553 -22.668192 -43.89194 443.93707 -184.10095 -8.422791 33.569595 105.22971 235.19325 -32.12709 4.9131656 -75.23016 -3.9649434 741.3683 
133.5 1152.2925 74.63651 99.92242 -85.63025 9.950053 480.80618 -209.46295 -16.50172 -28.859453 124.62143 260.8103 -3.5519004 -62.678474 -85.63015 -17.473219 776.5371 
134.5 1192.9242 30.451454 80.27914 -108.7597 0.8396416 488.20154 -148.61041 -10.226317 -19.642746 67.28352 269.40225 -90.88188 -84.95081 -88.7634 85.88838 830.6379 
135.5 1130.0989 -40.234165 53.709923 -71.98112 -64.36806 413.14905 -68.72989 12.9343605 23.52784 -1.1678333 223.85559 -52.340622 -37.66524 -45.0776 51.908775 819.80084 
136.5 1125.0033 -2.6558852 18.37656 -116.338394 2.5726693 433.84256 -83.724365 1.1846896 11.351469 12.5035305 218.09694 -19.894081 -74.32693 -40.115887 12.914866 791.2363 
137.5 1169.8291 -71.87695 -28.800861 -148.13287 -26.622515 571.26697 -145.45366 -35.57038 -10.002355 46.266777 259.23004 -88.05967 -130.1198 -62.06074 79.120544 734.6312 
138.5 1141.8241 -94.2812 -22.36189 -73.53103 -81.3108 554.4227 -90.19385 -38.97117 3.845126 -6.2716217 240.5601 -115.773766 -73.6645 -29.453815 76.20162 712.97253 
139.5 993.6743 -6.2616453 -17.516546 -33.032494 1.9180956 393.58197 2.6818078 -30.80235 41.079754 -63.750885 125.22838 -136.76782 -25.455233 -14.962795 63.099197 627.1765 
140.5 906.39685 -2.842113 -83.09925 -60.08641 46.37332 386.56012 2.4681115 -9.553032 65.08858 -67.25513 67.36841 -114.91881 -42.41702 -3.9181926 73.201195 487.27722 
141.5 964.173 -10.363061 -105.438065 -45.303776 20.067444 503.58148 -43.047733 51.02604 27.920311 -55.124187 135.24625 -44.9907 -27.2703 73.35734 34.976154 486.89673 
142.5 874.4233 10.352992 -61.167793 -18.325253 7.743126 463.59616 -85.53545 80.60983 7.125134 1.7680908 152.19391 -87.97118 1.9111218 138.01503 49.79298 460.68466 
143.5 660.89526 -11.326104 -57.700466 -22.687872 -5.6940804 298.85632 -40.09113 63.604866 65.18582 0.6570016 48.858566 -162.11377 23.907509 138.02036 89.632866 313.41257 
144.5 679.457 -26.90515 -103.48065 -27.27169 -4.051837 279.77258 39.666946 51.914867 102.55438 -70.71099 -17.688803 -125.95803 25.482359 101.338806 48.461098 290.68082 
145.5 805.9558 -41.198376 -112.8982 -3.987566 -7.5271263 403.81738 0.15840042 37.925438 51.426804 -30.48333 15.571469 -113.974174 14.878195 64.400955 51.395184 342.6193 
146.5 768.82904 -79.56742 -54.387768 1.88481 -70.826294 385.8476 -58.42984 29.600258 1.2100536 42.23518 -5.0303354 -165.65375 12.51366 80.963066 105.61035 304.74475 
147.5 686.93805 -76.13055 -38.60051 -63.09285 -104.80908 233.95686 -41.97086 61.296715 46.841846 29.014141 -112.46189 -138.39403 -39.239754 134.42563 90.84975 264.3264 
148.5 672.4157 -50.886715 -114.71658 -76.67885 -67.28039 182.20412 -36.81349 107.64496 112.929115 28.854515 -174.18166 -62.118942 -63.34487 147.98228 50.074993 249.2947 
149.5 682.0016 -69.45084 -145.17749 -2.3461654 -66.70933 173.98613 -66.11376 101.5144 119.35316 67.721695 -185.95892 -25.458632 -3.3554323 116.984604 11.310522 257.03946 
150.5 709.8778 -76.25437 -72.019455 17.847563 -83.78897 145.94157 -74.37704 76.00067 103.8728 84.762505 -161.09697 -23.396315 20.257921 94.83051 1.975862 332.65952 
151.5 762.8144 -70.8629 -6.9209204 -19.54023 -84.487076 172.99524 -83.72096 118.73916 70.08231 92.371414 -119.080284 -43.703465 -11.64293 109.17586 48.741837 399.2466 
152.5 841.4026 -110.418785 -13.967504 -38.358753 -114.637924 184.6675 -142.67407 145.95415 39.482716 117.40685 -156.08397 -26.763235 -46.42167 109.5814 56.20566 422.9607 
153.5 883.3678 -75.56908 -66.69812 -16.679672 -69.449715 170.43272 -157.04404 84.23464 78.43321 118.7547 -168.26474 16.598818 -48.324413 56.33007 35.15939 456.74606 
154.5 851.90485 65.09077 -113.37127 33.06131 39.013332 201.3994 -97.320915 56.01708 96.82547 108.29688 -85.97482 -24.546907 9.3373375 30.22355 58.473595 473.01187 
155.5 840.46674 91.824554 -122.46178 60.180157 9.758054 244.95036 -53.570496 76.312874 39.709797 90.12423 -50.448116 -66.6724 37.44021 30.868418 58.855316 459.197 
156.5 871.39636 -26.418255 -79.426186 55.830048 -92.80046 272.78116 -29.185081 49.449722 36.341072 18.99099 -52.064617 7.8095427 -4.956144 -35.427746 33.71246 460.8606 
157.5 966.5696 -92.24623 8.867745 22.429497 -86.56129 213.0923 -37.307907 -0.72049916 58.66396 11.56992 -144.02652 40.731632 -26.943687 -78.31907 26.409363 521.1184 
158.5 1252.3398 -24.669216 -49.652023 -127.830376 2.1300132 26.01923 -83.66685 -42.034737 74.70174 143.4197 -470.39505 -23.3108 -109.85553 -17.708448 -1.9398873 677.0154 
159.5 1591.6814 94.13442 -294.1774 -236.74985 56.847168 -45.305103 -166.82596 -110.28594 196.80292 267.11725 -734.21234 -8.471272 -242.58594 -51.864353 51.304 788.1024 
160.5 1754.7722 151.51065 -333.21738 -73.42518 24.999447 136.96791 -311.67303 -211.46466 280.33566 309.57346 -653.002 64.1975 -216.63988 -246.76125 154.35587 763.8572 
161.5 2165.9272 156.23172 -167.14621 39.02199 73.04455 139.03804 -557.18756 -188.98575 172.26904 557.20026 -603.0352 72.19673 -182.46513 -261.43158 70.301384 1207.7458 
162.5 2913.0205 189.24292 -319.17938 -107.48459 342.7469 -329.33643 -828.02356 13.40484 142.54007 960.3953 -787.82965 112.278175 -291.14243 -53.969627 13.236318 2200.175 
163.5 2999.7795 150.41293 -586.44556 -106.27639 378.8755 -542.22363 -840.3019 18.26084 316.57443 730.4467 -755.44653 166.47139 -304.56668 -45.63036 208.70393 2342.6682 
164.5 3022.2854 -18.946978 -459.59045 337.9904 -49.687054 135.55034 -716.385 -106.19736 306.627 176.98633 -619.0653 -49.447346 -18.006954 -79.79129 364.41846 1802.6737 
165.5 4723.1235 161.54526 -548.5489 1024.8483 10.239743 893.46497 -690.1695 636.44165 57.41511 542.05115 -1127.6398 -470.49997 439.482 483.7833 527.1178 2330.123 
166.5 6659.193 1035.0443 -1003.37067 1398.5178 908.5378 1220.4565 -380.86093 2190.612 91.58951 1338.1038 -1814.7473 -766.638 563.1147 1410.3103 987.9927 2828.6904 
167.5 6993.268 1876.6589 -624.10895 1047.4636 1588.0583 2342.0183 92.05379 2719.62 422.64117 1628.0608 -1370.8798 -880.3081 131.56352 1585.4025 1374.1799 1994.808 
168.5 7970.94 2164.473 314.60214 215.64406 2042.0197 4432.9155 344.17346 1428.8568 248.21596 1537.415 -364.76172 -748.5412 -310.58588 464.73462 1398.7798 2207.097 
169.5 10835 2656.5051 607.5686 -475.55008 3001.662 5609.676 1001.879 -324.21216 -981.99677 263.93024 -792.71967 -780.0607 -374.66724 -1048.8555 1619.6252 3794.5125 
170.5 12906.389 3246.0745 918.22144 -570.4751 3490.339 5620.944 1431.522 -1186.4388 -2505.8816 -1835.508 -2630.6868 -1880.6046 -274.2579 -1499.0215 2303.709 3665.2988 
171.5 13109.221 2627.732 1065.7407 25.759354 2717.5251 5948.362 -5.700939 -937.3627 -2590.8354 -1610.8318 -3672.8918 -3083.951 -191.09134 -972.2146 2683.157 2470.5923 
172.5 12528.547 1404.4424 -727.4743 929.2811 1810.2726 5909.4663 -1392.2009 -206.42041 -935.96594 543.65125 -2932.0325 -2553.3713 -343.13144 -972.076 2282.7686 2953.1968 
173.5 10857.109 975.2446 -2703.934 1455.1166 1169.7924 4022.8315 -112.13553 363.49982 255.53476 416.68835 -1598.316 -1409.519 -852.74524 -1423.096 1627.7555 3921.7585 
174.5 8275.312 669.14233 -1870.2582 1187.4589 481.34656 1664.0815 1514.2144 1254.2754 -180.88379 -1504.5107 -720.3516 -1052.2108 -1107.51 -568.5145 743.79724 3864.4207 
175.5 6488.8296 147.74084 -240.34418 429.2004 486.96368 840.7269 787.9452 2422.3616 -569.7665 -1417.8783 -388.63425 -67.61586 -817.1745 996.7244 -553.62744 3588.3657 
176.5 5644.061 348.209 -472.427 134.69646 691.3027 1255.513 -636.95184 1722.493 -233.90349 109.87714 -671.9381 1319.489 -790.3575 343.27347 -909.9599 2353.1797 
177.5 5181.9077 812.11414 -1007.21124 1022.076 -178.07492 1694.9675 -772.4137 -848.68427 -303.95407 504.41925 -1317.7618 966.2547 -1003.93005 -2000.3969 231.30634 180.26923 
178.5 5966.9966 579.8468 -537.6747 2698.0017 -779.6735 1589.5378 -60.181187 -1688.751 -472.0843 283.70386 -1509.738 -77.88165 -207.05997 -2204.2673 818.14923 645.5436 
179.5 7544.862 83.221466 -56.790447 3996.4058 -171.15036 1192.9004 519.798 -325.28146 -99.39545 525.57416 -1191.6842 -74.79835 1211.1064 -383.22745 169.435 3536.8794 
