0.25 1493721.1 321.07727 96.82622 12157.264 323.0539 1493320.1 3014.9805 -22.533875 88.29709 -3014.9536 1493320.3 -375.984 12575.071 26.170025 378.7068 1493037.3 
0.75 1426608 2670.8325 808.01624 11862.26 2687.7544 1426174.5 3963.3865 -156.55748 734.52124 -3961.3904 1426168.5 -3168.163 12235.062 188.41995 3190.0496 1425922.4 
1.25 1302728 6358.137 1935.012 11051.022 6400.2275 1302266.8 5297.66 -225.95628 1751.3026 -5284.745 1302228.6 -7664.361 11358.052 307.401 7713.166 1302024.1 
1.75 1139904.1 10008.805 3020.139 9419.933 10077.261 1139431 6299.091 -40.159145 2724.426 -6261.5664 1139323.4 -12147.929 9666.795 172.97617 12217.768 1139157.4 
2.25 958704.8 12657.252 3660.4653 6819.313 12743.775 958180.75 6546.9775 373.1257 3308.5215 -6476.987 957984.7 -14959.795 7017.773 -218.78702 15040.417 957895.3 
2.75 778075.8 14031.869 3687.8455 3475.3572 14124.591 777374.4 6062.5674 758.7451 3374.4746 -5967.207 777117.7 -15195.882 3624.341 -639.9716 15286.077 777202.3 
3.25 612640.4 14285.184 3220.6372 34.72262 14377.208 611620.56 5100.305 840.0332 3026.9438 -4999.679 611363.2 -13037.164 122.1158 -812.7034 13149.66 611718.94 
3.75 471694.3 13566.036 2558.2231 -2659.0222 13657.774 470331.38 3862.6113 551.0561 2497.8213 -3777.2886 470126.2 -9557.578 -2637.0898 -631.9288 9708.126 470744.75 
4.25 359243.75 11874.042 1990.5417 -3967.3762 11966.273 357702.34 2424.985 91.22591 1998.7488 -2363.0464 357560.2 -6126.446 -3991.4185 -240.6317 6312.8857 358281.72 
4.75 274515.84 9261.315 1651.4219 -3787.625 9346.349 273083.56 879.6102 -233.32666 1631.9395 -833.59045 272972.72 -3745.122 -3820.5903 88.70635 3934.436 273559.06 
5.25 212866.98 6091.122 1495.2166 -2587.314 6153.794 211779.38 -525.3683 -234.98245 1390.1233 569.56885 211657.63 -2670.0244 -2596.7876 152.12402 2808.2527 211949.97 
5.75 167344.14 3047.0813 1386.4597 -1121.511 3077.6997 166641.06 -1443.3134 44.29184 1215.468 1493.4729 166492.02 -2475.9177 -1098.921 -63.235462 2518.854 166522.9 
6.25 130890.13 848.9277 1215.8789 -24.143898 855.64514 130414.94 -1651.518 400.33124 1054.3673 1702.489 130259.016 -2460.9978 14.695131 -402.85007 2403.858 130225.3 
6.75 98617.47 -120.00251 961.0897 464.7624 -111.687775 98153.49 -1220.2651 623.2561 877.85114 1258.5269 98026.266 -2123.018 494.95163 -662.3463 2005.0554 98140.02 
7.25 69177.91 -15.16169 674.4705 502.02322 21.349129 68607.01 -491.0964 620.4404 678.2511 506.1792 68523.98 -1422.5586 507.30743 -709.56024 1300.4838 68862.31 
7.75 44507.56 570.73596 429.81216 416.00436 643.65845 43865.164 111.42165 435.30865 464.30344 -117.97126 43802.47 -698.9474 396.2723 -539.6936 608.6758 44274.145 
8.25 27965.91 961.96985 273.3432 429.10028 1053.43 27367.553 290.49045 184.62312 260.2733 -305.50836 27274.768 -334.71988 395.67236 -252.42072 270.7385 27717.93 
8.75 21807.191 803.8695 204.51378 510.7077 879.9044 21327.713 -0.46353424 -22.854317 100.426674 -7.1276426 21164.336 -443.5652 475.95383 19.771511 371.0108 21481.818 
9.25 25290.063 251.34534 187.65933 453.20587 283.1501 24901.502 -552.9349 -136.83467 13.894443 561.6343 24669.627 -810.97595 422.7463 185.22946 699.2125 24889.871 
9.75 34473.855 -199.24718 180.58896 103.30692 -216.40634 34081.89 -1009.1407 -170.38196 9.073029 1032.8003 33828.63 -1098.3796 75.414764 228.54573 949.0231 34057.49 
10.25 43818.855 -123.73003 161.77228 -446.79245 -166.5907 43349.37 -1054.6731 -170.43283 70.637764 1086.1892 43135.133 -1106.2494 -475.36984 194.2419 954.9766 43456.66 
10.75 48689.36 484.39374 140.16985 -889.28406 451.8695 48144.77 -616.24005 -176.96576 170.53836 649.135 48000.188 -881.7656 -916.2252 139.5812 774.4937 48413.95 
11.25 47331.1 1202.8555 141.22144 -947.32825 1204.4122 46777.29 72.73908 -195.36266 280.45477 -41.647713 46680.594 -628.3598 -962.4729 95.26949 591.1516 47115.676 
11.75 41216.703 1497.5576 180.70784 -621.90326 1527.6489 40725.875 620.2799 -198.14697 375.8196 -592.67145 40618.4 -532.41925 -612.62836 59.163624 556.0588 40995.62 
12.25 33644.992 1106.3698 243.92757 -199.26347 1135.9052 33248.594 748.7658 -154.47807 430.652 -726.87634 33078.03 -639.76685 -160.00262 18.385477 688.34375 33361.96 
12.75 27541.121 211.18265 289.1923 0.23317719 212.14992 27224.98 474.5782 -65.02532 418.38913 -460.53827 26984.928 -832.8293 61.667534 -26.347763 867.9512 27191.438 
13.25 23853.691 -690.08514 275.9593 -105.38575 -721.94696 23584.273 49.175217 27.730692 327.74838 -42.772827 23320.613 -903.59924 -40.722397 -56.162563 906.5817 23489.457 
13.75 21487.799 -1096.8419 197.91045 -323.5037 -1141.0374 21237.871 -266.3086 67.50334 183.09859 268.3861 21015.426 -696.7215 -275.95715 -50.971 674.5309 21179.549 
14.25 18655.648 -809.7031 93.26987 -405.2402 -841.16534 18409.973 -381.72794 31.736795 44.662468 384.27844 18262.662 -254.90575 -385.92328 -11.253289 228.62822 18436.53 
14.75 14572.949 -58.648872 20.471302 -288.1256 -69.070305 14320.056 -377.18558 -42.396214 -23.202888 384.33243 14221.402 151.80682 -294.1221 35.66102 -164.91977 14407.252 
15.25 10221.032 626.8873 16.536207 -131.9592 625.9031 9948.132 -371.32404 -81.639015 4.431075 385.49805 9826.158 188.05513 -149.6474 52.315144 -185.62263 10023.793 
15.75 7613.3267 756.1284 72.24209 -139.40889 748.1412 7311.0723 -404.28214 -35.255936 95.08633 426.083 7099.3237 -278.9096 -153.07329 18.474989 285.6725 7309.7813 
16.25 8139.2046 221.21356 143.10707 -351.25598 201.20525 7808.787 -422.34735 81.06569 183.41266 450.34518 7497.179 -1025.6246 -351.67514 -53.938046 1021.14417 7721.183 
16.75 11291.679 -608.60046 183.101 -600.2141 -632.07184 10944.55 -342.6099 195.43166 216.60721 373.2352 10591.768 -1593.2394 -588.6289 -130.54433 1567.302 10828.459 
17.25 14828.3125 -1147.5906 171.56607 -646.3629 -1163.6635 14478.982 -132.5825 235.42813 183.48332 160.9382 14174.585 -1613.876 -632.03577 -178.5497 1567.504 14421.868 
17.75 16311.676 -1034.9622 116.7915 -372.8769 -1042.2544 15971.843 145.45065 181.64677 110.19424 -123.82845 15772.907 -1088.1154 -366.0758 -184.30292 1034.5643 16026.719 
18.25 14872.043 -413.75964 44.145866 108.92774 -421.70834 14550.579 354.91348 76.32863 36.24734 -342.3028 14438.085 -393.4444 103.949326 -153.83833 353.09988 14689.918 
18.75 11806.8955 178.30637 -18.168917 524.134 157.74995 11511.85 372.9586 -12.646899 -8.992071 -368.48914 11400.329 -16.154158 511.40506 -104.714424 5.949587 11637.203 
19.25 9525.324 223.66458 -50.243668 631.0589 185.35121 9261.813 193.19885 -39.922764 -18.524868 -192.96808 9058.905 -205.91595 618.99915 -58.677364 228.08612 9269.412 
19.75 9644.774 -379.37283 -49.208645 406.37576 -431.00974 9409.771 -50.56173 -7.6415224 -7.1264696 52.058537 9084.44 -798.7842 400.9809 -35.396927 837.80084 9267.47 
20.25 11737.913 -1241.2694 -31.361782 62.658657 -1296.6155 11518.914 -181.12439 44.662132 1.7017522 188.29019 11127.113 -1333.6461 63.212864 -43.171844 1365.7084 11294.732 
20.75 13718.668 -1776.6823 -21.436975 -130.30972 -1827.6334 13500.3 -118.33633 72.80308 -4.8412137 131.8113 13145.64 -1386.3729 -129.9307 -71.38326 1395.1934 13315.234 
21.25 13554.508 -1644.0822 -34.53083 -68.24394 -1687.7382 13328.518 67.86807 58.541767 -19.555664 -51.46054 13085.028 -888.07184 -74.56192 -94.85694 874.49475 13266.215 
21.75 10932.966 -998.39246 -66.15059 126.66062 -1036.1584 10702.98 236.33272 16.042398 -26.785208 -221.4256 10558.562 -187.25456 110.79759 -90.48593 165.4643 10746.261 
22.25 7544.9326 -364.3558 -98.8638 256.47623 -398.9196 7321.7197 296.19083 -28.722172 -22.71356 -284.41513 7187.2856 207.57411 232.22688 -52.741577 -222.86986 7367.3936 
22.75 5758.7217 -225.79994 -116.81702 246.90985 -259.61008 5549.683 255.73857 -64.575134 -19.093048 -244.7647 5327.838 16.877556 217.37413 4.335429 -21.16867 5490.805 
23.25 6754.8667 -652.8036 -114.04902 193.20596 -689.13086 6555.8433 179.3217 -99.9877 -24.306292 -165.51299 6215.6304 -596.99524 162.05606 57.33617 597.26373 6366.3374 
23.75 9621.03 -1264.8618 -94.11981 224.0814 -1309.0134 9416.793 123.435104 -141.53471 -26.78915 -105.50515 9016.599 -1165.2015 195.93053 86.65076 1160.8752 9172.339 
24.25 12108.616 -1554.0543 -67.25411 345.66974 -1611.2969 11882.796 109.96207 -172.59433 -5.0796013 -89.87677 11525.133 -1279.6954 326.08786 86.39274 1268.4949 11702.9795 
24.75 12390.989 -1290.9688 -47.54428 430.35422 -1361.17 12139.465 130.15498 -161.3108 43.755276 -110.26373 11894.23 -891.26166 423.53848 67.76587 880.439 12097.159 
25.25 10379.642 -678.46564 -45.574043 351.43524 -751.64026 10117.546 153.98305 -92.94256 92.06094 -133.12105 9972.428 -314.39758 356.94293 50.190582 313.72003 10184.184 
25.75 7597.1104 -153.97617 -59.264988 122.45438 -212.56625 7352.2417 148.55945 7.0655293 102.530396 -121.20037 7225.145 32.872475 134.5446 41.805218 -21.920753 7418.4375 
26.25 5847.5103 -41.918915 -73.5375 -90.2196 -70.83738 5641.939 113.279976 86.01366 62.596043 -73.47326 5442.793 -67.67563 -79.00813 25.722023 79.35443 5597.1426 
26.75 5865.347 -346.01883 -73.77686 -92.9486 -344.29843 5696.784 101.89096 102.29179 -1.0962406 -49.517624 5392.0684 -504.72177 -86.87023 -26.695496 502.00546 5511.149 
27.25 6984.761 -801.77295 -60.510143 173.33347 -786.05786 6821.318 189.04655 55.96424 -40.76555 -133.0043 6456.7783 -942.0326 174.70985 -119.986176 919.7864 6573.3076 
27.75 7898.656 -1084.9132 -47.989685 563.15356 -1079.9899 7692.799 391.84045 -11.155823 -23.186306 -346.10608 7361.639 -1059.5099 561.4915 -212.55016 1029.4589 7523.4473 
28.25 7716.0347 -1001.2495 -47.401794 813.917 -1023.4265 7431.0435 619.56134 -43.297173 42.08991 -593.55676 7210.3276 -768.3998 807.60034 -240.80376 751.3118 7452.893 
28.75 6489.2803 -570.64465 -54.37769 740.07623 -616.8094 6122.7017 716.29144 -8.046764 102.313446 -706.4401 6017.183 -274.9023 724.128 -176.19382 284.52643 6339.096 
29.25 5016.924 -14.42063 -56.230427 387.4668 -65.69712 4605.696 581.3133 78.82641 95.97721 -570.8534 4531.525 39.68224 359.0761 -62.242096 -7.0848036 4890.9736 
29.75 4304.3057 332.77426 -51.5958 11.781228 295.98337 3905.6682 276.8714 159.91846 4.6853356 -245.12364 3726.4443 -146.35866 -23.6792 8.635467 183.69693 4064.4282 
30.25 5090.649 186.91066 -60.174847 -117.89899 171.0331 4747.9473 27.42885 177.0676 -119.849686 37.331024 4351.521 -875.52875 -147.25043 -35.030506 897.3961 4628.561 
30.75 7527.6865 -483.85513 -108.60854 67.462204 -487.77264 7242.4316 82.55069 119.8584 -189.15439 9.785652 6622.0767 -1834.5837 56.755234 -182.69792 1830.6946 6843.34 
31.25 10955.608 -1345.765 -200.43814 390.3643 -1352.3386 10687.213 518.63007 37.71797 -154.57361 -419.57925 9973.138 -2489.3755 399.9892 -339.40955 2463.675 10182.879 
31.75 13936.919 -1820.4462 -295.82294 586.3628 -1837.9812 13633.644 1129.8054 -2.7047782 -57.7808 -1049.4868 13031.882 -2399.7786 604.3058 -389.37125 2365.9082 13279.37 
32.25 14859.876 -1456.2524 -326.28754 525.6315 -1481.8167 14499.869 1532.7236 20.5596 1.8004589 -1486.7932 14150.644 -1562.2909 534.58514 -284.9615 1534.2128 14452.074 
32.75 13056.933 -337.15488 -246.53912 303.81128 -361.26184 12665.666 1454.4839 63.90813 -40.361385 -1439.2458 12509.437 -538.05695 294.90955 -95.69081 521.5474 12836.209 
33.25 9678.639 815.3731 -87.62967 134.8625 799.93445 9304.837 987.4732 60.890556 -149.65439 -981.6069 9074.169 -176.6732 115.51718 30.872435 166.79176 9379.781 
33.75 7331.253 1051.0248 42.97012 154.33665 1043.8784 6999.086 564.09015 -12.225985 -222.11105 -541.43463 6384.27 -1008.99866 143.02701 -18.676426 994.6696 6649.755 
34.25 8295.078 -80.95576 35.37454 309.32452 -86.182205 7975.616 617.17694 -110.546036 -182.1913 -562.387 6869.226 -2721.0388 320.7578 -223.19038 2692.6067 7126.658 
34.75 12511.161 -2034.4105 -125.782524 422.78455 -2044.743 12143.894 1191.957 -157.2737 -56.33823 -1108.5535 10771.165 -4207.953 455.2183 -431.44315 4162.1064 11078.972 
35.25 17143.234 -3505.9233 -332.58252 363.5458 -3525.675 16693.55 1866.3579 -109.46077 46.615295 -1773.0541 15490.478 -4327.8276 398.98953 -481.18726 4268.1816 15877.184 
35.75 18496.371 -3375.096 -434.30603 164.63988 -3406.582 17996.943 2086.3804 2.2651582 31.406128 -2006.5006 17293.258 -2849.272 182.46567 -333.82736 2784.9224 17720.865 
36.25 15026.85 -1656.1006 -363.3154 -15.190692 -1701.2263 14559.489 1639.3893 91.802 -95.34712 -1591.2328 14304.898 -784.2436 -22.146206 -102.83678 727.76154 14691.718 
36.75 8930.57 377.02737 -190.27136 -47.28381 317.80612 8558.648 842.1702 81.856834 -222.6195 -833.72974 8328.666 293.2643 -67.77613 48.957275 -330.36838 8617.378 
37.25 4715.2764 1118.4653 -56.669548 41.80761 1048.4515 4426.2725 271.82318 -32.090076 -225.60094 -298.6914 3732.1475 -518.9454 27.063108 44.64391 504.09814 3942.7134 
37.75 5683.4463 -78.463036 -49.874054 95.53254 -153.1218 5396.3823 284.0019 -171.53006 -75.35193 -330.20926 4067.5234 -2677.6072 97.5998 -60.157906 2674.5012 4283.7593 
38.25 11207.147 -2332.017 -138.00436 -20.996277 -2406.7197 10840.293 748.3491 -233.6622 129.17957 -792.33563 9170.043 -4576.179 -6.6298227 -148.4807 4566.688 9469.812 
38.75 17165.533 -3908.5771 -215.87834 -288.8636 -3982.9084 16702.602 1211.4202 -175.73653 241.97617 -1237.0801 15231.134 -4809.685 -275.429 -148.70306 4783.177 15623.573 
39.25 19254.543 -3601.0742 -209.70421 -551.47424 -3675.6272 18750.047 1300.1338 -49.24021 191.79565 -1307.3945 17856.633 -3278.863 -549.05054 -80.26222 3243.4187 18282.172 
39.75 16374.564 -1653.5369 -132.31732 -658.2141 -1725.3475 15898.301 997.4491 43.943844 40.69292 -1001.52673 15533.408 -1210.9584 -668.6561 -8.176529 1188.6217 15922.299 
40.25 11267.826 526.7123 -59.782936 -597.6436 462.87326 10845.33 577.0402 37.832863 -84.815056 -597.46246 10610.817 -117.73251 -619.22766 24.541395 125.74333 10941.639 
40.75 8011.287 1556.6422 -50.778084 -490.0263 1500.6278 7614.226 328.72217 -54.528202 -104.655235 -374.2714 7103.9497 -595.9405 -521.54675 27.335241 631.55536 7410.8257 
41.25 8692.078 1118.6174 -94.97855 -459.57687 1060.5079 8277.971 344.10925 -165.42882 -37.158028 -406.12115 7382.691 -1972.0719 -497.33136 32.69976 2014.9103 7712.8516 
41.75 12099.903 22.843029 -130.0478 -519.2854 -50.100967 11654.213 515.37054 -227.11835 45.84741 -573.92426 10591.553 -3002.7188 -552.7017 50.5085 3031.3462 10960.741 
42.25 15259.501 -623.289 -105.74609 -577.63934 -713.2605 14800.0205 672.87976 -205.93445 92.400055 -710.5092 13886.895 -2931.3203 -594.17377 56.67877 2937.7432 14273.445 
42.75 16096.959 -316.32782 -33.15126 -545.43945 -409.2324 15645.541 705.23376 -108.486565 93.45552 -718.0375 15042.101 -1978.5963 -543.763 25.460567 1969.4666 15416.896 
43.25 14819.12 617.16223 26.635414 -425.29523 541.95856 14377.586 588.8603 20.421206 57.0932 -588.1843 14014.811 -953.4959 -422.03558 -32.603268 941.0374 14370.285 
43.75 13122.25 1504.9314 22.186275 -298.37567 1457.1459 12675.93 369.85983 108.28995 -8.655048 -374.61017 12378.391 -482.40265 -317.14883 -72.06954 475.7725 12729.134 
44.25 12409.52 1944.159 -38.23497 -236.63757 1913.4988 11947.189 144.83069 92.79956 -80.09875 -170.0151 11591.943 -594.9424 -287.36816 -55.53978 597.5657 11953.59 
44.75 12801.31 1993.138 -94.68415 -236.31609 1956.9442 12324.957 26.892456 -24.080933 -110.24929 -75.22322 11891.09 -928.6968 -305.39984 6.2910533 939.2915 12265.132 
45.25 13564.798 1908.526 -92.67855 -231.92508 1849.2192 13079.793 74.99562 -160.07927 -64.993454 -135.64514 12590.757 -1184.6759 -293.4677 61.08375 1198.7101 12971.049 
45.75 14092.02 1828.1655 -33.096313 -162.00679 1746.3777 13593.134 230.97224 -210.29228 29.809378 -285.26642 13059.596 -1322.922 -198.94064 62.12154 1334.3243 13448.518 
46.25 14343.211 1729.6744 32.04076 -23.179941 1642.0117 13815.338 344.17572 -136.33746 98.052826 -375.1079 13245.129 -1409.8269 -37.439545 8.947457 1413.399 13657.747 
46.75 14499.866 1610.6038 49.594933 131.06325 1535.1797 13934.156 292.65817 2.9828792 83.51915 -294.0661 13370.193 -1420.8696 125.79468 -58.48744 1413.784 13818.881 
47.25 14551.107 1581.1279 11.637577 230.66957 1522.4319 13958.008 91.56369 109.76067 6.675173 -72.41103 13467.8545 -1281.1198 222.97731 -97.25999 1261.5728 13945.044 
47.75 14345.265 1736.5432 -42.19969 238.62215 1682.075 13749.636 -123.62828 134.50412 -58.20536 143.31915 13364.445 -1035.081 225.9884 -93.239136 1001.24066 13843.888 
48.25 13918.224 1991.1311 -64.216774 178.4045 1922.498 13339.868 -227.72675 102.14487 -61.839973 229.04793 13017.507 -858.29364 163.6552 -61.18871 810.65094 13475.485 
48.75 13538.045 2127.1099 -41.024094 119.998665 2035.702 12976.09 -212.22427 65.81493 -24.302668 190.06206 12641.207 -857.1841 105.61293 -26.996729 801.68567 13077.059 
49.25 13373.702 2033.0316 -1.9740925 124.56963 1926.3823 12809.86 -162.81296 50.217842 0.82237244 128.21715 12428.947 -923.789 111.00605 -9.345148 869.6456 12863.763 
49.75 13269.519 1843.9641 12.077332 189.99504 1737.0573 12686.341 -150.52592 45.526173 -7.2397995 119.33801 12290.669 -867.38947 176.77457 -11.308897 819.43884 12745.825 
50.25 12920.794 1779.2554 -10.422069 247.28253 1680.0112 12317.062 -161.16777 36.752033 -21.414474 139.1547 11951.856 -674.0344 233.67017 -19.9934 627.51184 12429.345 
50.75 12378.195 1891.5779 -40.545326 243.25577 1795.1151 11765.723 -146.95802 28.77791 -10.329746 126.66046 11431.688 -546.4413 227.57355 -20.334139 492.73444 11917.281 
51.25 11986.975 2004.8999 -41.954983 200.47421 1900.941 11374.454 -100.229065 30.869043 15.737549 72.49141 11035.15 -649.96387 181.6084 -8.382396 587.81256 11517.855 
51.75 11987.202 1959.9895 -13.350559 200.66748 1844.6752 11370.388 -71.21869 44.52704 20.120861 36.89063 10998.49 -900.50037 179.44717 3.985073 839.386 11483.438 
52.25 12230.325 1814.2013 5.842481 276.94138 1692.6462 11599.347 -110.742676 64.78657 -9.94442 78.53526 11177.992 -1115.5884 254.63132 8.607394 1066.3595 11677.848 
52.75 12507.081 1700.432 -19.660473 349.73035 1578.8246 11861.489 -213.51253 88.27639 -43.468925 187.12535 11325.566 -1359.1025 324.20456 18.3875 1322.1023 11841.639 
53.25 13101.276 1526.1777 -72.78597 305.69916 1403.5231 12452.3545 -320.88474 108.36102 -42.95382 293.01758 11673.56 -1966.3077 270.84494 52.95374 1931.4004 12191.147 
53.75 14690.869 1005.6329 -92.228516 151.09492 874.4897 14044.131 -372.44144 108.14186 -12.507483 334.58234 12953.131 -3069.9526 102.22418 102.639755 3028.4368 13460.835 
54.25 17382.813 147.39322 -37.402603 50.49465 1.8622303 16720.627 -356.71036 74.88124 3.9261932 313.03275 15476.754 -4158.5645 -9.919234 121.85967 4111.992 15988.448 
54.75 19968.797 -380.41183 56.379646 164.02779 -538.9743 19257.549 -328.24554 26.44044 -25.021568 295.49283 18222.664 -4380.107 100.17629 77.38114 4335.4443 18773.55 
55.25 20616.889 291.8873 98.39694 435.6687 127.20031 19839.37 -369.7353 9.501436 -74.89403 362.05228 19239.48 -3535.327 374.48608 1.1659636 3493.489 19852.752 
55.75 18821.246 2143.2756 28.10791 587.8131 1978.6505 18003.271 -513.0127 56.456223 -80.259445 529.11255 17528.072 -2725.923 529.9792 -26.432947 2680.0718 18183.328 
56.25 16647.678 3707.5833 -118.21131 376.59592 3544.263 15847.481 -671.49884 143.71625 -0.21576977 697.7432 14657.406 -3659.538 323.31522 37.4509 3606.298 15297.201 
56.75 17475.432 3037.9937 -227.62637 -127.58791 2872.8157 16739.781 -684.97644 205.80833 131.25526 708.93646 14074.329 -6931.5234 -167.20398 137.94841 6879.9077 14648.512 
57.25 22813.902 -359.4488 -207.49261 -546.6694 -530.72754 22137.73 -484.69788 195.97942 222.08821 501.65833 18096.07 -10936.377 -561.03845 172.07596 10900.52 18606.7 
57.75 30150.047 -4517.074 -59.0647 -517.308 -4695.866 29479.568 -205.86874 132.40532 204.75865 217.65225 25210.254 -12807.528 -504.02634 92.796165 12788.516 25711.457 
58.25 34377.105 -6282.8623 114.93857 -47.914303 -6465.08 33654.88 -109.51563 75.18074 104.22511 118.757904 30598.885 -10879.538 -22.051243 -31.334896 10860.067 31150.346 
58.75 32028.31 -4040.095 195.6268 462.6994 -4217.2207 31240.48 -313.46487 68.80053 26.64222 326.04477 29970.625 -6420.085 479.84753 -88.61115 6381.6064 30586.803 
59.25 24598.326 649.9661 140.91814 578.61237 485.41208 23782.139 -641.24493 110.925705 62.171783 670.2124 23470.275 -2831.5325 579.2668 -38.150814 2777.4 24112.219 
59.75 17313.592 4232.394 14.318553 224.6275 4080.3057 16522.086 -763.84216 169.55905 191.01076 824.30035 15590.605 -2761.199 221.27702 51.371975 2718.2307 16204.918 
60.25 14797.702 4166.2188 -68.23978 -256.9638 4017.9885 14056.716 -550.18475 218.59688 295.58975 645.5979 11471.501 -5912.894 -244.29784 82.44596 5905.168 12036.438 
60.75 17214.285 983.42773 -33.316143 -444.2187 828.8298 16507.928 -198.08266 249.16652 272.96747 312.42355 12580.204 -9436.2295 -406.2987 27.713192 9457.336 13117.969 
61.25 20693.43 -2485.431 94.70127 -225.0316 -2648.12 19987.244 -33.214653 262.3988 138.60223 140.23285 16014.638 -10519.565 -168.68747 -55.746056 10535.809 16562.463 
61.75 21205.955 -3760.8887 220.98148 141.46034 -3920.6692 20481.57 -173.47723 262.0859 7.0553184 256.63678 17651.662 -8629.105 202.95714 -98.357315 8612.009 18225.105 
62.25 17910.59 -2609.5195 262.59897 318.799 -2750.817 17175.68 -443.11407 255.1536 -26.786964 505.94632 15762.244 -5454.0156 375.70316 -85.68401 5410.6685 16348.8955 
62.75 13047.12 -625.6507 209.9435 209.31332 -740.69025 12324.778 -585.01337 248.55548 26.351433 643.5584 11780.659 -3026.7058 255.20831 -56.866203 2993.6902 12356.681 
63.25 9201.278 618.6481 118.2434 -19.591875 522.20087 8510.605 -513.1239 239.09128 83.64667 577.79987 8153.3755 -2062.419 8.071769 -46.04143 2068.99 8704.153 
63.75 7131.1143 807.8066 49.66916 -162.64722 712.74 6479.181 -328.7713 214.0949 89.503456 395.90363 6016.2744 -1934.0393 -157.89859 -48.588078 1971.3835 6539.714 
64.25 5970.086 567.923 27.667803 -163.67305 463.4546 5356.6924 -161.89186 170.50014 62.1036 222.49234 4865.2256 -1787.4844 -175.59134 -45.019817 1817.2473 5361.896 
64.75 4820.2026 442.40936 36.623867 -92.15713 332.88293 4233.608 -49.870644 127.12472 45.06063 102.047424 3840.508 -1378.6698 -102.70483 -34.475025 1370.4253 4316.883 
65.25 3643.6306 427.87338 51.947456 -16.052029 328.28146 3062.726 16.96933 110.13429 46.455326 32.884094 2762.2034 -956.4766 -8.4416485 -34.187683 916.9416 3232.8613 
65.75 2823.641 318.07904 59.116997 44.77024 236.52013 2223.7878 27.81136 124.76 38.600086 22.768614 1952.7023 -710.3508 71.312675 -49.136723 674.3393 2439.5747 
66.25 2425.9636 125.63655 53.694824 73.536545 53.144886 1797.4955 -27.747252 147.20326 7.154099 71.99219 1556.1388 -564.2172 103.56105 -63.06139 558.6935 2071.5498 
66.75 2163.253 28.965448 37.49727 44.21858 -52.23552 1520.7856 -99.92888 147.02325 -26.00147 127.89306 1356.8667 -400.2053 60.824715 -62.806026 418.8883 1890.8574 
67.25 1855.7793 73.02204 18.561695 -24.97817 -23.953348 1227.5278 -104.05648 116.55895 -33.06313 116.08133 1144.2157 -253.65425 -26.183546 -57.432995 267.64087 1670.553 
67.75 1620.1992 117.913895 8.452881 -59.402996 16.100748 1020.7564 -21.043484 74.622116 -18.011616 29.681278 961.35004 -217.86775 -70.60626 -61.522793 208.36525 1462.9092 
68.25 1585.8625 60.932335 11.418423 -12.78703 -29.619839 1008.9342 60.22712 44.93397 -8.02853 -43.00067 929.8653 -274.03873 -24.145893 -67.781334 251.02405 1408.7762 
68.75 1674.4535 -27.440403 19.345867 62.19919 -104.243095 1104.2883 47.094822 36.243877 -18.15855 -22.077633 1018.1132 -319.89096 55.078075 -57.13957 308.42834 1488.8083 
69.25 1725.0657 -40.66988 20.898165 70.34348 -116.156975 1158.653 -42.018715 39.709538 -34.21202 63.680084 1090.6609 -322.46298 67.53091 -30.217722 332.9739 1558.5938 
69.75 1732.7327 -0.52315164 15.270329 0.18797112 -86.27806 1176.9973 -95.604675 43.012016 -36.314693 106.94148 1111.9154 -350.20944 0.732965 -15.745442 367.7731 1572.8541 
70.25 1804.6321 -11.605616 11.928209 -56.5058 -105.13657 1261.5177 -48.89597 41.01775 -25.539639 55.86697 1162.7388 -443.67752 -54.07574 -33.94841 447.7903 1614.5237 
70.75 1939.9695 -94.12169 16.580412 -25.28589 -184.61093 1400.7959 37.61757 37.37127 -19.668335 -23.121151 1268.3374 -531.32904 -22.996117 -65.91554 521.4421 1717.3535 
71.25 1991.0865 -151.51039 22.819849 53.49756 -234.25642 1451.5297 52.659653 34.48275 -28.009174 -28.059137 1329.6279 -517.8136 55.0486 -70.94753 511.4739 1778.431 
71.75 1852.0271 -105.54378 21.593052 78.935394 -185.97981 1323.5465 -17.384148 35.502396 -38.63729 43.361378 1243.943 -412.64374 81.46753 -44.994987 425.36868 1682.4497 
72.25 1611.281 2.0650573 12.221454 21.686653 -80.907455 1108.2872 -85.218765 36.482716 -36.511726 102.32805 1052.6183 -324.0707 25.576916 -19.844715 348.5866 1467.558 
72.75 1436.4937 73.68408 1.9257929 -48.717598 -7.3689747 955.299 -71.99886 34.01238 -22.668 81.04394 884.1037 -327.016 -47.571392 -23.65954 342.97256 1278.2083 
73.25 1378.6317 74.48164 -4.4919753 -63.848267 3.3475704 898.4841 -1.4116507 28.50164 -11.184643 12.708586 802.5784 -383.19635 -70.279526 -44.1312 382.01303 1195.4705 
73.75 1350.9519 46.764328 -8.725563 -38.484234 -14.04298 860.4843 43.559456 23.640203 -10.568702 -23.370256 764.9047 -401.4959 -50.594402 -48.885372 395.7266 1169.1954 
74.25 1274.8406 33.340546 -11.889672 -31.632183 -25.847578 789.59 30.339752 21.662663 -13.892769 -7.199026 712.32007 -344.78058 -40.638306 -30.839607 351.83502 1116.3273 
74.75 1173.0457 33.68313 -11.822399 -56.429344 -31.410036 721.5682 5.5816364 22.025175 -11.511768 9.419071 650.98035 -257.54257 -56.246437 -15.98316 278.44873 1026.6443 
75.25 1106.5325 31.884174 -6.024329 -72.2087 -36.821457 699.2114 20.309517 21.5289 -3.4439216 -15.529053 616.65375 -198.72733 -65.93517 -24.449528 218.47432 949.4267 
75.75 1083.6918 29.360186 2.201108 -53.25635 -33.93312 703.98566 62.331116 18.985611 2.114729 -57.319176 614.59314 -182.36357 -47.69412 -44.102917 189.04684 916.32526 
76.25 1063.2015 30.789932 7.2136054 -26.686647 -20.721676 689.129 80.95559 15.770536 0.77659464 -65.23192 617.5802 -176.48656 -22.163795 -49.753178 174.8291 910.7594 
76.75 1020.4624 28.434004 8.100138 -28.20415 -12.275282 647.6603 57.27751 14.204333 -4.093071 -33.480965 609.0858 -145.21417 -18.738075 -38.460846 149.21243 903.1261 
77.25 968.5724 20.62434 7.9110684 -49.215755 -14.508104 609.68 22.210857 16.17792 -8.993858 -3.1896038 595.7748 -84.12235 -33.220646 -31.320288 100.02207 880.90216 
77.75 923.13153 27.528536 6.893705 -52.20709 -6.6457043 589.1705 10.035425 21.936863 -15.315506 -3.2607594 581.73285 -24.313704 -37.944386 -42.381077 44.5632 843.5994 
78.25 882.54755 62.1363 1.0510197 -25.51237 27.705055 573.9779 18.442848 28.35899 -24.026844 -17.346682 562.2814 -7.026807 -22.050867 -59.696217 19.920935 795.3248 
78.75 849.5389 96.47105 -10.31591 3.8843334 64.14635 561.4781 22.940525 28.76837 -30.050907 -16.03764 544.0195 -45.032837 -1.4104413 -61.764503 46.918926 753.537 
79.25 842.70746 85.498116 -19.69954 10.391889 59.677532 572.23553 12.623087 18.67237 -27.129587 1.237752 550.0744 -103.73046 7.782207 -44.750874 101.25603 744.7138 
79.75 870.0532 27.573282 -18.145733 -0.66818213 11.188351 614.8852 -2.8613243 3.3111856 -16.33834 13.330937 589.65283 -129.31998 6.3282824 -25.400406 132.2214 775.07007 
80.25 906.3567 -24.737228 -7.1165366 -10.552958 -33.70334 661.2163 -13.291786 -4.645752 -7.113414 12.029798 636.21515 -101.91571 0.37982512 -19.826416 115.21465 813.46545 
80.75 920.2739 -27.006083 1.8605385 -14.1305275 -34.38818 680.418 -17.800827 3.6023962 -7.094078 9.846332 657.75977 -58.24928 -9.671059 -28.920164 79.30315 824.3365 
81.25 903.4102 5.8945713 -0.62507474 -16.757627 -3.2784755 670.2229 -19.55799 18.806728 -15.104268 17.43814 647.8938 -48.77581 -21.052813 -39.14232 69.02399 801.08887 
81.75 868.44653 25.710783 -11.423377 -14.488153 18.042997 647.8354 -18.729458 22.762451 -23.816374 27.043213 623.32056 -80.98086 -19.70879 -38.93479 92.514465 763.67914 
82.25 824.2221 14.99595 -18.263443 1.072385 15.250637 618.00024 -17.849756 8.460361 -26.431902 27.741951 593.82837 -116.141914 3.212427 -27.588488 118.86084 725.7844 
82.75 773.7379 -0.008957624 -12.518591 21.38399 9.5276575 575.45703 -23.034754 -10.444312 -20.224285 22.823658 556.10144 -121.53663 31.04549 -14.099228 124.716835 684.6383 
83.25 733.09503 3.6590385 2.7277925 23.65535 15.7557535 534.2139 -33.80602 -15.329257 -7.381576 22.025295 516.9118 -108.90653 34.321808 -8.391142 123.27082 643.7598 
83.75 726.8509 13.711696 16.329897 1.1368592 19.880497 524.9269 -37.494766 -5.9590106 5.0330687 22.775064 498.6571 -111.89334 7.0094585 -11.927932 138.34021 622.6786 
84.25 755.136 7.7486467 19.335426 -22.757877 6.3358674 554.0493 -22.662514 -1.8053429 8.814582 11.867623 510.8328 -138.28972 -22.208792 -14.963495 166.53459 631.3479 
84.75 783.8889 -10.554553 12.755728 -22.28416 -12.751525 586.0161 3.93265 -18.538874 3.083409 -13.837119 530.7574 -162.20648 -23.441734 -5.787794 182.56525 649.4831 
85.25 785.18445 -19.544886 6.5768123 -2.4228048 -14.271139 585.4692 21.465427 -48.204468 -2.0063858 -38.583153 531.48865 -161.66417 -1.149757 15.235922 177.21849 651.51355 
85.75 773.1727 -14.051166 10.75614 8.595266 0.64980984 562.43604 18.65113 -68.57562 5.481044 -45.85527 518.8638 -145.79025 14.131324 34.008957 170.0784 642.8106 
86.25 783.8347 -9.252113 25.389101 -3.2898662 9.375979 557.891 7.8841834 -70.42963 24.790321 -40.035988 524.0178 -137.89307 4.9117637 37.846615 179.66913 652.72473 
86.75 818.7584 -12.214204 39.64107 -22.618275 3.4230278 584.721 13.444957 -67.9291 41.052437 -44.511757 555.2208 -145.92847 -14.655359 31.618496 199.23041 685.626 
87.25 843.92816 -12.026058 43.619015 -26.219826 -1.4397736 614.79944 42.240627 -80.98871 42.65052 -72.80841 585.5575 -157.32428 -19.693249 32.795345 209.67172 710.79144 
87.75 841.5322 -3.6855283 39.31526 -12.844265 6.998445 622.3845 74.91654 -109.19132 33.835903 -110.27275 591.6807 -163.5026 -4.762682 49.565605 210.9105 707.4095 
88.25 845.6675 -3.9898093 38.65433 2.0346603 14.447979 624.39294 82.91682 -132.24228 29.06992 -125.493965 592.72437 -167.45924 15.794961 69.452126 218.59604 705.76843 
88.75 897.3318 -26.042892 48.173088 7.9563828 3.0045207 653.61206 58.85036 -135.05934 35.248028 -104.80497 624.9412 -171.62921 27.422466 75.05558 236.04163 751.48505 
89.25 979.2694 -50.745617 59.488796 6.326394 -16.146894 706.82385 28.406038 -126.85847 45.648117 -72.42042 686.47144 -170.74893 26.486649 67.17193 246.62997 835.49243 
89.75 1026.3029 -47.367794 59.660732 -0.048937798 -15.4546 744.9469 28.942646 -130.46709 51.701553 -70.87402 732.1937 -163.6815 16.425404 65.0036 240.17969 890.45886 
90.5 988.5884 -10.975678 43.388992 -17.604555 13.989804 739.4277 97.145035 -169.38803 54.741623 -145.74153 718.15924 -164.53174 -1.8796269 94.07998 233.8825 846.3499 
91.5 1054.9491 -66.64775 57.128254 -11.267401 -29.236095 795.17737 105.22807 -185.55249 56.53566 -166.25294 751.24774 -190.25984 14.578937 115.97309 272.04294 871.741 
92.5 1263.4299 -57.82557 63.363354 4.096252 -23.094393 943.014 21.340822 -166.23131 41.921787 -80.19929 916.85333 -186.04207 22.911108 112.60998 268.59604 1090.1766 
93.5 1305.8716 -15.011005 43.546776 -51.810246 8.376709 1038.8353 127.77501 -201.79305 64.9884 -188.85031 1005.07184 -216.71608 -27.279453 151.34561 293.10724 1128.3427 
94.5 1406.7958 -103.42528 66.42697 -25.598768 -67.18258 1106.4498 88.25561 -180.29869 69.514114 -147.61424 1068.1545 -194.92253 7.270956 130.29128 277.26816 1206.948 
95.5 1390.9486 -50.38081 47.642273 0.40036526 -31.575611 1058.724 -35.54778 -153.96878 47.09299 -18.250996 1033.4961 -183.09627 25.75276 131.78255 253.02141 1205.6259 
96.5 1289.1116 -67.74224 41.01013 -20.675003 -52.870163 1005.67053 42.932213 -158.30055 69.29189 -91.34205 968.29333 -204.17313 11.466969 147.2094 274.8494 1098.4708 
97.5 1318.2184 -82.6876 36.670216 -5.421528 -62.10153 983.64923 -14.16647 -122.3297 42.701885 -23.27247 949.98224 -193.56569 23.824045 107.46972 258.01468 1122.0216 
98.5 1379.1736 -69.57079 -6.268721 4.537239 -83.77875 1040.9843 -36.5119 -129.25499 33.541157 -2.5923634 1013.0424 -229.39246 29.5902 125.00321 279.7656 1191.3774 
99.5 1453.8386 -114.83867 0.4518181 51.021954 -130.07886 1103.4066 -13.823603 -118.46501 54.1102 -26.004646 1066.037 -196.27322 68.007484 117.95911 246.35318 1261.7776 
100.5 1427.7981 -98.35907 -9.331893 17.213554 -122.56546 1011.44165 -138.78825 -73.87382 14.310381 107.65418 969.06537 -202.4125 20.496464 98.48191 234.60593 1232.2697 
101.5 1372.344 -85.693184 -10.608875 20.064306 -149.65747 956.18384 -124.22922 -106.621735 11.700477 87.26511 918.448 -199.28052 28.304083 115.197784 229.30977 1174.7045 
102.5 1441.7448 -100.23655 -0.31095302 76.489044 -157.89728 981.1833 -114.11496 -89.49478 26.718174 73.33862 927.82153 -242.89911 68.57735 84.04316 270.3926 1233.4409 
103.5 1510.449 -209.17387 -21.67097 -7.144757 -271.48734 1023.2884 -173.26347 -34.37551 -3.9896116 138.84358 948.9489 -192.43298 -20.606293 90.88417 196.99353 1290.4285 
104.5 1504.8013 -101.90336 16.176338 17.61604 -201.43988 1004.36334 -129.28934 -76.25905 4.703211 93.39796 952.70593 -52.896786 17.599102 83.28363 61.074413 1289.9021 
105.5 1377.5574 -25.473984 29.881107 66.0961 -124.11782 864.0447 -168.68428 -48.209927 1.1349221 122.85172 809.8872 -163.54208 45.387867 53.686943 164.75272 1181.2172 
106.5 1172.2822 -107.691185 28.387238 2.5712838 -197.36598 703.3267 -258.60263 -22.328568 -50.85852 218.55548 639.78656 -157.46518 -10.856384 85.41787 142.83156 975.94446 
107.5 1174.9448 -88.64787 69.02108 43.309227 -211.71988 687.90045 -228.0439 -88.22429 -16.199215 194.18591 632.9338 -98.4801 43.644817 52.04012 89.26937 963.1278 
108.5 1214.9114 -63.25573 51.118717 46.528004 -176.40555 795.92444 -186.46063 -40.367126 -29.571331 141.06355 704.6555 -38.605385 25.379324 29.683695 21.492176 1004.332 
109.5 1277.3955 10.682894 42.985283 -46.20757 -68.2605 879.3185 -164.56517 -12.205183 -70.77313 139.23672 804.6535 -96.683205 -36.26734 66.80744 63.48614 1082.4603 
110.5 1396.589 -57.38759 84.09629 -13.478242 -161.52135 879.45264 -169.28581 -20.503813 -14.761166 150.50758 830.9834 -139.0034 9.8904085 43.00935 93.623245 1213.6875 
111.5 1051.373 -15.424572 59.6081 51.027405 -98.81673 632.8224 -183.54622 -6.415354 -55.345814 161.98195 539.9131 -56.25157 39.429146 8.303303 10.975641 858.05133 
112.5 830.37463 -41.75733 8.200923 3.8851485 -85.939316 437.82993 -128.71571 -7.9702816 -43.142303 140.80696 293.2086 -80.66388 26.403868 35.900547 45.810825 572.223 
113.5 978.78015 93.78628 28.061691 15.901984 29.04539 471.62595 -123.1624 17.341797 -27.70048 124.83213 307.45157 17.288502 48.291798 18.899714 -63.8428 709.1333 
114.5 1149.6627 80.663956 -22.640907 -8.143301 21.681664 744.0221 -24.540207 -30.858047 -31.23446 31.849716 567.87463 -293.5158 -7.76079 -26.523678 243.07227 881.9581 
115.5 1751.2557 -299.14566 -5.294254 -96.500465 -335.74405 1282.957 167.59467 14.653217 9.263441 -138.80446 1103.2368 -114.22246 -81.579544 23.471863 89.460655 1461.8568 
116.5 2836.6743 -98.20133 -10.08704 98.83264 -147.77731 2072.213 268.32144 -144.02917 -7.9903975 -232.47705 1704.0646 -467.1706 101.053314 -200.48851 418.45734 2369.254 
117.5 5315.902 -2421.5784 -534.17334 91.2858 -2496.6116 4393.977 571.09937 -114.601944 463.70416 -469.41925 2766.358 -1140.6694 112.46484 -123.46793 1068.5127 3575.287 
118.5 7755.3125 -3990.2349 -307.81274 -329.9866 -4048.287 6605.961 769.58777 866.00684 318.09366 -708.8888 3368.4927 2274.4902 -218.73056 806.2965 -2306.8196 4391.6704 
119.5 7299.139 586.75354 980.41907 -217.82425 555.5923 5929.7334 393.2307 635.0282 -978.3508 -461.3567 2522.5786 3268.334 -114.463196 496.33096 -3320.289 3768.9243 
120.5 6679.3154 1587.7158 697.0034 242.67047 1534.369 5352.689 238.51291 -969.39014 -719.3761 -301.8465 2168.6572 -1931.1832 230.43684 -960.9047 1861.5046 3353.7813 
121.5 7167.545 -2922.6943 -661.9569 240.8785 -2958.0767 5880.086 614.588 -800.40393 679.67554 -610.3254 2772.158 -2591.0425 160.80222 -722.8333 2543.3142 3915.67 
122.5 5897.535 -2813.7886 -543.37244 73.30764 -2835.2397 4665.691 647.77747 283.92554 595.94934 -601.89526 2813.6667 679.7449 40.160156 232.01161 -750.07825 3903.7646 
123.5 3988.4749 -555.51135 32.648357 23.793053 -612.9229 2914.5337 341.23376 202.80725 -13.7366085 -280.5771 2405.0186 635.3522 54.489296 102.19227 -686.5023 3336.4988 
124.5 3102.7964 -629.045 -12.784045 -59.784935 -649.1452 2132.0906 156.45709 -24.728016 27.060555 -120.37225 1875.1959 31.891329 -37.313736 -59.147472 -84.158646 2696.335 
125.5 2239.4783 -377.91522 46.416874 -106.66565 -372.80466 1422.6925 -16.476578 74.813034 42.558064 28.422134 1153.4034 324.53424 -96.57503 45.44187 -400.33295 1805.8635 
126.5 1410.1538 91.727 107.39305 -75.21 64.638145 750.3549 -156.97911 7.999067 -39.347603 169.2724 551.5561 81.15241 -70.09244 -20.933819 -105.41564 1058.7848 
127.5 1105.6799 26.750916 38.368214 -93.066666 34.984203 413.56613 -168.86313 -59.334522 30.180904 182.83092 273.5637 -35.434326 -103.09421 -39.527157 -3.4942713 813.8662 
128.5 1044.6915 49.710506 51.88584 -86.41608 85.82162 375.2888 -138.37192 -28.851067 74.88886 131.48991 260.01108 -20.639372 -84.02272 -17.251856 -67.37551 768.99365 
129.5 997.52734 55.247845 56.643177 -43.81504 40.632725 431.79794 -159.53545 3.702398 53.27935 130.29662 262.0984 -17.522985 -39.57731 4.393737 -44.711918 677.7053 
130.5 1052.1526 93.53027 87.71144 -85.37258 73.96358 398.32944 -193.13373 15.594848 54.068512 159.62581 220.59674 16.560417 -79.48324 24.774525 -66.657684 722.15674 
131.5 1119.9473 60.853466 131.25362 -72.37352 69.576805 413.9226 -174.40587 4.1351647 65.3656 122.41382 236.62433 -70.87061 -45.374653 -30.544874 18.012829 792.917 
132.5 1089.6284 -6.4424057 117.567245 -19.290106 -47.590996 459.54044 -181.19182 -3.9291658 28.2703 102.32062 250.79659 -34.980507 8.291246 -73.03596 -0.7095094 734.9586 
133.5 1125.6494 80.21526 102.44881 -80.63611 11.412069 477.30112 -207.68536 -10.867663 -34.06243 122.843796 257.30545 -3.4849877 -57.68433 -82.52776 -18.565628 749.89386 
134.5 1154.344 40.61421 83.71439 -116.807816 7.7643304 470.43573 -163.03464 -8.026319 -23.538044 81.70786 251.63644 -89.37758 -92.99893 -84.20996 81.99664 792.0576 
135.5 1089.7568 -32.68142 56.411644 -78.29446 -58.998043 392.99402 -77.22253 15.051641 23.336493 7.3248634 203.7008 -46.35046 -43.97859 -45.668636 45.085354 779.4592 
136.5 1096.9663 1.55316 16.95839 -114.88564 6.3111386 419.87482 -84.32036 1.676629 11.373985 13.099551 204.12929 -17.284039 -72.87423 -40.11005 9.432778 763.19934 
137.5 1155.3552 -65.64692 -28.444532 -153.49202 -20.80445 566.51733 -151.9581 -38.0313 -9.275243 52.77121 254.48013 -84.40762 -135.47894 -61.84646 73.83498 720.15704 
138.5 1112.9618 -88.793495 -20.995272 -76.619835 -75.601944 532.761 -99.253845 -39.556553 4.301304 2.788271 218.89807 -104.73034 -76.75328 -33.81016 65.48133 684.1098 
139.5 968.68097 -4.1734877 -19.536516 -34.592384 5.112444 369.632 -7.092826 -32.766953 41.777363 -53.97623 101.278336 -127.4453 -27.015121 -16.996515 53.8227 602.1827 
140.5 907.1306 -7.3305197 -82.14173 -63.742264 41.389996 386.56357 -7.289977 -12.192814 67.68568 -57.497047 67.37186 -109.347336 -46.072906 -4.8724575 67.05434 488.01083 
141.5 959.1057 -15.970806 -102.60542 -46.704674 13.751276 500.36975 -49.273087 50.130676 26.37916 -48.898804 132.03433 -39.89653 -28.671247 69.711914 29.991894 481.82916 
142.5 863.2468 12.790459 -61.055424 -19.389435 10.210787 454.65594 -91.4299 79.2425 4.9317956 7.6625166 143.25371 -87.90251 0.84695405 138.16907 48.73174 449.50833 
143.5 659.0172 -12.271046 -57.247772 -20.22409 -7.1206217 295.67084 -47.394794 64.677086 65.91929 7.960682 45.673027 -161.68442 26.37129 140.27187 88.634056 311.53464 
144.5 673.07587 -31.523123 -104.5028 -28.163662 -8.751382 274.2314 39.20399 54.402657 102.30044 -70.24802 -23.230011 -122.44432 24.590399 101.91837 45.334442 284.2994 
145.5 797.2468 -39.177048 -115.17987 -6.3367753 -5.1881914 399.9691 1.4626918 38.470325 52.003628 -31.787605 11.72312 -115.317894 12.528981 65.5906 52.60151 333.91043 
146.5 759.3987 -78.17611 -53.90334 4.2278376 -69.88996 378.0229 -64.33408 28.780647 2.7656736 48.139458 -12.855249 -165.39142 14.856701 81.0815 105.42265 295.31418 
147.5 683.6311 -81.629166 -36.59551 -62.513435 -110.510925 228.8124 -52.81257 61.418537 46.150734 39.85585 -117.60634 -134.97171 -38.66036 133.94266 88.084564 261.01944 
148.5 677.14014 -55.922256 -112.979965 -77.44076 -71.68546 184.43504 -47.664692 107.691124 110.69598 39.705746 -171.95064 -60.825825 -64.10674 148.81258 48.98849 254.01884 
149.5 682.1351 -69.511024 -142.97166 -4.082634 -67.352425 173.87 -71.48228 101.342 119.23076 73.09025 -186.07507 -26.139856 -5.0918956 118.302086 11.8432045 257.17307 
150.5 710.7177 -78.65541 -71.11735 18.090302 -86.27856 148.74908 -77.81944 77.384895 103.433975 88.204926 -158.2895 -24.248941 20.500647 95.78184 3.320857 333.4996 
151.5 756.8918 -70.592026 -8.508233 -17.70809 -83.29858 168.76787 -86.00349 118.0158 69.17968 94.65398 -123.30764 -42.900955 -9.810804 109.518265 47.794575 393.32422 
152.5 828.5107 -105.067856 -13.306944 -36.880848 -110.114426 174.36566 -143.89714 144.84102 39.993706 118.62994 -166.3859 -28.339605 -44.943775 109.14684 57.402332 410.06873 
153.5 874.203 -73.386284 -65.304504 -12.240784 -67.18336 166.33015 -158.9035 84.52836 76.655914 120.61414 -172.36731 16.506002 -43.885517 54.85052 35.54109 447.58136 
154.5 849.26227 67.57059 -114.03964 35.825787 42.45218 202.16989 -102.014175 55.661037 95.49549 112.99023 -85.2043 -23.01946 12.101814 29.99384 56.710526 470.36966 
155.5 839.1223 95.45054 -121.77857 59.655293 12.411966 244.61858 -61.539303 76.193886 40.96461 98.093 -50.77991 -66.76447 36.91536 30.683931 59.13242 457.85242 
156.5 859.8308 -22.181992 -79.31291 57.41859 -89.4807 264.24707 -32.845646 49.41209 36.97219 22.651583 -60.598663 9.024009 -3.3676255 -36.76244 32.965706 449.29465 
157.5 958.3496 -88.12892 8.183877 22.619616 -82.57813 210.06596 -39.70445 -0.75191826 58.51145 13.966452 -147.0528 42.5014 -26.753544 -78.174805 23.885653 512.89874 
158.5 1251.7921 -21.54456 -48.871357 -132.1269 4.876978 33.385128 -87.8813 -42.187027 75.55058 147.63399 -463.02924 -20.723394 -114.152016 -16.766056 -5.05155 676.4675 
159.5 1585.2032 96.81016 -294.0699 -238.96448 59.449085 -47.290764 -170.80902 -110.8599 197.65736 271.1 -736.198 -5.7399664 -244.80055 -51.87841 49.624603 781.6246 
160.5 1747.4524 152.92543 -334.17465 -74.639206 26.128223 126.91514 -317.68298 -213.41817 279.91272 315.58344 -663.05505 66.89458 -217.854 -248.26968 152.39703 756.5377 
161.5 2165.8442 158.80296 -167.64763 34.1815 74.42193 143.51987 -563.5968 -192.14088 172.21155 563.60974 -598.5535 74.38663 -187.30571 -263.4642 67.454094 1207.6619 
162.5 2911.8748 192.20346 -319.58417 -111.41564 345.0891 -316.00446 -832.72943 10.689133 142.16655 965.10114 -774.4974 114.34926 -295.07327 -55.65468 10.276206 2199.029 
163.5 2988.8179 154.137 -586.7103 -106.22139 382.27423 -548.6686 -847.69904 16.048817 315.3135 737.84393 -761.891 168.90749 -304.5114 -47.138695 205.30074 2331.7065 
164.5 3014.8804 -13.8574095 -456.95218 337.85617 -46.252388 117.48133 -728.44403 -108.5532 305.1121 189.04593 -637.1345 -46.67888 -18.141293 -81.67649 360.63925 1795.2667 
165.5 4731.8794 164.39047 -543.7929 1021.4432 12.294109 895.4535 -695.5565 632.71484 54.493095 547.43866 -1125.6525 -465.365 436.0764 481.63574 520.86676 2338.881 
166.5 6666.4263 1034.7739 -1000.4281 1399.7981 910.6503 1234.7134 -374.61777 2185.4019 88.746506 1331.8608 -1800.4889 -760.50385 564.39606 1408.2633 980.92163 2835.928 
167.5 6981.9956 1875.621 -622.6625 1059.658 1590.504 2334.4243 95.76704 2713.628 422.4044 1624.3485 -1378.4736 -873.8623 143.75775 1581.6528 1368.4934 1983.5333 
168.5 7961.0825 2164.2986 318.3867 220.9636 2043.4111 4409.412 339.84213 1421.8157 247.00417 1541.7448 -388.2653 -740.817 -305.26608 458.44464 1391.9208 2197.238 
169.5 10845.563 2656.7734 616.80963 -487.68167 3001.8 5606.7866 1000.79926 -331.50424 -990.2359 265.01065 -795.6089 -772.2278 -386.79926 -1056.2821 1609.4517 3805.078 
170.5 12916.602 3245.8757 933.2535 -577.89026 3491.1218 5636.9507 1437.8628 -1190.9916 -2520.2654 -1841.8484 -2614.681 -1873.8281 -281.6731 -1504.7383 2292.0564 3675.515 
171.5 13103.071 2626.8032 1081.7942 32.792873 2719.4844 5955.978 -1.2654247 -938.35004 -2605.3887 -1615.2676 -3665.2732 -3077.5413 -184.05782 -973.8334 2673.1816 2464.4424 
172.5 12522.058 1403.938 -716.03375 934.15204 1811.1598 5908.2056 -1393.4943 -206.81136 -947.3095 544.944 -2933.2908 -2548.0876 -338.25986 -971.39514 2277.5647 2946.718 
173.5 10857.983 977.11426 -2696.947 1455.1777 1170.3436 4022.0784 -112.84829 362.49304 248.2262 417.40137 -1599.0714 -1406.6296 -852.68365 -1423.7399 1625.9427 3922.63 
174.5 8275.542 671.21094 -1867.4587 1190.9196 483.53128 1662.7614 1516.688 1253.7831 -182.78323 -1506.9845 -721.6717 -1050.1111 -1104.05 -569.2366 740.80164 3864.6516 
175.5 6488.2866 147.28989 -240.27904 430.80392 487.8807 840.2911 789.73956 2422.4329 -568.55865 -1419.6721 -389.0706 -66.49836 -815.57104 997.711 -555.32806 3587.823 
176.5 5645.127 347.49744 -472.0174 131.07948 689.6176 1257.3795 -638.59283 1722.4142 -233.9696 111.51783 -670.072 1320.748 -793.9744 342.7318 -910.16327 2354.2446 
177.5 5182.6797 811.88605 -1006.3806 1019.26825 -178.95479 1696.4484 -774.7312 -848.47125 -305.2164 506.73758 -1316.2805 968.265 -1006.7376 -2001.6698 229.37227 181.03821 
178.5 5966.7563 579.2171 -536.5424 2697.596 -778.9163 1589.837 -60.82364 -1688.066 -473.07077 284.34647 -1509.4382 -78.02097 -207.46587 -2203.6821 817.3311 645.304 
179.5 7544.7603 83.055466 -56.507286 3996.4253 -170.91803 1192.9052 519.7873 -325.11664 -99.56886 525.58527 -1191.6802 -75.076164 1211.1265 -382.9521 169.49667 3536.7742 
