0.25 33671624 0 0 -0.5760257 0 33671576 -2.4944153 0 0 2.4944153 33671576 0 -0.5760257 0 0 33671624 
0.75 27900546 0 0 -0.03132692 0 27900196 -35.341827 0 0 35.341827 27900196 0 -0.03132692 0 0 27900546 
1.25 18849160 0 0 -0.30154487 0 18848382 -175.82013 0 0 175.82013 18848382 0 -0.30154487 0 0 18849160 
1.75 9974447 0 0 -0.19928406 0 9973366 -352.89496 0 0 352.89496 9973366 0 -0.19928406 0 0 9974447 
2.25 3787065.8 0 0 -0.024547126 0 3785872.5 -309.49225 0 0 309.49225 3785872.5 0 -0.024547126 0 0 3787065.8 
2.75 854074.2 0.0000005326322 0 0.017019555 0.00000036618462 852870.2 56.14532 0 0 -56.14532 852870.2 0 0.017019555 0 0 854074.2 
3.25 178358.05 -0.0000023947644 0 0.0001207912 0.00000053471274 177140.72 420.48438 0 0 -420.48438 177140.72 0 0.0001207912 0 0 178358.05 
3.75 348229.84 0 0 0.0028543286 -0.00001704423 346993.47 309.56763 0 0 -309.56763 346993.47 0 0.0028543286 0 0 348229.84 
4.25 470571.4 0 0 -0.0079176575 0 469397.84 -284.18225 0 0 284.18225 469397.84 0 -0.0079176575 0 0 470571.4 
4.75 362061.94 0 0 0.09818992 0 361087.88 -730.9766 0 0 730.9766 361087.88 0 0.09818992 0 0 362061.94 
5.25 193780.66 -0.000000010402973 0 0.0051898975 -0.0000015209148 193081.86 -406.86823 0 0 406.86823 193081.86 0 0.0051898975 0 0 193780.66 
5.75 104637.21 -0.0000003335453 0 -0.016896171 -0.0000020313103 104150.27 506.20447 0 0 -506.20447 104150.27 0 -0.016896171 0 0 104637.21 
6.25 87699.555 0.00000027333812 0 -0.00020584404 -0.0000012579794 87263.92 1064.513 0 0 -1064.513 87263.92 0 -0.00020584404 0 0 87699.555 
6.75 83451.695 -0.00000013315805 0 -0.0014273606 -0.00000685764 82931.06 558.7623 0 0 -558.7623 82931.06 0 -0.0014273606 0 0 83451.695 
7.25 70478.86 0.0000042609927 0 -0.005502175 -0.000004263203 69859.72 -610.8293 0 0 610.8293 69859.72 0 -0.005502175 0 0 70478.86 
7.75 61052.25 -0.00000006657903 0 -0.00021844174 0.000016074675 60440.203 -1247.179 0 0 1247.179 60440.203 0 -0.00021844174 0 0 61052.25 
8.25 58951.06 -0.000008498979 0 0.0070334035 0.0000073967644 58473.043 -623.8639 0 0 623.8639 58473.043 0 0.0070334035 0 0 58951.06 
8.75 51940.457 -0.0000000018205203 0 -0.0025869028 -0.00000013497858 51631.656 671.1552 0 0 -671.1552 51631.656 0 -0.0025869028 0 0 51940.457 
9.25 34843.27 -0.000000016839811 0 0.0012514353 0.0000025797424 34610.95 1302.4961 0 0 -1302.4961 34610.95 0 0.0012514353 0 0 34843.27 
9.75 18910.947 -0.0000005825665 0 -0.00084724656 -0.00000003745073 18608.775 599.5423 0 0 -599.5423 18608.775 0 -0.00084724656 0 0 18910.947 
10.25 15549.109 -0.0000031931925 0 0.0003130483 0.000007504704 15103.662 -719.1214 0 0 719.1214 15103.662 0 0.0003130483 0 0 15549.109 
10.75 21516.912 -0.0000005118263 0 0.001727562 0.0000047146277 20995.406 -1304.5983 0 0 1304.5983 20995.406 0 0.001727562 0 0 21516.912 
11.25 25118.59 -0.00000006657903 0 0.0012387799 0.0000043775713 24670.438 -590.45557 0 0 590.45557 24670.438 0 0.0012387799 0 0 25118.59 
11.75 21175.61 0.000000026007433 0 -0.0035526277 -0.00000092066307 20895.86 660.68365 0 0 -660.68365 20895.86 0 -0.0035526277 0 0 21175.61 
12.25 14409.988 0.00000006824157 0 -0.0016852979 -0.00000019911485 14251.896 1209.5952 0 0 -1209.5952 14251.896 0 -0.0016852979 0 0 14409.988 
12.75 10651.884 -0.0000042790766 0 0.0012970173 0.00000417854 10472.631 608.99524 0 0 -608.99524 10472.631 0 0.0012970173 0 0 10651.884 
13.25 10188.464 -0.000000044342688 0 -0.0008036266 0.0000057896445 9882.754 -452.32306 0 0 452.32306 9882.754 0 -0.0008036266 0 0 10188.464 
13.75 10156.299 0.0000074318837 0 -0.0009534463 -0.000007506785 9748.225 -967.33215 0 0 967.33215 9748.225 0 -0.0009534463 0 0 10156.299 
14.25 9387.102 0.000002130724 0 -0.0006422998 0.0000022555596 8997.051 -599.81854 0 0 599.81854 8997.051 0 -0.0006422998 0 0 9387.102 
14.75 8695.418 0.000000033809663 0 0.00048481132 -0.000004028031 8423.935 158.57957 0 0 -158.57957 8423.935 0 0.00048481132 0 0 8695.418 
15.25 8360.117 0.00000002911207 0 0.00028593274 -0.00000016230264 8203.464 627.5165 0 0 -627.5165 8203.464 0 0.00028593274 0 0 8360.117 
15.75 7665.3604 -0.00000214719 0 -0.0012631898 0.0000021638023 7533.3403 553.1366 0 0 -553.1366 7533.3403 0 -0.0012631898 0 0 7665.3604 
16.25 6465.9053 0.000000036934615 0 0.00006512424 0.0000047328367 6269.562 143.30402 0 0 -143.30402 6269.562 0 0.00006512424 0 0 6465.9053 
16.75 5505.207 -0.0000000051364673 0 -0.00067173183 -0.0000042329048 5227.3267 -270.63586 0 0 270.63586 5227.3267 0 -0.00067173183 0 0 5505.207 
17.25 5078.196 -0.00000015942557 0 -0.0010505179 0.0000041557278 4772.257 -469.74234 0 0 469.74234 4772.257 0 -0.0010505179 0 0 5078.196 
17.75 4596.39 -0.000000001657974 0 -0.00039823772 -0.000001274982 4330.949 -369.19943 0 0 369.19943 4330.949 0 -0.00039823772 0 0 4596.39 
18.25 3801.4072 -0.00000000026007546 0 0.004069619 -0.0000015440611 3605.511 -23.47123 0 0 23.47123 3605.511 0 0.004069619 0 0 3801.4072 
18.75 3421.182 -0.0000105855515 0 -0.00035430663 0.000011593579 3271.1868 340.0267 0 0 -340.0267 3271.1868 0 -0.00035430663 0 0 3421.182 
19.25 4014.2964 -0.00000024648543 0 -0.00248486 0.0000003100736 3861.6936 434.43475 0 0 -434.43475 3861.6936 0 -0.00248486 0 0 4014.2964 
19.75 4822.6187 -0.0000011577858 0 -0.00021406483 0.0000011756091 4633.84 180.58598 0 0 -180.58598 4633.84 0 -0.00021406483 0 0 4822.6187 
20.25 4562.452 -0.0000005346993 0 -0.00019569285 0.0000026845005 4340.2134 -177.87129 0 0 177.87129 4340.2134 0 -0.00019569285 0 0 4562.452 
20.75 3120.4563 -0.0000039739225 0 -0.00012860374 0.0000039760293 2894.8328 -315.51248 0 0 315.51248 2894.8328 0 -0.00012860374 0 0 3120.4563 
21.25 1743.4479 -0.00000035357104 0 0.0003756863 -0.00000052001866 1543.9554 -167.9766 0 0 167.9766 1543.9554 0 0.0003756863 0 0 1743.4479 
21.75 1501.3009 0.0000002584489 0 0.00024125286 -0.00000021059518 1333.7076 41.149662 0 0 -41.149662 1333.7076 0 0.00024125286 0 0 1501.3009 
22.25 2150.0142 0.00000002942902 0 -0.00030828328 0.000000102249814 1995.5221 102.361984 0 0 -102.361984 1995.5221 0 -0.00030828328 0 0 2150.0142 
22.75 2723.5288 0.000000018481517 0 -0.0003373394 0.00000050534067 2558.3708 43.220306 0 0 -43.220306 2558.3708 0 -0.0003373394 0 0 2723.5288 
23.25 2751.8284 -0.0000010897114 0 0.00063737424 0.00000032561312 2568.449 12.26672 0 0 -12.26672 2568.449 0 0.00063737424 0 0 2751.8284 
23.75 2481.8347 -0.000000045155403 0 -0.00013371205 -0.000000038393488 2293.235 44.43245 0 0 -44.43245 2293.235 0 -0.00013371205 0 0 2481.8347 
24.25 2191.6223 -0.0000000045982866 0 -0.00007749263 -0.00000042903957 2017.0573 47.95681 0 0 -47.95681 2017.0573 0 -0.00007749263 0 0 2191.6223 
24.75 1836.9302 -0.0000006783672 0 -0.00004012129 0.0000011020365 1683.7958 -16.318518 0 0 16.318518 1683.7958 0 -0.00004012129 0 0 1836.9302 
25.25 1404.4825 0.000000015636967 0 0.000053326974 -0.0000009505392 1262.7196 -66.146 0 0 66.146 1262.7196 0 0.000053326974 0 0 1404.4825 
25.75 1159.8832 -0.000000007176426 0 -0.00018227991 0.00000071921113 1012 -34.042946 0 0 34.042946 1012 0 -0.00018227991 0 0 1159.8832 
26.25 1296.6691 -0.00000035057397 0 0.00022265941 0.0000006881628 1132.5137 24.473427 0 0 -24.473427 1132.5137 0 0.00022265941 0 0 1296.6691 
26.75 1578.5391 -0.0000000027632883 0 0.000113368165 -0.000000572131 1402.1223 21.655104 0 0 -21.655104 1402.1223 0 0.000113368165 0 0 1578.5391 
27.25 1608.0747 0.00000046094115 0 0.0004701528 -0.0000006500965 1432.9946 -25.64468 0 0 25.64468 1432.9946 0 0.0004701528 0 0 1608.0747 
27.75 1353.7307 0.00000030124735 0 -0.00012082484 0.00000075273636 1193.2001 -30.902725 0 0 30.902725 1193.2001 0 -0.00012082484 0 0 1353.7307 
28.25 1152.3988 0.00000020991452 0 -0.00043698453 -0.0000003059429 1011.49786 18.605648 0 0 -18.605648 1011.49786 0 -0.00043698453 0 0 1152.3988 
28.75 1201.0276 -0.0000017306401 0 -0.00030112843 0.0000016477254 1074.5768 42.167572 0 0 -42.167572 1074.5768 0 -0.00030112843 0 0 1201.0276 
29.25 1297.2986 0.000002146629 0 0.000103750666 -0.0000027162732 1173.0032 -1.7175391 0 0 1.7175391 1173.0032 0 0.000103750666 0 0 1297.2986 
29.75 1175.422 -0.000000068732746 0 0.000098181656 0.0000014342377 1040.6 -44.70273 0 0 44.70273 1040.6 0 0.000098181656 0 0 1175.422 
30.25 898.9522 0.000001677321 0 -0.0005029682 -0.0000022105298 747.8621 -12.89538 0 0 12.89538 747.8621 0 -0.0005029682 0 0 898.9522 
30.75 746.0304 0.00000030657074 0 0.000069980546 -0.0000010198083 583.3212 57.34199 0 0 -57.34199 583.3212 0 0.000069980546 0 0 746.0304 
31.25 809.54675 0.00000037774578 0 0.00018064547 -0.00000044642962 646.959 70.84851 0 0 -70.84851 646.959 0 0.00018064547 0 0 809.54675 
31.75 911.32196 -0.0000000026007583 0 -0.00030093838 -0.0000009565698 760.07294 10.454616 0 0 -10.454616 760.07294 0 -0.00030093838 0 0 911.32196 
32.25 899.56775 0.00000054219913 0 -0.000014067863 -0.000002107568 764.4412 -47.303566 0 0 47.303566 764.4412 0 -0.000014067863 0 0 899.56775 
32.75 841.0835 -0.0000025629104 0 -0.00016671773 0.0000026239468 719.6843 -49.22391 0 0 49.22391 719.6843 0 -0.00016671773 0 0 841.0835 
33.25 849.10986 0.0000000004701147 0 -0.00011198958 -0.0000005605428 734.42664 -29.095076 0 0 29.095076 734.42664 0 -0.00011198958 0 0 849.10986 
33.75 867.18146 -0.0000001425695 0 -0.0002713415 -0.00000023957728 750.277 -31.917286 0 0 31.917286 750.277 0 -0.0002713415 0 0 867.18146 
34.25 757.9077 -0.00000053289955 0 0.00018349705 0.00000012443844 630.6495 -34.702927 0 0 34.702927 630.6495 0 0.00018349705 0 0 757.9077 
34.75 542.12695 -0.00000012748518 0 0.00020520782 0.00000028135156 401.0178 7.661384 0 0 -7.661384 401.0178 0 0.00020520782 0 0 542.12695 
35.25 407.2707 0.000000053100788 0 0.0002184379 0.0000004157095 256.3544 72.45897 0 0 -72.45897 256.3544 0 0.0002184379 0 0 407.2707 
35.75 467.83102 -0.00000008551254 0 0.00028214717 0.00000056044706 316.94202 86.60482 0 0 -86.60482 316.94202 0 0.00028214717 0 0 467.83105 
36.25 625.4069 -0.0000000636725 0 0.000025956215 0.0000012140891 484.11115 29.457914 0 0 -29.457914 484.11115 0 0.000025956215 0 0 625.4069 
36.75 710.2559 0.00000057650976 0 -0.00019490384 -0.0000005572517 582.73096 -36.535496 0 0 36.535496 582.73096 0 -0.00019490384 0 0 710.2559 
37.25 683.2603 0.0000005408916 0 -0.00014183036 0.0000012122247 567.87744 -51.951622 0 0 51.951622 567.87744 0 -0.00014183036 0 0 683.2603 
37.75 630.28253 0.00000010653827 0 -0.0002953447 -0.00000408013 521.94995 -31.415197 0 0 31.415197 521.94995 0 -0.0002953447 0 0 630.28253 
38.25 603.7224 -0.0000001978485 0 0.00019175466 -0.00000021598865 495.50336 -20.901682 0 0 20.901682 495.50336 0 0.00019175466 0 0 603.7224 
38.75 557.8726 0.000000026629104 0 0.0000058081177 -0.000000544234 442.3624 -21.034163 0 0 21.034163 442.3624 0 0.0000058081177 0 0 557.8726 
39.25 448.81802 0.00000012316595 0 -0.000069075264 0.00000053470103 321.5019 2.5295641 0 0 -2.5295641 321.5019 0 -0.000069075264 0 0 448.81802 
39.75 328.4771 0.00000009552436 0 0.00000017874004 0.00000031567728 191.231 48.08134 0 0 -48.08134 191.231 0 0.00000017874004 0 0 328.4771 
40.25 293.29395 -0.00000008996461 0 -0.0001720642 0.0000008658084 153.36255 67.184525 0 0 -67.184525 153.36255 0 -0.0001720642 0 0 293.29395 
40.75 363.40536 -0.000000130142 0 -0.00012795716 -0.0000002826755 227.79059 33.71704 0 0 -33.71704 227.79059 0 -0.00012795716 0 0 363.40536 
41.25 455.3485 0.000000011683533 0 -0.0000011124664 -0.000001479038 326.57928 -15.815624 0 0 15.815624 326.57928 0 -0.0000011124664 0 0 455.3485 
41.75 478.4879 0.000000008647469 0 -0.004212951 -0.00000040990963 355.74948 -32.80166 0 0 32.80166 355.74948 0 -0.004212951 0 0 478.4879 
42.25 430.74677 0.000000057140152 0 0.000001417213 -0.00000022061104 312.88333 -19.749506 0 0 19.749506 312.88333 0 0.000001417213 0 0 430.74677 
42.75 382.2258 -0.00000013344527 0 -0.00020996743 -0.0000012564789 267.58466 -13.934909 0 0 13.934909 267.58466 0 -0.00020996743 0 0 382.2258 
43.25 378.4919 0.000000032095482 0 -0.000055250133 0.00000030985487 263.0707 -24.769413 0 0 24.769413 263.0707 0 -0.000055250133 0 0 378.4919 
43.75 387.88843 -0.00000027096698 0 -0.00004185803 0.00000011420312 266.953 -23.69374 0 0 23.69374 266.953 0 -0.00004185803 0 0 387.88843 
44.25 355.21786 0.000000035361982 0 0.000008333005 -0.00000055461663 227.88896 3.5073702 0 0 -3.5073702 227.88896 0 0.000008333005 0 0 355.21786 
44.75 287.4107 0.00000012770262 0 -0.00007293177 0.00000033470556 157.71172 28.720037 0 0 -28.720037 157.71172 0 -0.00007293177 0 0 287.4107 
45.25 254.18661 0.00000011583878 0 -0.00014773177 0.0000004978227 126.13479 21.677675 0 0 -21.677675 126.13479 0 -0.00014773177 0 0 254.18661 
45.75 296.84848 -0.00000026071484 0 -0.00002812559 -0.00000058138653 169.9727 -5.2911773 0 0 5.2911773 169.9727 0 -0.00002812559 0 0 296.84848 
46.25 365.2814 0.0000007139669 0 -0.000034112654 -0.0000005934348 236.69 -16.055351 0 0 16.055351 236.69 0 -0.000034112654 0 0 365.2814 
46.75 374.39563 -0.00000023516968 0 -0.000025541935 0.00000073458244 243.8904 -2.4961617 0 0 2.4961617 243.8904 0 -0.000025541935 0 0 374.39563 
47.25 312.19202 -0.00000016095225 0 -0.00008377922 -0.00000039449088 182.43506 8.250416 0 0 -8.250416 182.43506 0 -0.00008377922 0 0 312.19202 
47.75 254.6725 -0.0000004690351 0 0.00018877078 -0.0000009970346 126.21485 -2.2409873 0 0 2.2409873 126.21485 0 0.00018877078 0 0 254.6725 
48.25 263.51947 -0.00000034840258 0 -0.00004646332 0.0000002508757 132.76292 -17.109688 0 0 17.109688 132.76292 0 -0.00004646332 0 0 263.51947 
48.75 303.6903 -0.00000004208327 0 0.000017646043 0.00000031215419 167.63098 -12.243251 0 0 12.243251 167.631 0 0.000017646043 0 0 303.6903 
49.25 294.28033 -0.000000049270387 0 0.000012522313 0.0000003135496 155.25752 6.7874527 0 0 -6.7874527 155.25752 0 0.000012522313 0 0 294.28033 
49.75 223.12596 0.000000050247174 0 -0.0000693422 0.00000084818777 86.12502 13.839734 0 0 -13.839734 86.12502 0 -0.0000693422 0 0 223.12596 
50.25 166.94086 -0.00000010412141 0 0.000027998129 0.00000020224608 32.81418 0.83277714 0 0 -0.83277714 32.81418 0 0.000027998129 0 0 166.94086 
50.75 188.73665 -0.00000011777608 0 0.000057182264 -0.0000005403643 53.058327 -11.91664 0 0 11.91664 53.058327 0 0.000057182264 0 0 188.73665 
51.25 253.44536 -0.000000036565844 0 0.00006216125 -0.0000004647306 112.78654 -6.205486 0 0 6.205486 112.78654 0 0.00006216125 0 0 253.44536 
51.75 275.68854 0.00000014735446 0 0.00004542466 0.00000000939318 132.29955 9.108399 0 0 -9.108399 132.29955 0 0.00004542466 0 0 275.68854 
52.25 232.45908 0.0000000032062308 0 0.000095242365 -0.0000006631691 90.51533 12.927613 0 0 -12.927613 90.51533 0 0.000095242365 0 0 232.45908 
52.75 188.77896 -0.00000010979098 0 -0.0000005221579 0.00000051945904 47.48098 1.9316742 0 0 -1.9316742 47.480976 0 -0.0000005221579 0 0 188.77895 
53.25 206.94888 0.000000096104586 0 -0.0000012908953 -0.00000031045673 60.31265 -6.9874387 0 0 6.9874387 60.31265 0 -0.0000012908953 0 0 206.94888 
53.75 264.92532 -0.00000031058664 0 -0.000013326855 0.0000000076061735 108.58282 -1.8776615 0 0 1.8776615 108.58282 0 -0.000013326855 0 0 264.92532 
54.25 289.18118 -0.00000016159613 0 0.00004801996 0.00000059898315 124.61936 8.975786 0 0 -8.975786 124.61935 0 0.00004801996 0 0 289.18118 
54.75 251.2933 -0.00000043590893 0 -0.000042444623 0.00000088045715 81.72028 10.806224 0 0 -10.806224 81.72028 0 -0.000042444623 0 0 251.2933 
55.25 199.91269 0.00000033660945 0 0.000010687123 0.000000062166 23.82116 2.7682073 0 0 -2.7682073 23.82116 0 0.000010687123 0 0 199.91269 
55.75 193.73079 0.00000035182126 0 -0.00012083549 0.00000083695727 5.4242153 -2.999108 0 0 2.999108 5.424217 0 -0.00012083549 0 0 193.73079 
56.25 229.18575 -0.0000004555655 0 -0.0000950614 0.00000038688026 25.84481 0.86141986 0 0 -0.86141986 25.84481 0 -0.0000950614 0 0 229.18575 
56.75 252.78696 -0.00000060723676 0 -0.000025484438 0.0000001093656 38.663628 8.243174 0 0 -8.243174 38.663624 0 -0.000025484438 0 0 252.78696 
57.25 232.41647 -0.0000002303395 0 0.000039934217 0.00000025973415 14.771344 9.66017 0 0 -9.66017 14.771337 0 0.000039934217 0 0 232.41647 
57.75 192.92534 -0.0000000729044 0 -0.0001079494 0.0000004178396 -24.639652 4.650737 0 0 -4.650737 -24.63966 0 -0.0001079494 0 0 192.92534 
58.25 177.92006 -0.000000117997885 0 -0.0002671653 -0.00000034305972 -40.105206 0.20157734 0 0 -0.20157734 -40.105206 0 -0.0002671653 0 0 177.92006 
58.75 194.64667 0.00000012644273 0 -0.00009207367 -0.00000024871443 -22.616049 0.222851 0 0 -0.222851 -22.616049 0 -0.00009207367 0 0 194.64667 
59.25 210.70654 0.00000042644263 0 -0.00020508522 0.00000037109564 1.2572696 1.6990982 0 0 -1.6990982 1.2572696 0 -0.00020508522 0 0 210.70654 
59.75 198.35904 0.00000034140848 0 -0.00017881408 0.00000021200526 6.272815 0.94720256 0 0 -0.94720256 6.272815 0 -0.00017881408 0 0 198.35904 
60.25 166.00954 -0.00000008774558 0 -0.000094788295 0.0000001787412 -3.2873106 -0.8931659 0 0 0.8931659 -3.2873106 0 -0.000094788295 0 0 166.00954 
60.75 141.82991 -0.00000018904683 0 0.00003392052 0.00000027234125 -5.244203 -0.7717274 0 0 0.7717274 -5.244203 0 0.00003392052 0 0 141.82991 
61.25 137.36278 -0.00000016311569 0 0.00004240105 -0.00000035469296 10.496233 0.71198255 0 0 -0.71198255 10.496233 0 0.00004240105 0 0 137.36276 
61.75 137.87305 0.00000020492436 0 0.000050165694 0.00000020372154 32.40721 0.08428755 0 0 -0.08428755 32.40721 0 0.000050165694 0 0 137.87305 
62.25 126.090805 0.00000008559633 0 0.000083016195 0.00000053311925 45.276955 -3.180862 0 0 3.180862 45.276955 0 0.000083016195 0 0 126.090805 
62.75 104.82129 -0.000000018558714 0 0.00020830285 -0.00000007401958 48.69981 -4.901808 0 0 4.901808 48.69981 0 0.00020830285 0 0 104.82129 
63.25 90.960464 -0.000000006147685 0 0.000106234256 0.00000020591858 53.680332 -1.7612759 0 0 1.7612759 53.680332 0 0.000106234256 0 0 90.960464 
63.75 92.424324 0.000000040815795 0 0.000007979267 -0.000000040611845 65.47915 3.3088965 0 0 -3.3088965 65.47915 0 0.000007979267 0 0 92.424324 
64.25 98.68742 -0.0000000069306525 0 0.000050929346 0.0000000424794 76.36885 3.8606474 0 0 -3.8606474 76.36885 0 0.000050929346 0 0 98.68742 
64.75 95.172585 0.00000013675792 0 -0.00003796613 -0.00000000615293 76.36776 -1.9550104 0 0 1.9550104 76.36776 0 -0.00003796613 0 0 95.172585 
65.25 81.58729 -0.00000009325125 0 -0.000034445162 0.000000091751 66.73084 -8.1852865 0 0 8.1852865 66.73084 0 -0.000034445162 0 0 81.58729 
65.75 71.66416 0.000000110740146 0 -0.000044400946 0.0000001669653 59.102898 -7.4170427 0 0 7.4170427 59.102898 0 -0.000044400946 0 0 71.66416 
66.25 75.91797 0.0000000098218695 0 -0.000010765743 0.000000066217375 61.978 0.4361884 0 0 -0.4361884 61.978 0 -0.000010765743 0 0 75.91797 
66.75 88.83672 0.00000007642731 0 0.000024932557 -0.00000010801821 71.12755 7.3520794 0 0 -7.3520794 71.12755 0 0.000024932557 0 0 88.83672 
67.25 94.96733 -0.00000012254708 0 0.00006477025 -0.000000117930846 74.79934 5.714842 0 0 -5.714842 74.79934 0 0.00006477025 0 0 94.96733 
67.75 85.89508 -0.00000006354004 0 0.000036407957 0.00000010554078 67.00656 -3.2781389 0 0 3.2781389 67.00656 0 0.000036407957 0 0 85.89508 
68.25 68.89145 -0.00000013555807 0 0.000023033863 -0.000000010248976 53.92025 -10.620344 0 0 10.620344 53.92025 0 0.000023033863 0 0 68.89145 
68.75 58.785908 -0.000000016761776 0 0.000012323588 0.000000058480975 47.170124 -8.814218 0 0 8.814218 47.170124 0 0.000012323588 0 0 58.785908 
69.25 62.951397 -0.000000047075673 0 0.0000056573867 0.00000003172685 52.085983 0.4497824 0 0 -0.4497824 52.085983 0 0.0000056573867 0 0 62.951397 
69.75 75.04746 0.000000101402954 0 0.0000008917417 -0.00000010594029 63.054092 8.115694 0 0 -8.115694 63.054092 0 0.0000008917417 0 0 75.04746 
70.25 82.3973 -0.00000013703949 0 -0.0000124126145 0.0000001371195 69.56381 6.8551307 0 0 -6.8551307 69.56381 0 -0.0000124126145 0 0 82.3973 
70.75 78.09475 0.00000001672232 0 -0.0005648046 0.000000020558405 65.87134 -1.931171 0 0 1.931171 65.87134 0 -0.0005648046 0 0 78.09475 
71.25 66.003235 -0.00000017442478 0 -0.000023595061 0.000000035991587 55.065887 -9.856038 0 0 9.856038 55.065887 0 -0.000023595061 0 0 66.003235 
71.75 55.59843 0.0000001408184 0 0.00002280089 -0.000000008204184 45.124775 -9.689612 0 0 9.689612 45.124775 0 0.00002280089 0 0 55.59843 
72.25 53.121635 0.0000000024445006 0 0.000048391576 0.00000002230819 41.847454 -1.8677133 0 0 1.8677133 41.847454 0 0.000048391576 0 0 53.121635 
72.75 57.456745 -0.000000059583435 0 0.000014393972 0.00000022067893 45.14635 6.476234 0 0 -6.476234 45.14635 0 0.000014393972 0 0 57.456745 
73.25 62.936623 -0.0000000040980526 0 0.000021121288 0.00000008628591 50.667984 8.283964 0 0 -8.283964 50.667984 0 0.000021121288 0 0 62.936623 
73.75 64.85613 0.000000016819651 0 0.000006338684 0.000000107455534 53.907185 2.579891 0 0 -2.579891 53.907185 0 0.000006338684 0 0 64.85613 
74.25 62.518307 0.00000009141623 0 0.000009763571 -0.000000055588746 53.071754 -5.3402815 0 0 5.3402815 53.071754 0 0.000009763571 0 0 62.518307 
74.75 58.09216 0.00000012576167 0 -0.000011125971 -0.00000012571446 49.05389 -8.958415 0 0 8.958415 49.05389 0 -0.000011125971 0 0 58.09216 
75.25 53.753494 0.000000062445764 0 -0.000018226077 -0.000000068958784 43.803276 -5.9161673 0 0 5.9161673 43.803276 0 -0.000018226077 0 0 53.753494 
75.75 50.15905 -0.00000019118978 0 0.0000040670107 0.00000020999926 38.97967 0.67359495 0 0 -0.67359495 38.97967 0 0.0000040670107 0 0 50.15905 
76.25 47.102287 0.0000000009906728 0 0.00001537737 -0.000000009150196 35.64794 5.407691 0 0 -5.407691 35.64794 0 0.00001537737 0 0 47.102287 
76.75 44.848866 -0.00000006789528 0 0.000016480548 0.00000015567116 34.461468 5.0532494 0 0 -5.0532494 34.461468 0 0.000016480548 0 0 44.848866 
77.25 44.35264 -0.00000000054005417 0 0.000008104024 0.00000005116599 35.55965 0.6453101 0 0 -0.6453101 35.55965 0 0.000008104024 0 0 44.35264 
77.75 46.10131 -0.000000008814669 0 -0.0000001756095 0.000000037218484 38.139874 -3.9503818 0 0 3.9503818 38.139874 0 -0.0000001756095 0 0 46.10131 
78.25 48.9205 -0.00000003051283 0 0.0000066312746 0.00000012639933 40.347164 -5.3077536 0 0 5.3077536 40.347164 0 0.0000066312746 0 0 48.9205 
78.75 50.157413 -0.000000047274856 0 0.0000005167593 0.00000014826851 39.993755 -2.8180194 0 0 2.8180194 39.993755 0 0.0000005167593 0 0 50.157413 
79.25 47.37859 -0.00000008221482 0 -0.0000042784905 0.00000012108202 35.863132 1.3581169 0 0 -1.3581169 35.863132 0 -0.0000042784905 0 0 47.37859 
79.75 40.301205 0.0000000674549 0 -0.0000015331321 -0.00000009817181 28.698462 4.257958 0 0 -4.257958 28.698462 0 -0.0000015331321 0 0 40.301205 
80.25 31.402893 0.000000056063435 0 0.000009377556 -0.00000027396993 21.070856 4.2569256 0 0 -4.2569256 21.070856 0 0.000009377556 0 0 31.402893 
80.75 24.646297 0.00000003184336 0 0.000011293086 -0.000000032037388 16.081293 1.895205 0 0 -1.895205 16.081293 0 0.000011293086 0 0 24.646296 
81.25 23.150885 -0.0000000655695 0 0.000012069927 0.000000038791423 15.674771 -0.88510716 0 0 0.88510716 15.674771 0 0.000012069927 0 0 23.150885 
81.75 27.36645 0.00000000050789417 0 -0.0000014508926 0.0000000005729114 19.611778 -2.2529767 0 0 2.2529767 19.611778 0 -0.0000014508926 0 0 27.366446 
82.25 34.873856 0.000000034563662 0 -0.00001527384 0.00000006130256 25.679394 -1.6161281 0 0 1.6161281 25.679394 0 -0.00001527384 0 0 34.873856 
82.75 41.818516 -0.00000006686194 0 -0.000006793364 0.00000013886493 30.930025 0.25971833 0 0 -0.25971833 30.930025 0 -0.000006793364 0 0 41.818516 
83.25 44.98835 -0.000000104155326 0 0.000001194958 0.00000016990509 33.158722 1.9852496 0 0 -1.9852496 33.158722 0 0.000001194958 0 0 44.98835 
83.75 43.31832 -0.0000000003936672 0 0.0000011544222 -0.000000073402425 31.815552 2.4975293 0 0 -2.4975293 31.815552 0 0.0000011544222 0 0 43.31832 
84.25 38.10041 -0.0000000010682677 0 -0.0000008946689 -0.000000035528107 27.980934 1.6083747 0 0 -1.6083747 27.980934 0 -0.0000008946689 0 0 38.10041 
84.75 32.029125 0.00000007941918 0 -0.0000070056512 -0.00000014062607 23.604107 -0.05995447 0 0 0.05995447 23.604107 0 -0.0000070056512 0 0 32.029125 
85.25 27.756775 -0.000000004092501 0 0.000009596559 0.000000012767628 20.509268 -1.576844 0 0 1.576844 20.509268 0 0.000009596559 0 0 27.756775 
85.75 26.745985 -0.0000000038673353 0 0.000004356607 -0.000000024201896 19.669199 -2.2537103 0 0 2.2537103 19.669199 0 0.000004356607 0 0 26.745985 
86.25 28.866112 -0.00000009909003 0 -0.0000037697944 0.00000004133588 20.984997 -1.9401135 0 0 1.9401135 20.984997 0 -0.0000037697944 0 0 28.866112 
86.75 32.738564 0.00000002419002 0 0.000027030981 -0.00000010369747 23.533558 -0.9749531 0 0 0.9749531 23.533558 0 0.000027030981 0 0 32.738564 
87.25 36.508694 0.0000000011780171 0 0.000006396319 -0.00000003854527 26.065311 0.09087331 0 0 -0.09087331 26.065311 0 0.000006396319 0 0 36.508694 
87.75 38.628407 0.000000002721262 0 -0.000005618954 0.00000019046496 27.504723 0.8009303 0 0 -0.8009303 27.504723 0 -0.000005618954 0 0 38.628407 
88.25 38.359535 0.00000003736816 0 0.00000568395 0.00000004878907 27.285824 0.97667414 0 0 -0.97667414 27.285824 0 0.00000568395 0 0 38.359535 
88.75 35.876072 0.0000000026691838 0 0.0000014510827 -0.000000044884793 25.449144 0.72085214 0 0 -0.72085214 25.449144 0 0.0000014510827 0 0 35.876072 
89.25 32.03316 0.00000007677831 0 0.000007777423 -0.000000068416334 22.525898 0.29239112 0 0 -0.29239112 22.525898 0 0.000007777423 0 0 32.03316 
89.75 27.958542 -0.00000003383265 0 -0.00082095666 0.000000051423225 19.290058 -0.05376306 0 0 0.05376306 19.290058 0 -0.00082095666 0 0 27.958542 
90.5 23.490082 0.0000000015347941 0 0.000017418519 -0.000000035383575 15.408864 -0.16329695 0 0 0.16329695 15.408864 0 0.000017418519 0 0 23.490082 
91.5 22.462685 -0.00000006560115 0 0.000016690039 0.000000024713719 13.804806 0.15097047 0 0 -0.15097047 13.804806 0 0.000016690039 0 0 22.462685 
92.5 25.010487 -0.000000013918516 0 0.000009085462 -0.00000004091747 15.214074 0.16442198 0 0 -0.16442198 15.214074 0 0.000009085462 0 0 25.010487 
93.5 26.955664 0.000000034532437 0 -0.000006878147 0.00000004577049 16.525648 -0.23599607 0 0 0.23599607 16.525648 0 -0.000006878147 0 0 26.955664 
94.5 26.178326 -0.00000000112665 0 0.0000043180594 -0.000000059822696 15.854812 -0.48928922 0 0 0.48928922 15.854812 0 0.0000043180594 0 0 26.178326 
95.5 24.227919 -0.0000000021520263 0 0.0000066490625 -0.00000010012791 14.327119 -0.3468216 0 0 0.3468216 14.327119 0 0.0000066490625 0 0 24.227919 
96.5 24.365896 -0.0000000023974966 0 -0.000005481816 0.000000044432134 14.665163 -0.08730438 0 0 0.08730438 14.665163 0 -0.000005481816 0 0 24.365896 
97.5 26.793488 -0.00000000079787466 0 -0.0000023196076 -0.00000009562748 16.968605 0.037899792 0 0 -0.037899792 16.968605 0 -0.0000023196076 0 0 26.793488 
98.5 27.481264 -0.000000033228048 0 0.0000031293762 0.000000008838979 17.511768 0.19358861 0 0 -0.19358861 17.511768 0 0.0000031293762 0 0 27.481264 
99.5 23.974731 -0.000000013075782 0 0.00015084086 0.00000003789066 13.934061 0.5837034 0 0 -0.5837034 13.934061 0 0.00015084086 0 0 23.974731 
100.5 19.574423 0.000000001233956 0 0.000003569009 0.00000006877048 9.383102 0.79075885 0 0 -0.79075885 9.383102 0 0.000003569009 0 0 19.574423 
101.5 18.689566 0.000000028337304 0 0.000011833413 -0.000000020012138 8.373933 0.22433168 0 0 -0.22433168 8.373933 0 0.000011833413 0 0 18.689566 
102.5 20.086342 -0.000000000062002584 0 -0.000009679832 0.000000020053113 9.83354 -0.6204658 0 0 0.6204658 9.83354 0 -0.000009679832 0 0 20.086342 
103.5 18.940811 0.00000000381427 0 -0.0000026694374 -0.000000068177556 8.718238 -0.5865312 0 0 0.5865312 8.718238 0 -0.0000026694374 0 0 18.940811 
104.5 15.4264 -0.000000001499809 0 0.0000100249035 -0.000000022506399 5.012798 0.14639284 0 0 -0.14639284 5.012798 0 0.0000100249035 0 0 15.4264 
105.5 14.762578 0.000000016391024 0 0.0000069097564 0.000000015700198 4.1260686 0.17760238 0 0 -0.17760238 4.1260686 0 0.0000069097564 0 0 14.762578 
106.5 17.136585 0.0000000002842025 0 -0.000004983742 -0.00000000594742 6.4047904 -0.57120055 0 0 0.57120055 6.4047904 0 -0.000004983742 0 0 17.136585 
107.5 16.897995 0.000000020477552 0 -0.0000030900983 -0.00000007922845 6.075817 -0.7738866 0 0 0.7738866 6.075817 0 -0.0000030900983 0 0 16.897995 
108.5 14.179224 0.0000000005803098 0 0.000010652706 0.00000007826937 3.0329506 -0.59096944 0 0 0.59096944 3.0329506 0 0.000010652706 0 0 14.179224 
109.5 14.705221 0.0000000011563418 0 0.0000072313783 0.000000015449775 2.9876082 -1.2964617 0 0 1.2964617 2.9876082 0 0.0000072313783 0 0 14.705221 
110.5 16.686457 -0.0000000650349 0 -0.00000057132934 0.00000013528023 4.636974 -2.05542 0 0 2.05542 4.636974 0 -0.00000057132934 0 0 16.686457 
111.5 14.766615 0.000000019221773 0 0.000007465378 -0.000000008516778 2.919586 -1.4952976 0 0 1.4952976 2.919586 0 0.000007465378 0 0 14.766615 
112.5 13.015542 0.000000006546669 0 -0.0000051844327 0.000000042462958 1.2379029 -0.97203356 0 0 0.97203356 1.2379026 0 -0.0000051844327 0 0 13.015544 
113.5 15.126278 -0.0000000024347848 0 -0.000011437917 -0.000000050211245 2.7025712 -1.4569385 0 0 1.4569385 2.7025712 0 -0.000011437917 0 0 15.126278 
114.5 15.497001 0.0000000101394395 0 0.000019257486 -0.000000019358689 2.1770387 -1.3497267 0 0 1.3497267 2.1770387 0 0.000019257486 0 0 15.497 
115.5 13.8688545 0.0000000050916142 0 0.000026583104 0.000000041130182 -0.008556604 -0.75074816 0 0 0.75074816 -0.008556664 0 0.000026583104 0 0 13.8688545 
116.5 15.595931 -0.000000017118428 0 0.000015011738 -0.00000001936868 1.7587533 -0.91297644 0 0 0.91297644 1.7587533 0 0.000015011738 0 0 15.595931 
117.5 16.81141 0.0000000026214106 0 -0.000022009603 0.00000002773052 3.6400664 -0.47737098 0 0 0.47737098 3.6400664 0 -0.000022009603 0 0 16.81141 
118.5 15.412012 0.0000000045396322 0 -0.000018646764 -0.000000055149446 2.6428542 0.6508924 0 0 -0.6508924 2.6428542 0 -0.000018646764 0 0 15.412012 
119.5 17.212828 -0.00000001295327 0 -0.000019573155 -0.00000003252945 3.5705318 0.64359176 0 0 -0.64359176 3.5705316 0 -0.000019573155 0 0 17.212828 
120.5 18.800848 -0.000000003062605 0 0.0000015035603 -0.000000014887355 3.2724895 0.61126184 0 0 -0.61126184 3.2724895 0 0.0000015035603 0 0 18.800848 
121.5 17.19762 -0.000000014112155 0 0.000016997092 0.000000017112757 -0.48569465 1.0413288 0 0 -1.0413288 -0.48569465 0 0.000016997092 0 0 17.19762 
122.5 17.463673 -0.000000028915377 0 0.000054302145 -0.000000006193656 -1.880837 0.51699555 0 0 -0.51699555 -1.880837 0 0.000054302145 0 0 17.463673 
123.5 16.15224 0.0000000074224666 0 0.000037620335 -0.0000000010440471 -3.4198568 0.4401505 0 0 -0.4401505 -3.4198568 0 0.000037620335 0 0 16.15224 
124.5 12.61571 0.000000026675506 0 0.00002223251 0.000000032488696 -5.683071 0.8581793 0 0 -0.8581793 -5.6830707 0 0.00002223251 0 0 12.61571 
125.5 11.936451 0.00000001318724 0 -0.000006671894 0.000000014507865 -4.101133 0.4613088 0 0 -0.4613088 -4.101133 0 -0.000006671894 0 0 11.936451 
126.5 10.330265 0.000000005033203 0 -0.0000057743755 0.000000038800177 -2.829806 0.7086118 0 0 -0.7086118 -2.829806 0 -0.0000057743755 0 0 10.330265 
127.5 9.071645 -0.000000008311989 0 0.000009763389 -0.000000038709707 -1.5630236 0.74925166 0 0 -0.74925166 -1.5630236 0 0.000009763389 0 0 9.071645 
128.5 10.125076 0.000000016830318 0 0.000005910639 -0.00000003824575 0.9206041 0.04936428 0 0 -0.04936428 0.92060435 0 0.000005910639 0 0 10.125076 
129.5 8.964324 0.0000000008269692 0 0.000012737174 -0.000000016833583 0.022089958 0.087781556 0 0 -0.087781556 0.022089958 0 0.000012737174 0 0 8.964325 
130.5 8.736462 -0.000000017199511 0 -0.0000025032518 -0.000000009654435 -1.1514344 -0.3025633 0 0 0.3025633 -1.1514344 0 -0.0000025032518 0 0 8.736461 
131.5 8.843787 0.0000000025696196 0 -0.0000075610556 0.0000000057870237 -2.382215 -0.29843175 0 0 0.29843175 -2.382215 0 -0.0000075610556 0 0 8.843787 
132.5 8.168276 -0.000000009132095 0 0.0000057173525 -0.000000000879306 -3.9975114 0.2789438 0 0 -0.2789438 -3.9975114 0 0.0000057173525 0 0 8.168276 
133.5 9.448282 -0.00000000462651 0 -0.0000044910885 0.0000000022532678 -2.8017533 0.063592635 0 0 -0.063592635 -2.8017533 0 -0.0000044910885 0 0 9.448282 
134.5 8.703762 -0.0000000120173915 0 0.0000043866066 0.0000000108915 -2.2375255 0.1482095 0 0 -0.1482095 -2.2375252 0 0.0000043866066 0 0 8.703762 
135.5 7.158159 -0.000000027144644 0 0.000013602385 0.000000032273466 -1.6512504 -0.30767924 0 0 0.30767924 -1.6512502 0 0.000013602385 0 0 7.158159 
136.5 5.3535843 0.000000009897924 0 0.000007669975 0.000000005339516 -1.0201142 -0.56884396 0 0 0.56884396 -1.0201141 0 0.000007669975 0 0 5.353585 
137.5 3.3791573 -0.0000000032898417 0 0.00000039645644 -0.000000026265392 -0.7501062 -0.05752849 0 0 0.05752849 -0.7501062 0 0.00000039645644 0 0 3.3791573 
138.5 3.6085994 0.0000000022021793 0 0.0000043029418 0.0000000028053793 1.0789664 -0.009696965 0 0 0.009696965 1.0789664 0 0.0000043029418 0 0 3.6085994 
139.5 2.9077287 -0.00000000020208907 0 0.0000050409344 -0.000000002168933 1.5750442 0.15881637 0 0 -0.15881637 1.5750442 0 0.0000050409344 0 0 2.9077287 
140.5 2.2949586 0.0000000011069885 0 -0.0000020552159 0.000000000020974819 1.5023556 -0.24794063 0 0 0.24794063 1.5023556 0 -0.0000020552159 0 0 2.2949586 
141.5 1.812174 0.00000000038625808 0 -0.00000062095324 0.000000002471456 1.1009474 -0.24942018 0 0 0.24942018 1.1009474 0 -0.00000062095324 0 0 1.812174 
142.5 1.9245557 0.00000000016456443 0 0.0000020384032 -0.0000000025956772 1.156438 0.11546992 0 0 -0.11546992 1.156438 0 0.0000020384032 0 0 1.9245555 
143.5 2.5635505 0.00000000044052423 0 0.0000022834888 0.0000000012102069 1.8013211 -0.011885868 0 0 0.011885868 1.8013211 0 0.0000022834888 0 0 2.5635505 
144.5 1.7920104 -0.000000000012325896 0 0.0000004595474 -0.0000000042583457 1.1554526 -0.076021895 0 0 0.076021895 1.1554526 0 0.0000004595474 0 0 1.7920104 
145.5 1.6821231 -0.000000000107317134 0 -0.0000003308299 -0.0000000007343908 1.0483216 -0.18114294 0 0 0.18114294 1.0483216 0 -0.0000003308299 0 0 1.6821231 
146.5 1.7163457 0.00000000024440705 0 -0.00000082286306 -0.000000000019715143 1.1491069 0.13363142 0 0 -0.13363142 1.1491069 0 -0.00000082286306 0 0 1.7163457 
147.5 1.8486878 -0.00000000029383945 0 -0.00000045487582 0.0000000013361968 1.3363444 -0.02281759 0 0 0.02281759 1.3363444 0 -0.00000045487582 0 0 1.8486878 
148.5 1.5026677 0.0000000013141501 0 -0.00000011005666 -0.0000000036877088 1.0265173 -0.17520225 0 0 0.17520225 1.0265173 0 -0.00000011005666 0 0 1.5026677 
149.5 1.3814312 0.00000000038274145 0 0.0000024722278 0.0000000076734565 0.82991296 -0.02806595 0 0 0.02806595 0.82991296 0 0.0000024722278 0 0 1.3814312 
150.5 1.7009045 -0.00000000013550408 0 0.0000010414452 0.00000000037423145 1.1738583 0.022577621 0 0 -0.022577621 1.1738583 0 0.0000010414452 0 0 1.7009045 
151.5 1.3658212 -0.000000004480522 0 0.000000032670705 -0.00000000043400422 0.907113 -0.03425121 0 0 0.03425121 0.907113 0 0.000000032670705 0 0 1.3658212 
152.5 1.2938597 0.000000000011337398 0 0.00000034245429 0.00000000047662646 0.7528594 -0.0964299 0 0 0.0964299 0.7528594 0 0.00000034245429 0 0 1.2938597 
153.5 1.3283402 0.00000000006587928 0 -0.0000009584863 -0.0000000016022538 0.828867 0.07929633 0 0 -0.07929633 0.828867 0 -0.0000009584863 0 0 1.3283402 
154.5 1.298955 -0.00000000408733 0 -0.0000007419603 0.000000005381001 0.81347036 -0.09634104 0 0 0.09634104 0.81347036 0 -0.0000007419603 0 0 1.298955 
155.5 1.1193086 0.000000000043719216 0 0.0000010748272 -0.0000000044897885 0.62600005 -0.059305377 0 0 0.059305377 0.62600005 0 0.0000010748272 0 0 1.1193086 
156.5 1.2250785 -0.0000000018804962 0 0.0000011729543 0.0000000060044036 0.69286007 0.021378709 0 0 -0.021378709 0.69286007 0 0.0000011729543 0 0 1.2250785 
157.5 1.1007056 -0.000000000135071 0 -0.0000006726513 0.0000000020627746 0.546039 -0.038343105 0 0 0.038343105 0.546039 0 -0.0000006726513 0 0 1.1007056 
158.5 1.012755 0.0000000001198974 0 0.00000035138143 -0.00000000088865265 0.4482125 -0.046399195 0 0 0.046399195 0.4482125 0 0.00000035138143 0 0 1.012755 
159.5 1.0818049 0.00000000014690177 0 0.00000026693286 0.000000002625227 0.48653063 -0.021696867 0 0 0.021696867 0.48653063 0 0.00000026693286 0 0 1.0818049 
160.5 0.97664475 -0.00000000036722222 0 -0.00000018660891 -0.0000000017952818 0.37235025 -0.03934467 0 0 0.03934467 0.37235022 0 -0.00000018660891 0 0 0.97664475 
161.5 0.9423569 0.0000000021801885 0 0.0000002503573 0.0000000010639186 0.31511164 -0.038921095 0 0 0.038921095 0.31511164 0 0.0000002503573 0 0 0.9423569 
162.5 0.890366 -0.000000000033452782 0 -0.000000030096594 -0.00000000036819686 0.23017083 0.014566032 0 0 -0.014566032 0.23017083 0 -0.000000030096594 0 0 0.890366 
163.5 0.87610275 -0.00000000010802477 0 0.0000011590772 0.0000000027235851 0.17871659 -0.03853763 0 0 0.03853763 0.17871661 0 0.0000011590772 0 0 0.87610275 
164.5 0.86041766 -0.00000000023214683 0 0.0000028758252 -0.0000000016884611 0.0737154 -0.023348484 0 0 0.023348484 0.0737154 0 0.0000028758252 0 0 0.86041766 
165.5 0.8703203 -0.000000000109611716 0 0.0000012899128 0.0000000048244355 -0.067909315 -0.043732446 0 0 0.043732446 -0.067909315 0 0.0000012899128 0 0 0.8703203 
166.5 0.8746718 0.00000000084496393 0 -0.0000008117776 -0.0000000005672854 -0.20586962 -0.034879576 0 0 0.034879576 -0.20586962 0 -0.0000008117776 0 0 0.8746718 
167.5 0.8775202 -0.00000000009090706 0 -0.0000033569872 0.00000000073606404 -0.2992704 -0.016086953 0 0 0.016086953 -0.29927042 0 -0.0000033569872 0 0 0.8775202 
168.5 0.76355857 0.0000000009497372 0 0.0000025266195 0.0000000015496351 -0.36926293 -0.015546703 0 0 0.015546703 -0.36926293 0 0.0000025266195 0 0 0.76355857 
169.5 0.61269736 0.000000001766113 0 0.0000032783041 0.00000000060569216 -0.337343 -0.00018704786 0 0 0.00018704786 -0.337343 0 0.0000032783041 0 0 0.61269736 
170.5 0.43530208 -0.00000000070600925 0 0.00000028874865 -0.0000000007725219 -0.24979793 0.0021938614 0 0 -0.0021938614 -0.24979793 0 0.00000028874865 0 0 0.43530208 
171.5 0.25110373 -0.0000000003958175 0 0.000000038250466 0.00000000006389216 -0.16607292 0.0044692736 0 0 -0.0044692736 -0.16607292 0 0.000000038250466 0 0 0.25110373 
172.5 0.13578908 0.0000000001213319 0 0.00000014171763 0.0000000003913908 -0.0736305 0.0039415574 0 0 -0.0039415574 -0.0736305 0 0.00000014171763 0 0 0.13578908 
173.5 0.048169825 0.000000000018121041 0 0.00000031155574 0.000000000048662 -0.031103186 0.0055419942 0 0 -0.0055419942 -0.031103183 0 0.00000031155574 0 0 0.048169825 
174.5 0.02100918 -0.00000000002849074 0 -0.00000006931744 -0.000000000026196994 -0.0028624232 0.00029804913 0 0 -0.00029804913 -0.0028624232 0 -0.00000006931744 0 0 0.02100918 
175.5 0.007475946 -0.0000000000103407985 0 0.000000016009745 -0.0000000000023722105 0.0024441604 -0.00040534022 0 0 0.00040534022 0.0024441604 0 0.000000016009745 0 0 0.007475946 
176.5 0.003655229 0.000000000005691109 0 -0.000000080124565 0.000000000012358052 0.0006546889 -0.0005710007 0 0 0.0005710007 0.00065468886 0 -0.000000080124565 0 0 0.003655229 
177.5 0.0044332906 0.00000000001038352 0 -0.000000017754209 -0.000000000005226258 0.0018068032 -0.00050389697 0 0 0.00050389697 0.0018068032 0 -0.000000017754209 0 0 0.0044332906 
178.5 0.0008747387 0.0000000000029711114 0 0.00000005024141 0.0000000000039066667 -0.0005042613 0.00007996573 0 0 -0.00007996573 -0.0005042613 0 0.00000005024141 0 0 0.0008747387 
179.5 0.00028363863 -0.00000000000014228178 0 -0.000000027708417 -0.00000000000033276596 -0.000029492905 0.0000042877145 0 0 -0.0000042877145 -0.000029492901 0 -0.000000027708417 0 0 0.00028363863 
