0.05 65918330 99.13138 -22.502594 466.40918 86.91699 65812932 -18632.703 133.0841 -34.56064 18630.408 65812940 87.12811 1003.96106 -135.59613 -87.12811 65780452 
0.15 64314216 -278.03342 -278.33307 -1620.3066 -388.33264 64209844 -17502.164 894.5478 -375.12042 17505.17 64209830 747.2156 -1059.6449 -916.801 -747.2156 64178504 
0.25 61257428 -1519.6511 -791.43176 -5351.5913 -1792.7618 61155004 -15363.291 2339.7832 -1047.5242 15374.299 61154996 1823.3271 -4751.294 -2399.3828 -1823.3271 61125896 
0.35000002 57017210 -4625.5674 -1592.3816 -9993.492 -5076.914 56917696 -12470.421 4123.7334 -2057.313 12508.007 56917564 2918.351 -9347.97 -4233.022 -2918.351 56891476 
0.45 51946812 -10120.038 -2652.1135 -14660.013 -10713.204 51850936 -9147.315 5945.4233 -3346.059 9238.391 51850684 3573.5068 -13975.326 -6109.6675 -3573.5068 51828196 
0.55 46429732 -17711.451 -3871.5352 -18595.553 -18373.404 46338110 -5835.231 7464.3706 -4782.858 6015.7534 46337590 3467.8489 -17886.414 -7682.1 -3467.8489 46319084 
0.65 40831570 -26467.352 -5093.921 -21261.95 -27110.896 40744516 -2966.531 8436.259 -6182.6353 3273.2815 40743644 2401.668 -20547.797 -8697.522 -2401.668 40729276 
0.75 35461284 -35233.684 -6119.6123 -22413.793 -35779.03 35378864 -911.743 8725.035 -7324.266 1380.1959 35377556 358.56055 -21713.47 -9011.982 -358.56055 35367324 
0.85 30546908 -43114.57 -6811.367 -22055.521 -43500.59 30468966 110.418846 8321.406 -8061.3687 545.9157 30467186 -2537.6516 -21383.97 -8611.281 2537.6516 30460956 
0.95000005 26225636 -49617.434 -7100.3647 -20382.84 -49806.793 26151910 86.12985 7308.801 -8327.717 773.74786 26149648 -6019.277 -19749.898 -7577.6865 6019.277 26147160 
1.05 22548208 -54552.99 -7015.7437 -17701.172 -54531.83 22478372 -786.9959 5876.057 -8165.8213 1851.1313 22475676 -9686.84 -17112.586 -6104.544 9686.84 22476542 
1.1500001 19492878 -57786.69 -6661.331 -14373.127 -57562.832 19426636 -2152.0566 4235.5503 -7698.89 3406.2466 19423608 -13065.21 -13832.415 -4411.775 13065.21 19427340 
1.25 16986946 -59153.066 -6169.3315 -10809.56 -58754.094 16923980 -3580.7368 2600.02 -7077.2114 4996.801 16920782 -15693.01 -10319.821 -2720.33 15693.01 16926918 
1.35 14930587 -58551.844 -5659.2813 -7431.2734 -58021.664 14870605 -4691.083 1144.682 -6431.941 6230.319 14867394 -17221.234 -6996.2246 -1209.0552 17221.234 14875511 
1.45 13218777 -56118.867 -5199.946 -4653.0396 -55511.184 13161478 -5244.2373 -10.983116 -5836.11 6862.292 13158423 -17497.64 -4276.9014 3.6152954 17497.64 13168211 
1.55 11758336 -52287.945 -4807.0327 -2813.2686 -51656.574 11703391 -5189.1265 -809.1478 -5305.338 6840.7344 11700625 -16578.73 -2499.6497 864.8855 16578.73 11711895 
1.6500001 10477287 -47628.08 -4456.358 -2104.3318 -47016.594 10424394 -4657.924 -1234.3795 -4815.284 6300.4585 10421992 -14692.152 -1854.9971 1362.5602 14692.152 10434662 
1.75 9327682 -42600.82 -4115.0967 -2515.1904 -42036.313 9276545 -3896.9263 -1313.837 -4338.86 5493.735 9274560 -12165.367 -2329.4119 1522.7267 12165.367 9288591 
1.85 8282777.5 -37421.934 -3763.8528 -3827.075 -36914.273 8233162 -3152.7393 -1099.4099 -3867.4382 4674.28 8231593 -9368.462 -3701.414 1388.7013 9368.462 8246965 
1.95 7331466 -32117.654 -3407.1514 -5647.9033 -31664.818 7283180 -2616.3064 -670.7023 -3417.7832 4041.8984 7281997 -6664.5327 -5576.7017 1028.7864 6664.5327 7298675 
2.0500002 6471647 -26725.418 -3066.36 -7513.9414 -26322.477 6424558.5 -2356.2158 -125.55061 -3021.5205 3674.5996 6423711.5 -4366.887 -7490.02 530.4521 4366.887 6441631.5 
2.15 5704247.5 -21455.896 -2759.4614 -8996.814 -21102.902 5658249.5 -2333.3342 428.69177 -2701.0535 3542.7678 5657666 -2696.6797 -9012.207 -3.204792 2696.6797 5676755 
2.25 5028854.5 -16660.469 -2485.6614 -9796.798 -16365.669 4983857 -2456.04 894.1292 -2452.7593 3562.5898 4983468 -1750.8341 -9843.296 -471.41312 1750.8341 5003629.5 
2.35 4440951.5 -12655.716 -2224.3008 -9788.385 -12433.046 4396879.5 -2627.342 1199.3456 -2249.143 3641.2666 4396609.5 -1491.3174 -9857.834 -795.4168 1491.3174 4417752 
2.45 3931614.8 -9521.873 -1946.8949 -9015.234 -9383.541 3888419.5 -2778.4375 1313.644 -2050.6917 3710.443 3888198 -1783.4352 -9100.04 -937.3706 1783.4352 3910224.5 
2.5500002 3489006.3 -7071.741 -1638.7102 -7644.782 -7021.0728 3446657.8 -2873.0059 1245.6023 -1830.1746 3731.3376 3446434.3 -2457.1792 -7738.2427 -902.0863 2457.1792 3469234.3 
2.65 3100977 -4987.444 -1313.9233 -5901.0913 -5013.72 3059480.5 -2884.6328 1031.2739 -1587.9318 3674.172 3059224.3 -3361.2947 -5997.693 -726.2957 3361.2947 3082668 
2.75 2757584.3 -3040.436 -1010.117 -4015.1277 -3120.9036 2716968.5 -2786.1602 720.2407 -1347.4979 3509.4128 2716665.3 -4374.915 -4110.621 -461.38016 4374.915 2740616 
2.85 2452468.5 -1209.3734 -770.91565 -2193.018 -1315.5591 2412770.8 -2542.5652 361.92224 -1140.4155 3201.557 2412417.8 -5382.641 -2284.1587 -157.09958 5382.641 2436736.8 
2.95 2182614 367.53958 -620.3161 -608.46924 261.5722 2143857 -2127.6182 0.32781172 -984.0994 2725.4287 2143458.5 -6241.871 -692.6246 146.73456 6241.871 2168022 
3.125 1792109.5 2187.122 -536.3232 1172.0271 2107.964 1754980.8 -1050.1606 -526.1595 -803.9246 1550.4064 1754535 -6890.2656 1105.5983 587.7044 6890.2656 1779330.6 
3.375 1400056.1 3518.083 -478.67224 832.12573 3428.3381 1364945.4 498.59207 -771.01843 -526.646 -123.31584 1364543.3 -5148.848 796.88654 803.59985 5148.848 1389529.9 
3.625 1158647.9 4291.7817 -317.54852 -2123.5078 4101.445 1125045.8 782.6948 -327.5615 -242.40884 -525.00854 1124783.6 -1656.5901 -2136.02 407.70782 1656.5901 1150004.8 
3.875 1012632.1 3140.564 -190.36664 -4866.784 2826.198 980151.8 -463.50778 350.80838 -177.10036 627.5831 980014.1 1144.8121 -4870.849 -244.17851 -1144.8121 1005464.25 
4.125 913545.2 1051.7798 47.11865 -5243.4985 660.6266 882169.1 -2393.4973 618.65344 -102.91043 2492.7725 882064 1874.9691 -5248.853 -515.5602 -1874.9691 907470 
4.375 834995.7 -1001.764 362.24374 -3330.6843 -1358.6881 805087.5 -3786.296 311.29843 119.51501 3838.1567 804901.9 207.01758 -3346.516 -232.62115 -207.01758 829676.7 
4.625 768781.75 -3157.88 420.70935 -669.45026 -3407.085 740756.8 -3590.7231 -151.71037 262.91562 3618.835 740442.25 -1933.3917 -698.03125 172.58289 1933.3917 763982.8 
4.875 702032.8 -3831.0989 252.40176 663.6683 -3989.269 676026.9 -1881.015 -300.65613 302.38605 1910.4994 675646.6 -2576.606 626.93866 268.6928 2576.606 697676.56 
5.125 633018.56 -3033.3347 91.18078 -282.66583 -3144.4917 608793.1 -63.563835 -20.602568 312.55008 99.24279 608438.7 -1901.5615 -321.61984 -20.617622 1901.5615 629077.9 
5.375 571859.7 -2165.247 -66.95074 -2149.3533 -2285.9995 549040.44 574.0656 406.8836 172.10037 -540.0868 548738.56 -754.73 -2179.636 -425.74548 754.73 568263.9 
5.625 516614.97 -1196.9834 -159.4551 -3049.3074 -1358.2301 494971.78 -153.5873 624.65704 -59.74228 181.42474 494684.63 -231.03941 -3063.7131 -619.2614 231.03941 513272.5 
5.875 467707.13 -724.59985 -93.52498 -2493.0977 -885.8227 447220.3 -1518.1578 541.91205 -183.5347 1541.3131 446883.6 -1113.4369 -2497.238 -534.43207 1113.4369 464516.63 
6.125 429149.38 -1222.1556 -40.8705 -1017.1951 -1340.5109 409968.2 -2382.9082 266.77127 -211.02899 2405.2476 409535.38 -2427.782 -1019.7831 -272.1242 2427.782 426028.2 
6.375 391393.25 -1474.0907 -76.878654 249.95805 -1555.6194 373597.34 -2206.7366 39.251358 -157.3124 2232.4434 373084 -3058.6157 246.2384 -53.556522 3058.6157 388332.88 
6.625 354662.1 -1424.4832 -120.47887 218.6626 -1506.7825 338034.7 -1384.2504 52.549103 -42.723656 1418.4287 337501.1 -2791.7715 214.8876 -52.922417 2791.7715 351708.13 
6.875 328001.7 -1175.554 -160.43478 -838.1993 -1308.6575 312173.66 -722.79236 216.72299 9.887718 765.94946 311677.06 -1531.5944 -840.07654 -156.9795 1531.5944 325203.38 
7.125 306177.3 -349.846 -140.31108 -1828.538 -551.7713 290862.03 -806.2057 365.57602 -0.8337784 853.5139 290425.66 -405.30655 -1827.3903 -219.96103 405.30655 303553.6 
7.375 288560.9 -1.7620828 -28.64747 -2050.322 -239.24301 273669.5 -1433.676 384.38916 -14.371773 1479.9469 273271.5 -362.45728 -2050.6016 -180.10109 362.45728 286085.84 
7.625 279422.94 -235.17577 85.09861 -1388.9355 -455.37796 265080.1 -1991.865 222.99545 -16.203989 2032.1354 264676.28 -740.0502 -1398.3086 -19.338257 740.0502 277054.8 
7.875 270862.78 -683.3196 115.23853 -428.17325 -841.3045 257239.36 -1970.1418 28.81176 7.847514 2006.3861 256794.42 -1238.918 -449.47186 121.94452 1238.918 268565.66 
8.125 259394.3 -1568.9958 53.082787 116.06297 -1665.5283 246519.81 -1274.56 -22.736916 38.73885 1314.1654 246030.69 -1362.1794 86.617645 111.15414 1362.1794 257154.38 
8.375 250209.2 -1986.4097 -42.3462 -80.78319 -2072.7666 237951.02 -520.3507 80.44113 44.853985 566.9015 237437.66 -675.03827 -109.02863 -24.463661 675.03827 248039.52 
8.625 241660.13 -1899.2777 -119.45711 -836.5359 -2015.8341 229818.27 -201.12427 250.14232 4.6951847 256.07828 229296.03 -40.23497 -852 -184.35655 40.23497 239570.1 
8.875 230904.11 -1894.8445 -146.67427 -1327.8009 -2041.5682 219380.8 -370.7886 342.72028 -72.26515 430.1574 218858.2 212.05083 -1325.0607 -238.53271 -212.05083 228889.48 
9.125 223490.28 -1586.253 -102.21533 -1177.2231 -1735.6827 212356.88 -969.34924 267.6059 -123.33474 1022.95154 211832.45 133.71033 -1161.9935 -133.49861 -133.71033 221538.7 
9.375 221744.89 -1430.069 -17.136246 -762.6748 -1538.0088 211107.9 -1393.9691 98.956436 -100.30706 1435.9073 210569.6 -336.24088 -746.468 27.152943 336.24088 219831.88 
9.625 220267.02 -1715.9844 62.168324 -274.82733 -1759.0428 210164.61 -1216.0387 -22.817966 -12.816099 1246.8011 209608.98 -515.85815 -267.48868 106.01182 515.85815 218372.56 
9.875 221497.89 -1739.4573 97.46942 -5.70381 -1737.8728 211872.4 -813.3123 -12.43057 69.10227 838.3153 211310.95 -323.27087 -12.517906 48.954975 323.27087 219618.44 
10.25 239087.98 -1682.6178 24.740948 -243.37152 -1679.4331 229883.53 -446.87448 125.50607 47.886787 480.23715 229339.02 -73.391335 -262.32022 -97.1898 73.391335 237226.13 
10.75 274566.16 -633.3216 -35.945244 -361.7162 -683.2002 265705.5 -853.07684 167.5643 -49.307323 898.1978 265221.72 -595.08624 -364.77237 -56.117466 595.08624 272712.9 
11.25 336362.9 -337.23276 25.135506 -56.447727 -389.79028 328087.78 -810.3143 120.68471 -25.884804 837.19226 327674.84 -794.9349 -50.708107 -28.593334 794.9349 334459.22 
11.75 384352.8 -61.89863 28.269741 -139.22307 -113.84656 376471.13 -79.520996 182.29904 -24.191439 98.29057 376091.3 -370.00604 -148.7593 -194.19986 370.00604 382319.7 
12.25 412618.94 1192.5911 -119.1829 33.525665 1134.7573 404863.25 -48.127953 56.191864 -184.53035 82.32932 404504.63 208.89682 23.756655 -54.003162 -208.89682 410435.63 
12.75 418896.2 1676.9025 -123.580826 -59.417915 1615.9459 411362.75 -104.22519 9.274485 -161.06883 141.64566 411051.28 -300.9531 -52.787685 58.10921 300.9531 416628.9 
13.25 419842.1 1470.3436 108.36433 -55.495148 1386.0176 412517.03 235.96872 118.67935 57.2639 -221.84717 412264.78 -227.02667 -44.792095 -94.91463 227.02667 417538.4 
13.75 404589.8 1684.5898 145.25682 117.398415 1576.8053 397375.38 318.78055 64.69045 75.015755 -317.72708 397123.06 387.93283 106.63974 -95.56723 -387.93283 402252 
14.25 385098.4 2053.761 16.562904 189.4049 1955.9674 378184.22 111.93217 24.57989 -28.94038 -102.72504 377917.16 14.749707 179.29503 -45.788773 -14.749707 382773.72 
14.75 375439.28 1996.904 -16.6199 -155.18175 1904.4159 368825.9 223.06775 57.79132 -69.110214 -216.41428 368540.56 -578.83185 -155.31389 -63.660976 578.83185 373163.28 
15.25 364746.16 1678.6635 83.213066 -149.1616 1568.3319 358301.25 331.01416 115.02508 26.757435 -332.44336 357940.75 383.66113 -146.65782 -151.32263 -383.66113 362503.13 
15.75 336106.28 2407.474 -66.85684 -233.51546 2305.8037 329897.6 292.37723 94.1539 -75.770996 -289.91144 329441.5 949.281 -237.98112 -101.94925 -949.281 333895.9 
16.25 306560.44 3089.134 -93.63702 -381.84985 2984.184 300615.22 271.92657 115.23543 -121.467445 -254.67624 300102.13 -72.089096 -386.04547 -99.64943 72.089096 304436.7 
16.75 291135.78 2176.4346 -59.982185 -108.84452 2059.7666 285361.97 -71.58295 160.02322 -146.87846 78.304955 284813.44 -630.9056 -102.24485 -174.57843 630.9056 289123.7 
17.25 265316.2 1620.6461 -14.491193 63.69245 1508.1621 259788.19 3.9655128 15.663364 -48.484863 -2.4939718 259163.14 117.15452 63.748356 -62.51331 -117.15452 263376.25 
17.75 233189.56 1847.9727 -24.122246 -177.489 1741.7213 227894.61 229.2431 33.525616 -21.544867 -218.63608 227201.73 196.94731 -191.26381 -19.704817 -196.94731 231312.66 
18.25 217754.84 1405.917 -64.27056 -62.144985 1295.8208 212569.63 12.720975 84.0858 -114.319046 4.576121 211855.84 -520.93677 -61.334755 -63.72773 520.93677 215959.28 
18.75 213194.97 1261.5286 3.985907 140.24802 1155.4956 208142.19 113.96393 21.728834 -57.59101 -109.67165 207363.64 557.3489 149.32117 -55.044746 -557.3489 211416.38 
19.25 206199.44 3319.8728 -34.933178 124.86347 3216.8298 201252.75 183.4161 7.0104737 -46.618607 -176.28326 200363.38 947.17236 116.99602 -16.580465 -947.17236 204367.56 
19.75 225936.81 4949.369 -47.703487 -46.07193 4831.3945 220991.17 -73.90046 27.00839 -95.86315 90.51787 220060.03 -1711.6476 -46.984795 10.783335 1711.6476 224104.69 
20.25 281774.3 4121.4272 -49.049885 16.551973 4006.1304 276877.9 -32.829567 30.670294 -100.65107 47.28693 275995.97 -2305.0796 22.287165 -22.608887 2305.0796 280026.38 
20.75 329117.13 5469.8677 -3.5171657 -67.07448 5363.266 324329.03 398.93942 19.508924 -16.292124 -400.1999 323384.75 1772.3209 -67.99929 -31.812609 -1772.3209 327339.25 
21.25 349835.78 10855.248 4.432082 -64.93182 10744.837 345043.8 167.15189 25.664219 -33.57667 -158.8774 343883.22 2616.861 -67.08181 -5.723922 -2616.861 347868.78 
21.75 390367.84 13903.412 32.265446 -103.58521 13806.272 385548.13 -242.2761 -55.40006 -56.14886 253.23175 384280.9 -1930.2294 -99.76874 63.484116 1930.2294 388317.16 
22.25 457232.7 12218.13 57.384144 -249.83353 12137.905 452439.6 -46.96862 -111.15925 29.877905 46.95115 451235.84 -3088.208 -236.40297 73.69592 3088.208 455264.66 
22.75 494982.63 12543.769 96.67917 -552.39905 12446.067 490159.5 484.26532 -122.724686 101.1456 -484.04086 488928.88 1003.5374 -547.65265 97.26028 -1003.5374 493000.28 
23.25 493930.38 16248.501 129.94128 -131.47673 16152.04 489082.44 497.98563 -92.139565 88.12865 -488.59937 487698.28 2291.734 -126.46303 116.18085 -2291.734 491797.7 
23.75 491802.72 17508.42 147.7338 299.5035 17444.486 486977.1 172.88828 -51.50248 80.48153 -166.84938 485510.88 -588.60614 309.43826 55.332096 588.60614 489586.7 
24.25 492911.5 15238.742 146.26678 113.83751 15173.44 488041.22 -95.1188 -64.33841 121.485916 91.02733 486604.44 -1459.8198 116.78429 32.4895 1459.8198 490719.06 
24.75 478085.94 14004.876 110.56317 -248.33594 13913.838 473149.13 -120.8418 -31.25291 119.14424 132.37358 471732.8 214.2072 -258.37897 29.671785 -214.2072 475907.47 
25.25 449304.38 14126.463 87.014435 -422.10248 14025.545 444347.5 117.056915 64.13756 81.5019 -102.37245 442907.34 835.802 -420.1899 -40.537407 -835.802 447096.06 
25.75 423441.03 13112.695 102.30799 -108.46924 13016.927 418435.63 310.6518 118.69017 66.01241 -309.80765 416974.72 153.32736 -106.05736 -141.47684 -153.32736 421211.56 
26.25 395240.66 11648.93 52.435444 305.40784 11570.434 390195.9 233.87273 75.99945 41.088505 -237.7772 388722.28 276.29092 300.61548 -85.709915 -276.29092 393007.06 
26.75 364189.63 11089.796 41.703865 291.23947 11025.893 359125.34 -346.3355 40.951523 46.505074 347.855 357642.34 418.07736 286.5086 2.965917 -418.07736 361962.03 
27.25 336614.8 10352.61 47.76745 -30.566593 10277.887 331495.53 -625.29694 44.952065 50.789867 628.26697 329979.5 -262.30988 -24.445444 -32.48913 262.30988 334375.1 
27.75 314048.63 8775.831 46.064156 -69.55955 8693.029 308864.47 -300.3769 57.59364 61.439335 292.28818 307320.56 -278.64386 -63.781105 -68.594246 278.64386 311800.88 
28.25 288606.97 7958.2095 1.4903603 95.64248 7893.429 283391.03 -225.54277 53.40753 62.168648 215.1293 281813.84 602.35815 97.055435 -22.481018 -602.35815 286347.16 
28.75 262261.2 8038.2827 -21.395792 80.125175 7989.2876 257004.92 -582.3664 47.252792 3.3748345 572.38947 255398.84 534.96735 74.25559 21.077738 -534.96735 259992.45 
29.25 241330.77 7156.9326 -49.85323 99.76741 7108.1816 236006.5 -707.6724 6.8694544 -55.563873 702.9539 234392.02 -297.82562 99.133224 31.676504 297.82562 239069.17 
29.75 224095.11 5777.9414 -53.296623 117.972755 5712.6885 218715.66 -623.11975 29.394526 -39.376484 612.70544 217114.45 -40.49481 125.80583 -1.2687474 40.49481 221861.08 
30.5 194405.23 5368.893 -57.14072 318.7926 5301.828 188988.27 -718.37317 24.942024 -55.154194 708.18604 187384.4 570.29926 313.0193 -8.112974 -570.29926 192186.25 
31.5 163176.3 3533.881 -80.877426 64.38515 3495.657 157692.27 -833.92084 35.95961 -53.42489 829.75574 156118.31 11.382772 66.48896 -31.951275 -11.382772 161018.7 
32.5 132056.05 3047.8757 -50.298996 298.07874 2982.829 126438.18 -677.04193 23.69102 -74.94838 676.29565 124928.22 255.7646 289.79166 -6.1071024 -255.7646 129984.516 
33.5 113567.59 1263.6503 -75.437004 -125.37964 1214.8207 107874.39 -705.0059 10.409425 -61.106007 692.5985 106452.94 245.0399 -127.863075 14.19969 -245.0399 111610.55 
34.5 95561.76 971.48236 -10.840873 271.0966 899.94653 89723.56 -596.5279 17.38021 -102.830734 595.635 88248.06 -268.2562 271.75427 -21.482273 268.2562 93566.94 
35.5 86915.125 -687.4738 18.974422 33.892643 -753.90375 80915.05 -819.4848 -9.03659 -55.329056 810.1336 79426.37 483.3129 25.79361 -67.63594 -483.3129 84923.36 
36.5 76243.05 -1075.8798 44.709213 506.3548 -1141.7708 70130.81 -265.35617 -47.630096 -7.7807584 258.13696 68591.56 -571.1798 504.5107 -136.00557 571.1798 74218.984 
37.5 67612.84 -1492.5973 -12.13966 147.95749 -1570.0668 61450.992 -515.1618 -21.92001 89.76109 504.11664 59907.56 519.878 138.96921 -110.053795 -519.878 65599.17 
38.5 61094.914 -2268.5417 -54.761936 127.92759 -2337.9321 54882.15 85.13991 -6.9791236 56.077404 -87.37949 53342.785 -290.5269 126.47929 -83.392296 290.5269 59105.29 
39.5 52180.125 -1888.9888 -43.365868 -27.39746 -1959.3895 45963.957 -285.12936 40.880684 125.36894 276.34088 44371.637 361.06128 -28.771101 -39.86044 -361.06128 50158.89 
40.5 48471.19 -2627.7424 -33.16072 -150.93842 -2717.0461 42204.113 -62.9361 87.39543 57.333748 59.414013 40638.336 93.03163 -147.38936 31.663734 -93.03163 46493.066 
41.5 42691.184 -2398.2056 -15.51917 -97.037415 -2478.8416 36451.85 -566.11975 41.806557 42.09243 553.65094 34839.785 33.547794 -98.55652 45.63778 -33.547794 40683.05 
42.5 39290.344 -2595.2715 14.300818 -191.69548 -2689.1487 33019.94 -151.18922 39.965084 16.248186 140.03108 31473.47 341.74612 -189.04628 55.86865 -341.74612 37352.81 
43.5 36032.88 -2449.4812 2.8557715 -93.49946 -2548.017 29804.574 -413.6194 66.3586 51.54528 410.82715 28352.469 -269.33347 -98.35724 60.563263 269.33347 34198.69 
44.5 32531.373 -2332.7832 89.467995 -249.38562 -2426.4568 26412.598 -259.56302 41.31217 -40.18763 250.98138 24922.875 220.56508 -248.35591 36.323376 -220.56508 30663.342 
45.5 32149.887 -2837.9495 79.25337 -45.426094 -2933.1118 26001.037 -372.5225 34.17925 -45.18915 367.90805 24547.867 -264.43423 -52.52661 41.35395 264.43423 30320.45 
46.5 29373.813 -2448.2793 66.798225 58.943287 -2526.2813 23262.428 -150.45929 -0.02032809 -46.80117 144.20668 21769.543 53.527805 66.52897 -28.042957 -53.527805 27504.469 
47.5 29303.053 -2833.2422 36.18549 156.30704 -2908.6807 23141.283 -443.51315 -20.573801 -26.216541 436.54843 21727.479 -3.574566 158.3863 -29.821226 3.574566 27503.64 
48.5 27019.541 -2501.7336 54.697308 -37.187508 -2565.5696 20879.512 -271.5592 -4.955026 0.5747752 262.56836 19422.76 -135.64388 -29.718443 -22.649214 135.64388 25166.62 
49.5 27274.588 -2898.3887 19.524666 131.53964 -2956.6484 21023.617 -498.2934 -1.1503624 -4.5271664 488.87485 19503.535 176.74295 135.05473 -23.87393 -176.74295 25342.477 
50.5 26623.246 -3073.095 19.370584 -21.429087 -3126.506 20254 -440.07504 -22.422283 12.84733 429.95694 18645.092 -268.9875 -24.8877 -20.353569 268.9875 24587.182 
51.5 25957.896 -2965.249 41.474487 19.081188 -3024.803 19479.363 -479.55164 -13.0951395 -38.2082 481.14984 17745.045 312.63388 24.563343 -11.859013 -312.63388 23787.875 
52.5 26386.947 -3363.418 -14.800265 -48.663105 -3433.244 19829.934 -375.11148 -2.254498 18.198563 375.1561 18136.455 -189.63287 -48.120186 -4.2754555 189.63287 24258.225 
53.5 24816.197 -2666.2063 -6.0873394 -51.08049 -2747.3623 18134.422 -409.61734 -9.323342 4.668223 411.4419 16432.684 93.22596 -54.09747 -2.312236 -93.22596 22684.334 
54.5 25769.295 -3335.114 -2.7467802 -94.62244 -3419.6182 18973.783 -487.72748 31.888678 -23.90792 488.00803 17249.58 34.406616 -93.523895 31.450245 -34.406616 23618.965 
55.5 24290.809 -2810.6858 13.60039 -5.927873 -2900.254 17420.266 -441.5121 -16.344467 -17.80773 440.1083 15619.196 -116.03202 -6.5303683 -13.764576 116.03202 22062.953 
56.5 24934.602 -3220.282 30.539072 13.182476 -3300.3376 17925.977 -568.5939 -1.2564728 -36.452763 569.1458 16131.713 197.54832 15.634418 -12.841859 -197.54832 22708.41 
57.5 24129.445 -2652.799 -22.92203 96.64922 -2745.6917 16819.055 -525.2586 -10.9366045 -4.033557 529.06 15128.897 -239.80638 97.76706 -11.329895 239.80638 21999.205 
58.5 24285.71 -2552.4277 29.973186 -1.7832799 -2646.3784 16605.004 -610.9707 39.52481 -31.754972 605.2688 14954.445 211.20164 0.11108112 18.779549 -211.20164 22183.771 
59.5 24812.906 -3040.2341 29.464691 -30.630491 -3121.5964 16899.84 -497.9594 -11.210363 -38.521564 504.42258 15092.638 -191.8896 -30.445074 -12.904276 191.8896 22538.283 
60.5 24076.969 -2579.9614 -6.4088697 -92.74984 -2661.5774 15957.385 -355.0898 45.349678 -21.979992 359.30206 14177.448 173.10132 -91.554306 45.83257 -173.10132 21808.293 
61.5 24783.258 -3012.566 24.773285 96.588974 -3096.1726 16299.802 -334.1348 -51.019634 -57.316185 340.0359 14442.025 -172.14136 107.28499 -58.548786 172.14136 22414.781 
62.5 24571.32 -2740.2217 14.286015 -25.761261 -2812.199 15628.219 -293.80914 8.884463 -28.857645 300.33875 13626.796 180.13174 -26.959475 30.769056 -180.13174 22040.725 
63.5 24881.484 -2775.6123 30.962929 -5.3689146 -2859.79 15469.368 -406.71027 -30.08736 6.674897 416.32578 13674.471 -152.71245 0.6968596 -26.477983 152.71245 22543.426 
64.5 24528.406 -2514.4458 -33.723694 -46.670727 -2606.0034 14745.499 -345.12167 19.95601 46.17208 353.7117 12831.048 118.4837 -51.71253 10.335903 -118.4837 22057.945 
65.5 24964.377 -2681.9932 29.943802 60.952652 -2780.4485 14785.334 -465.50925 48.25457 -16.45974 485.41522 12967.642 66.42312 62.6675 38.13108 -66.42312 22576.99 
66.5 24639.15 -2332.6663 92.30008 33.878227 -2432.8723 14278.689 -608.13745 6.606576 -86.88601 627.54346 12382.255 -66.71921 36.21198 -2.0462408 66.71921 22158.633 
67.5 24926.066 -2623.1943 -46.577774 60.780582 -2720.6548 14287.279 -472.75064 -14.5398855 52.311764 486.29333 12328.409 69.84898 55.379883 -8.284474 -69.84898 22367.355 
68.5 24702.723 -2744.7131 46.96754 91.9815 -2830.2063 13912.546 -804.69336 -43.04556 -23.359299 809.41833 11719.931 -77.197945 92.634995 -37.0198 77.197945 21886.334 
69.5 24199.24 -2615.867 -4.242111 -25.837357 -2706.0872 13425.319 -841.7604 5.4349284 23.008528 845.9362 11486.55 211.11009 -28.686577 1.2120438 -211.11009 21608.22 
70.5 23595.654 -2169.9736 -16.315254 -30.260075 -2242.2146 12752.326 -837.1158 41.804024 29.274334 840.94995 10908.647 -482.86346 -26.290342 46.224297 482.86346 21054.35 
71.5 24348.793 -2864.1196 7.346098 -40.10359 -2913.1099 13333.818 -832.6089 12.204535 63.703293 827.9309 11019.358 642.9994 -44.439587 23.671326 -642.9994 21291.635 
72.5 24009.926 -2615.727 58.82695 -99.91279 -2668.5417 12949.891 -914.5306 100.11377 -23.905865 917.63696 10820.113 -354.5157 -97.94583 74.03454 354.5157 21113.059 
73.5 23028.102 -2222.0032 82.78849 -25.72484 -2287.1987 12126.732 -930.7045 -10.915156 -41.243176 926.2421 10009.475 158.2947 -22.137547 20.979239 -158.2947 20154.486 
74.5 22982.29 -2786.2585 40.992958 23.578573 -2851.5244 12075.934 -924.99304 -64.18984 31.50274 910.8546 9749.548 -108.33412 24.690334 -34.911137 108.33412 19940.574 
75.5 22393.863 -2625.4976 16.793829 -54.874165 -2695.9583 11275 -876.75604 97.68547 10.17216 875.0181 8772.534 49.92013 -60.23232 95.675964 -49.92013 19194.813 
76.5 21808.324 -2628.0027 80.08774 53.734356 -2716.9229 10619.11 -899.10266 -23.950777 -100.76819 896.8254 8275.078 -165.72083 41.468185 -20.921524 165.72083 18763.854 
77.5 20763.219 -2256.6035 -42.49607 118.91694 -2364.3127 9792.092 -546.12103 -47.475388 32.4682 546.56805 7446.261 178.93771 103.796074 -38.913704 -178.93771 17702.773 
78.5 20661.805 -2702.795 -27.47477 -2.8841023 -2814.613 9782.203 -406.57297 13.137406 6.0432234 419.59644 7464.5493 -183.71568 3.6024504 -8.237704 183.71568 17612.617 
79.5 19624.285 -2215.096 -4.672314 -28.852018 -2299.8313 8800.964 -249.93652 100.77391 -6.590754 254.80487 6538.5957 88.525856 -23.065392 86.97305 -88.525856 16610.41 
80.5 19151.959 -2320.0386 82.91206 106.267426 -2383.7097 8444.018 -355.1823 -44.82016 -112.785126 341.3573 6459.859 123.12681 109.99086 -49.093147 -123.12681 16393.736 
81.5 18480.225 -2053.0398 71.77714 -29.378649 -2121.415 7876.5127 -271.63568 64.2799 -83.94726 284.88892 5665.8726 137.51811 -31.751186 55.959545 -137.51811 15478.538 
82.5 18493.402 -2690.3887 -32.85676 17.305456 -2778.9438 7993.1636 -303.8907 20.924658 -26.099869 313.79282 5583.874 41.078514 20.775955 -4.5580406 -41.078514 15269.565 
83.5 17433.502 -1914.8407 40.098694 76.77668 -2024.0398 6884.827 -415.15775 -32.25971 -96.85794 426.76196 4307.4336 -103.76657 73.37449 -51.813972 103.76657 14017.56 
84.5 17663.283 -2762.1108 64.60741 178.95517 -2860.9514 7129.9707 -481.20456 -55.516117 -148.46927 508.5122 4639.867 130.74707 187.25354 -70.69754 -130.74707 14317.066 
85.5 16600.445 -1961.644 -12.313757 61.822575 -2031.5 6171.1914 -325.24686 26.85256 -11.988712 328.86304 3738.4795 -281.2845 59.226944 24.523754 281.2845 13300.359 
86.5 16601.238 -2419.5742 69.465164 50.141876 -2492.5405 6206.825 -295.19864 -8.494353 -81.40165 311.0359 3866.3384 127.556244 63.37077 -49.5777 -127.556244 13386.894 
87.5 16399.652 -2139.0605 63.210167 -37.979115 -2260.8008 5631.8345 -304.94287 93.67762 -109.54232 326.35455 3017.6907 -119.22154 -12.247931 34.08375 119.22154 12915.491 
88.5 16171.72 -2150.106 98.788994 2.7357755 -2260.53 4870.164 -330.99722 30.863558 -128.8809 346.3034 2864.7344 -119.666405 0.66290474 9.661361 119.666405 13307.005 
89.5 16059.222 -1800.5518 66.12297 -36.003387 -1889.2987 4124.651 -212.51436 14.644415 -80.141136 216.56027 1886.6572 160.87064 -41.175644 8.977125 -160.87064 12976.52 
90.5 16573.898 -2348.9905 -36.8979 -73.63568 -2402.4014 3851.0518 -18.376738 46.385586 6.7273693 44.49091 1281.1342 78.35573 -80.88839 30.265594 -78.35573 13167.475 
91.5 16126.211 -2010.9116 -57.569054 13.582382 -2015.4299 3156.5344 23.501844 -3.8826525 43.20116 -10.708974 542.75323 136.0711 16.702904 -1.6643877 -136.0711 12690.866 
92.5 15579.094 -2082.402 -126.057076 -61.021698 -2089.5435 2897.2869 102.39855 82.04161 102.60675 -76.48888 380.51498 278.49365 -62.82701 71.32133 -278.49365 12255.927 
93.5 14993.103 -2112.8237 -82.81241 -37.660545 -2151.4202 2838.7942 52.2018 9.892013 41.186424 -25.790071 -42.374233 34.615803 -37.165615 -12.881716 -34.615803 11320.378 
94.5 14427.057 -2323.1506 -24.118353 -73.854965 -2381.5305 2862.199 94.00051 47.68256 10.434601 -74.80977 -40.79203 193.40273 -61.228645 28.043224 -193.40273 10744.257 
95.5 13356.213 -1811.3763 -26.573278 4.95192 -1855.4445 2426.896 40.15885 14.011715 17.795277 -20.418121 -118.733536 -40.727036 1.5190191 3.2821846 40.727036 10052.24 
96.5 13090.424 -2158.0715 -54.2869 -10.0802 -2196.2769 2705.6848 45.88559 -29.681282 22.67374 -30.597874 98.99359 -100.920334 -21.024162 -10.440952 100.920334 9736.022 
97.5 13007.209 -2228.1467 35.055 19.675303 -2246.9958 3017.3464 -30.982515 -45.801178 -77.71838 56.801563 -36.646397 -229.65758 14.531374 -37.38796 229.65758 9215.595 
98.5 12695.43 -2302.9543 -99.20041 25.635075 -2310.9502 3057.7988 108.79649 -67.94408 44.574787 -81.433395 124.2441 -106.28916 21.027182 -68.89897 106.28916 9031.879 
99.5 12368.305 -2112.118 3.339222 -63.49042 -2117.4402 3023.0166 73.97931 46.914467 -40.994633 -55.049927 182.51595 -238.10484 -66.523506 50.621635 238.10484 8810.648 
100.5 12209.075 -2317.5454 88.237946 -1.0973876 -2332.1968 3060.236 28.319801 -80.18726 -137.48239 -5.026581 324.08496 18.091883 -4.4981914 -60.911777 -18.091883 8759.256 
101.5 11461.566 -1908.1497 9.686566 10.127991 -1939.4429 2745.8237 81.41715 -17.256887 -44.158154 -63.883167 277.82117 -47.605377 3.9666576 -14.532796 47.605377 8276.33 
102.5 11302.16 -2034.0375 66.27446 5.9991355 -2051.2974 2979.1243 5.621435 -62.542793 -105.02895 12.065479 136.84862 63.99708 0.76000977 -58.419456 -63.99708 7750.5313 
103.5 10870.616 -1953.0223 7.82157 16.489927 -1970.6929 2803.8994 24.9095 -14.542664 -48.51403 5.2272234 122.828766 180.85686 14.454622 -5.834805 -180.85686 7477.228 
104.5 10296.425 -1726.9095 54.654877 -13.7527275 -1748.5897 2552.5278 -4.259219 64.89157 -88.27923 23.04995 94.18246 96.73831 -12.068005 55.37055 -96.73831 7126.7104 
105.5 10209.37 -1863.2914 64.453896 -44.18735 -1901.5305 2624.064 0.8895564 44.420322 -104.31427 21.675362 -203.98314 188.41692 -43.365456 32.994225 -188.41692 6659.606 
106.5 10017.763 -1745.7288 -12.092181 26.493294 -1799.404 2462.0122 91.04045 -53.72455 -20.536436 -66.01499 -364.39426 143.97307 30.194477 -48.365227 -143.97307 6462.003 
107.5 10096.012 -2013.0717 -49.448708 -73.11876 -2061.4814 2674.2402 156.29922 138.27414 2.5528874 -129.00299 -566.9767 50.326344 -76.70051 139.50075 -50.326344 6115.9976 
108.5 9594.178 -1609.5613 -20.429989 25.908003 -1660.3011 2359.433 195.5678 -54.42416 -27.890705 -169.67975 -504.09753 -61.672943 22.426746 -52.269554 61.672943 5987.896 
109.5 9439.16 -1697.7908 -9.091329 -7.3501744 -1748.6678 2305.0989 90.660126 36.606464 -29.352592 -71.45268 -360.71524 -115.94293 -8.063586 39.19304 115.94293 6016.3037 
110.5 9514.868 -1769.6588 101.30469 -6.8925095 -1822.4323 2459.2437 40.031765 67.163246 -133.19518 -20.211468 -531.85736 -30.718199 -14.969974 55.495747 30.718199 5753.445 
111.5 9441.494 -1732.6809 -55.14825 40.44703 -1786.7477 2460.0896 85.187035 -58.730812 13.439297 -53.939552 -725.8339 15.492071 42.279682 -48.363453 -15.492071 5467.234 
112.5 9069.362 -1627.0314 -2.8025827 10.157508 -1664.9248 2260.2122 82.11466 57.31164 -41.485252 -48.88639 -477.66626 -61.01085 11.577307 67.19531 61.01085 5520.7065 
113.5 9397.93 -1683.1981 40.221527 -11.946303 -1731.2148 2568.6272 131.53586 23.023565 -74.66174 -100.57358 -573.28033 23.360933 -13.271489 29.007324 -23.360933 5428.5967 
114.5 9277.345 -1700.8938 40.504574 -7.0535245 -1742.2186 2562.8557 89.62231 42.336224 -104.98641 -44.392982 -543.9037 71.54583 -8.802992 49.06424 -71.54583 5330.1465 
115.5 9862.95 -1947.276 -84.91557 5.3318696 -1986.8495 3186.626 150.1405 -63.254856 53.46848 -116.90227 -1068.2609 -27.50548 0.51936156 -45.430775 27.50548 4753.0317 
116.5 9557.719 -1665.3286 79.86768 -10.989038 -1686.7856 2876.608 -37.877274 8.265874 -120.27223 75.35935 -984.4739 -163.77998 -8.213429 13.847474 163.77998 4820.992 
117.5 9106.48 -1515.0164 102.10708 31.120073 -1551.2968 2399.0613 -40.42294 -81.79856 -151.66165 74.099075 -746.9341 -5.8390956 35.06853 -80.59371 5.8390956 5062.9604 
118.5 9196.437 -1320.4153 -5.6426363 -13.053355 -1353.7786 2474.0454 39.14252 -1.5930185 -32.787743 -6.837018 -843.1531 -33.117203 -13.208937 4.286814 33.117203 4963.253 
119.5 9355.952 -1404.5525 84.39038 20.409367 -1452.9529 2635.8079 -54.243523 68.70452 -138.82841 73.91352 -849.40314 -14.913728 4.421633 71.88834 14.913728 4952.1084 
120.5 9305.604 -1268.6924 109.49321 -3.7818651 -1320.3657 2582.3635 -12.614756 94.302414 -155.07176 34.418858 -1294.8401 -135.8616 4.4191036 89.42878 135.8616 4517.798 
121.5 9489.184 -1344.416 15.65082 15.592078 -1406.686 2845.2676 34.00028 -59.757412 -64.47993 -9.333778 -1061.8131 -163.61287 17.315557 -70.61342 163.61287 4688.3877 
122.5 9595.46 -1506.0159 -9.409459 38.994156 -1579.6957 2942.9116 -48.338474 -48.13997 -51.43916 85.35309 -898.9237 -15.845934 31.937885 -50.62772 15.845934 4876.027 
123.5 8830.032 -1106.6948 -9.864269 11.121162 -1167.1906 2171.0713 -75.471275 34.945503 -39.480743 92.28963 -781.23944 -63.22747 15.651342 30.261003 63.22747 5030.048 
124.5 9346.761 -1378.6775 -18.687443 -28.654486 -1447.4177 2758.6335 -23.203766 21.326181 -25.848682 52.9618 -1082.3219 -96.89243 -32.224968 26.793089 96.89243 4675.3135 
125.5 9989.841 -1397.9926 2.7217195 21.547112 -1477.0199 3322.536 12.689325 -10.204161 -51.62933 18.506512 -1226.6243 115.573784 20.954145 -14.042601 -115.573784 4617.3936 
126.5 9760.456 -1312.3716 129.09393 -1.5002432 -1375.2273 3039.498 -99.86947 6.5841546 -171.47269 136.31477 -1234.222 24.778193 -3.8609045 -5.248649 -24.778193 4674.8975 
127.5 9831.97 -1433.4194 56.39002 -14.374132 -1479.2336 3081.052 -40.61331 -9.666987 -85.89299 64.01448 -1106.6152 -98.74288 -5.597697 -6.5007544 98.74288 4839.4653 
128.5 9890.022 -1168.0817 50.821926 -44.845863 -1200.8215 3026.085 -124.56408 14.753526 -69.54274 121.388176 -609.16833 127.22259 -37.994686 18.016811 -127.22259 5459.272 
129.5 9650.634 -1168.8124 58.90029 21.277794 -1191.8749 2675.322 -118.90601 -39.387985 -71.74076 122.54289 -481.36108 240.92162 16.149075 -31.567398 -240.92162 5708.261 
130.5 10255.61 -1380.0201 28.297907 70.04669 -1391.8923 3252.6511 42.08398 -23.312738 -53.756832 -42.23268 -1091.3286 -32.61386 73.44633 -27.326239 32.61386 5135.5664 
131.5 10261.44 -1082.8517 89.06019 -6.5790286 -1082.3246 3163.3562 -40.876167 20.230309 -104.73354 45.34355 -1052.219 66.86297 -4.9652176 19.921946 -66.86297 5272.441 
132.5 10223.574 -1029.8281 -30.418594 -27.11233 -1018.43756 2798.6125 -71.525475 30.93867 21.372042 68.036835 -1039.8158 -26.921307 -31.682356 51.44541 26.921307 5613.8457 
133.5 9986.895 -908.4477 -72.43004 -52.81275 -895.55237 2412.5757 -96.315636 -42.85215 66.69276 72.27554 -1034.6293 84.739494 -53.488266 -44.462524 -84.739494 5783.642 
134.5 9598.1 -1057.7174 -26.325542 -26.443249 -1043.2723 2224.8 77.67323 -29.490583 24.091713 -85.529526 -1005.6739 115.074844 -28.842525 -25.752003 -115.074844 5621.575 
135.5 9819.833 -920.9099 -2.3241014 -39.141712 -890.7492 2355.0942 136.53104 26.35812 -4.0236425 -136.17657 -1197.6635 205.42973 -43.31567 16.034016 -205.42973 5523.319 
136.5 10249.21 -1207.4851 -125.4377 -29.064373 -1189.2632 2575.8418 23.016537 -14.710369 116.0214 -40.415653 -1455.3197 -210.00253 -35.507896 -19.137468 210.00253 5486.6045 
137.5 10656.874 -1188.6173 -6.9227276 36.988842 -1175.081 2533.1 -229.18915 18.503822 -2.1606836 223.25716 -2176.1467 -115.84598 39.997833 10.59749 115.84598 5228.1523 
138.5 10592.637 -1105.1149 29.824108 -54.546238 -1074.8542 2575.4016 -47.470577 37.698593 -58.63503 50.033092 -2452.6653 -72.747986 -54.113014 35.600777 72.747986 4862.6313 
139.5 10183.109 -1037.581 -78.68074 30.539602 -996.8999 1933.2865 120.42387 -76.98164 50.84413 -112.81419 -2246.3252 92.45801 29.359518 -77.44149 -92.45801 5316.891 
140.5 10277.704 -837.20886 3.2568574 -5.3114867 -821.75995 1621.2285 -428.24106 6.781251 -8.779156 417.54617 -1952.9949 -25.828789 -5.7462006 20.45932 25.828789 6042.195 
141.5 10329.272 -1042.2963 209.00655 7.7910895 -1004.8744 1698.5911 -369.30557 83.73521 -235.0847 359.8602 -2206.2725 99.24567 11.656671 78.96466 -99.24567 5779.807 
142.5 10273.677 -930.00635 51.436848 -20.12904 -890.3244 1577.6152 29.17695 -12.627718 -71.94043 -26.164215 -2170.8088 74.36375 -23.942783 -16.984484 -74.36375 5898.848 
143.5 11050.911 -970.1742 27.801762 45.97826 -905.02905 1419.006 -430.7042 -190.93161 -50.221485 429.3411 -2629.4312 27.398903 45.373734 -193.70065 -27.398903 6380.24 
144.5 11419.43 -1000.4132 -129.68826 -40.555347 -949.7485 1547.634 -340.0831 55.625557 98.23859 348.11758 -3035.0278 -46.56749 -34.437435 60.7954 46.56749 6227.3203 
145.5 11297.522 -1078.9971 40.91145 45.069866 -1013.89813 1698.1356 -29.418034 -271.83783 -75.88148 16.074833 -2984.9172 200.65256 50.79446 -266.40536 -200.65256 6007.518 
146.5 10981.019 -924.93384 -27.406506 20.776966 -859.1174 1494.2755 37.5558 -51.195118 7.4366064 -45.73343 -2689.3562 -3.2861285 20.859007 -52.77922 3.2861285 6200.0464 
147.5 10817.524 -853.01526 11.049354 22.511677 -801.90906 1394.664 44.974277 17.604172 -21.519915 -54.083515 -2573.3757 -39.41051 19.745537 7.806171 39.41051 6260.7925 
148.5 10794.559 -858.5094 81.61832 -35.24813 -820.14813 1487.6549 28.048786 -10.926456 -94.88483 -37.170788 -2419.3325 134.20311 -39.763927 -20.97521 -134.20311 6304.7397 
149.5 11044.525 -888.8333 -85.56291 3.552744 -863.53906 1579.7842 379.40384 275.98904 74.54349 -373.71384 -2217.1968 178.16122 3.762487 272.1043 -178.16122 6664.9844 
150.25 11076.606 -826.1053 58.83458 15.264885 -803.0639 1677.7145 165.99643 132.56567 -62.569576 -158.27727 -2115.0051 89.73426 8.953134 125.6716 -89.73426 6705.8657 
150.75 11188.96 -658.95435 33.36271 -15.558431 -648.12885 1957.9814 111.375015 65.33637 -29.893896 -109.20368 -2223.4924 41.11112 -20.134516 64.112595 -41.11112 6434.4634 
151.25 11307.874 -583.80975 -142.04482 -17.81709 -565.47614 2285.6062 214.42772 64.67241 147.67491 -216.6853 -2427.9968 105.88359 -11.579211 71.35061 -105.88359 6022.005 
151.75 11576.739 -812.7238 -153.02336 15.008622 -806.3556 2744.1306 201.52188 78.7569 156.74648 -215.71573 -2712.5085 263.41397 16.996304 72.355804 -263.41397 5556.3804 
152.25 11891.243 -1272.6367 -19.024105 44.25163 -1261.4705 3183.9365 133.49306 54.796772 30.840773 -139.83409 -2960.495 229.9719 34.837757 57.831028 -229.9719 5192.5986 
152.75 11750.605 -1505.9213 -44.21324 36.022747 -1481.5869 3272.4814 136.737 31.280933 48.693478 -143.44525 -2836.909 -207.98445 31.282108 27.881233 207.98445 5094.509 
153.25 11098.613 -1195.3907 -47.009743 6.026972 -1176.5465 3005.656 142.29086 11.401634 52.52876 -160.4527 -2421.4697 -719.9479 7.342049 13.9874115 719.9479 5129.847 
153.75 10904.735 -602.7318 2.0839381 -5.762787 -591.1093 3133.94 173.58556 -56.456314 12.35092 -196.19852 -2504.0112 -920.1551 -14.210276 -53.325687 920.1551 4732.572 
154.25 10723.663 -101.08157 42.70877 -1.476151 -96.367645 2921.6113 265.1778 -111.55878 -22.981016 -278.14316 -2369.3818 -701.37305 -8.621444 -106.72728 701.37305 4902.489 
154.75 11118.444 -25.264416 191.60236 23.984798 -20.097242 3115.2688 261.7826 -34.750202 -176.55165 -273.11884 -2606.4463 -420.86157 22.803885 -36.48828 420.86157 4875.819 
155.25 11212.898 -116.43626 187.16861 2.9475946 -115.53489 3119.033 225.02814 109.33363 -169.82214 -245.59315 -2641.6804 -354.50372 0.9691777 116.85057 354.50372 4938.5845 
155.75 10919.755 -86.1878 30.183907 0.23847723 -84.41918 3023.0266 200.63605 170.20947 -4.3531303 -226.73543 -2478.9402 -370.16107 -5.33317 169.73956 370.16107 4910.059 
156.25 10336.9795 87.54549 33.027348 -5.2698526 95.24818 2861.662 171.74132 61.366867 -9.86713 -188.95065 -2186.166 -219.72493 -6.138618 67.22252 219.72493 4782.283 
156.75 9791.117 146.2896 32.74382 -0.25036874 146.4578 2734.3215 135.71417 15.790742 -13.287414 -152.04459 -1946.3309 126.80245 -0.84482884 30.006788 -126.80245 4612.7295 
157.25 9354.772 -73.14223 -87.1339 -3.2724264 -65.93289 2568.921 117.632675 6.563857 111.52183 -137.37308 -1710.7067 380.57117 2.0978508 20.052097 -380.57117 4584.1763 
157.75 9098.306 -410.64035 -73.41253 7.852317 -411.84647 2468.519 62.43557 -61.06095 98.7438 -80.85806 -1553.5371 361.0274 8.918327 -51.671795 -361.0274 4587.708 
158.25 8880.357 -526.7007 -27.507124 3.2294576 -529.08514 2283.1755 35.179184 -60.471657 49.688057 -47.034344 -1429.1505 83.82863 3.211262 -58.979008 -83.82863 4680.4326 
158.75 8641.159 -367.20425 -9.264294 -7.0087814 -361.00626 2045.2727 21.66661 -41.77412 24.167282 -38.51465 -1386.636 -207.93913 -2.9687223 -38.44699 207.93913 4730.8955 
159.25 8512.211 -76.69433 25.583714 1.3926356 -62.717987 1961.1337 52.06204 -18.768934 -0.5649959 -54.9102 -1453.4032 -170.35231 6.858142 -16.840876 170.35231 4628.55 
159.75 8478.94 40.336998 31.425713 -2.1686287 33.79043 1981.5154 79.025276 -7.9015026 1.4659872 -81.66955 -1461.2921 68.07822 -1.4350963 -0.13625634 -68.07822 4566.978 
160.25 8500.114 -139.59529 29.586357 -5.1033854 -141.10507 2124.8535 139.54837 -13.782898 -10.2661915 -139.06868 -1464.1119 138.1364 0.53925943 -11.463039 -138.1364 4446.7295 
160.75 8528.683 -302.9686 17.586811 -7.3285584 -289.83423 2217.1382 163.66292 0.81842756 1.6614119 -168.00584 -1552.7379 68.27287 -12.467879 -3.734869 -68.27287 4309.035 
161.25 8637.77 -252.16704 -27.657269 -3.7219024 -253.84335 2342.7188 170.87315 -11.343689 54.193897 -168.28339 -1780.6758 36.214287 -6.198754 -12.430069 -36.214287 4066.8896 
161.75 8354.244 -183.60837 -63.528385 0.14064348 -184.40855 2134.8162 104.99972 -31.441221 88.02156 -100.839424 -1689.8138 -0.4812851 -0.102675706 -32.00073 0.4812851 4081.7761 
162.25 8187.5483 -167.36821 -16.043047 0.35281485 -165.15685 2060.934 24.932629 -66.26181 43.713844 -22.383259 -1707.6321 -18.770185 0.10754131 -71.1084 18.770185 3977.9622 
162.75 8190.022 -137.44563 24.843815 4.338363 -134.8824 2137.7036 -30.394653 -65.348526 1.4793928 30.755495 -1775.3625 -30.655321 7.338075 -63.163063 30.655321 3845.392 
163.25 8335.662 -147.5705 6.4323673 -0.38092613 -149.5834 2349.9448 -55.444576 -2.7844515 13.193139 58.883102 -1972.2196 -30.772594 3.2944899 1.1258594 30.772594 3582.235 
163.75 8616.866 -162.299 -17.8285 -5.351362 -167.34534 2678.5007 -66.5817 53.808163 43.548855 67.702934 -2315.2478 -21.834204 -4.361865 53.91724 21.834204 3191.7263 
164.25 8874.465 -157.98982 -55.304237 -1.2113731 -165.0006 2982.5996 -45.49183 43.134544 84.00526 42.632584 -2603.111 -0.929992 1.1379335 37.6527 0.929992 2863.64 
164.75 8917.036 -174.51051 -42.768684 -7.1391926 -170.77809 3007.5486 -24.371544 -9.236833 65.291626 28.71972 -2669.7017 54.97154 -9.258219 -6.192973 -54.97154 2820.567 
165.25 8825.37 -181.39294 -14.137541 11.302758 -175.14201 2947.4456 -10.062913 -68.57379 26.959812 11.11018 -2663.2559 63.001007 8.586074 -76.81392 -63.001007 2795.8171 
165.75 8725.972 -148.19183 16.264423 7.0567193 -143.2249 2849.8677 -6.5496516 -94.464294 7.5353556 14.643492 -2695.2463 49.833935 8.217973 -91.90513 -49.833935 2760.945 
166.25 8744.681 -114.36932 62.278755 -1.2585413 -103.26659 2806.6926 -34.25225 -98.88206 -41.10764 28.714787 -2724.1675 64.743675 2.1525896 -104.68524 -64.743675 2798.0027 
166.75 8822.585 -103.51093 146.02167 7.5001674 -106.23139 2841.184 -13.098422 -53.421043 -123.994156 10.676093 -2810.2456 100.00403 0.8681072 -55.26931 -100.00403 2756.8032 
167.25 8998.516 -147.9719 129.38968 13.407274 -146.03957 2988.213 -21.531677 13.947637 -113.78973 18.786303 -3001.0115 99.408905 1.8091526 10.746712 -99.408905 2591.8838 
167.75 9025.164 -184.3419 39.541718 2.5912836 -182.61606 2989.8225 -58.70464 61.974655 -20.64022 63.910065 -3025.3105 84.9896 -0.2168355 57.57482 -84.9896 2593.7046 
168.25 9210.029 -179.81679 -19.109844 -9.961981 -173.22931 3121.1755 -71.082596 7.50533 43.209408 78.83751 -3175.7778 115.783424 -13.224534 5.1061826 -115.783424 2501.266 
168.75 9575.861 -232.59174 -15.513921 1.4682245 -227.83322 3425.9893 -86.375084 -84.67002 33.41684 91.01926 -3425.8093 106.33058 1.2602448 -84.72981 -106.33058 2317.519 
169.25 9353.941 -310.00687 26.67183 13.531414 -313.72787 3124.717 -65.67012 -113.87297 -9.8726845 65.46457 -3115.327 66.38228 7.766464 -105.98272 -66.38228 2706.2292 
169.75 9110.095 -371.13675 90.147385 -2.7745934 -375.2265 2794.7935 -34.7692 -25.1381 -73.661766 30.350039 -2874.0793 -41.57486 -10.042333 -15.568413 41.57486 3034.423 
170.125 9369.621 -367.8795 110.29626 -14.817253 -382.22076 2966.7817 -19.662357 60.085144 -98.609886 19.002548 -3068.4434 -174.02937 -20.239952 63.46319 174.02937 2927.9268 
170.375 9610.676 -391.1313 103.7908 -11.73058 -410.11716 3163.326 -9.875264 96.875305 -91.57598 13.123461 -3229.7593 -284.5142 -11.148432 91.86138 284.5142 2810.0432 
170.625 9718.776 -340.7635 77.64889 -0.30771554 -361.49838 3240.9053 -1.1167083 101.13979 -65.518684 1.5502591 -3316.0605 -353.78986 -2.4101167 92.48467 353.78986 2754.0662 
170.875 9736.714 -252.58453 48.46232 5.540119 -273.19843 3241.2478 -10.89727 94.48022 -36.352203 9.917278 -3305.9758 -391.30585 5.5798745 86.69455 391.30585 2783.2402 
171.125 9748.437 -130.7315 25.783485 12.580713 -150.5464 3242.0542 -24.534212 82.709404 -12.436268 25.148417 -3295.0781 -377.51376 15.65965 82.83102 377.51376 2803.9956 
171.375 9753.568 -17.768013 17.263266 24.881416 -34.131863 3234.7117 -34.99508 61.59262 -4.6706524 32.201332 -3298.3037 -314.1554 24.889872 69.57816 314.1554 2813.4468 
171.625 9746.591 65.512985 18.271467 24.009523 52.379993 3210.1821 -50.780285 34.5705 -10.860917 46.19 -3309.8525 -225.38307 23.461243 41.785065 225.38307 2818.4375 
171.875 9864.429 114.30061 19.147503 9.442212 101.36327 3302.5886 -77.00413 5.238864 -15.448374 74.56165 -3429.227 -142.8967 9.155124 9.628245 142.8967 2722.7546 
172.125 10101.893 141.18059 6.381549 -4.2303 128.7561 3508.5667 -100.88556 -13.885349 -3.6311772 96.91694 -3626.658 -60.420464 -5.0583606 -14.355464 60.420464 2558.4343 
172.375 10172.307 155.35332 -23.925901 -13.55222 140.46222 3549.2363 -106.89788 -21.068619 22.277933 101.688995 -3626.2856 43.392338 -12.874612 -26.336868 -43.392338 2588.4258 
172.625 9973.263 134.26044 -52.100857 -18.92548 115.6849 3324.8376 -92.53746 -33.562817 48.384483 90.46587 -3356.0295 142.75015 -16.985413 -34.767704 -142.75015 2884.396 
172.875 9765.495 75.42897 -53.31231 -19.689188 61.138638 3081.0056 -69.46789 -42.080185 53.986897 69.63982 -3081.5615 191.40128 -16.240685 -38.254745 -191.40128 3197.7668 
173.125 9698.756 17.126768 -28.887268 -12.142221 9.857767 2974.5276 -58.18089 -32.347404 29.899153 57.771442 -2918.1357 176.32216 -9.293265 -25.946991 -176.32216 3401.1738 
173.375 9639.222 -18.094599 -4.9182158 -0.99920726 -20.35667 2899.5706 -58.426723 -16.631695 3.1443622 57.414894 -2728.5942 114.5997 -1.1407828 -4.2795477 -114.5997 3605.0005 
173.625 9496.541 -19.918121 -0.9271853 -0.11711168 -18.112757 2762.7732 -48.721558 -2.9314077 1.4139929 47.402676 -2489.693 37.885414 -0.61105573 10.046331 -37.885414 3834.7605 
173.875 9316.266 17.827074 -19.590754 -9.521432 16.99454 2598.351 -33.6204 7.0834837 19.27693 31.511204 -2327.8618 -27.001667 -11.120528 13.48963 27.001667 3976.9214 
174.125 9137.139 59.867832 -47.369484 -16.75283 51.507076 2433.1958 -31.587345 13.403651 39.31628 29.214874 -2267.102 -68.21735 -20.419605 17.908789 68.21735 4022.3577 
174.375 9004.69 76.487015 -57.661064 -15.859297 64.8598 2279.1145 -39.68268 23.527605 45.70725 35.899433 -2229.1633 -77.82246 -18.08484 29.160387 77.82246 4080.3752 
174.625 8998.295 93.155396 -45.99693 -12.156379 85.22323 2202.159 -49.42792 30.37536 33.874825 40.591248 -2196.2915 -56.392635 -11.905009 30.72724 56.392635 4184.9404 
174.875 9124.042 125.48693 -34.190777 -11.184096 124.5852 2249.794 -60.424076 22.608023 17.85214 48.01442 -2199.335 -12.105102 -8.869739 16.912365 12.105102 4261.04 
175.125 9313.945 140.31886 -24.797798 -6.2733173 142.41692 2399.1277 -64.69454 9.251177 3.634781 53.216896 -2267.6975 33.09087 -4.520356 6.8876762 -33.09087 4230.7275 
175.375 9520.294 113.32971 -7.1585155 1.4126112 112.87954 2603.0466 -53.054016 6.831574 -15.871202 41.090538 -2417.2517 46.343987 2.2125053 8.151052 -46.343987 4082.5034 
175.625 9712.338 71.72894 12.736845 0.9485394 67.690865 2811.887 -30.309906 16.262451 -33.493122 16.98584 -2592.885 34.91017 6.0732346 14.867168 -34.91017 3888.3645 
175.875 9834.906 42.145424 28.128975 -4.8926125 34.4679 2967.162 -11.649277 22.836304 -38.385437 1.9137156 -2703.9548 32.45115 1.0561798 21.560581 -32.45115 3745.5112 
176.125 9807.036 -2.0496953 40.04953 -12.373687 -9.817748 2950.7646 -12.734852 15.578226 -40.240917 6.8119307 -2710.3826 40.4376 -10.256251 15.092139 -40.4376 3730.8955 
176.375 9578.429 -68.37602 42.251457 -18.278593 -71.614876 2655.9363 -28.552223 -5.902653 -42.60413 18.873177 -2605.9978 35.80861 -14.945135 -7.257928 -35.80861 3900.52 
176.625 9253.167 -101.75551 27.088932 -12.76807 -107.32344 2206.3164 -33.985783 -29.312159 -28.144964 17.08654 -2418.921 1.3981044 -8.709884 -27.768547 -1.3981044 4212.9736 
176.875 9067.655 -83.4699 1.149221 1.488099 -96.71228 1888.9447 -24.749842 -39.8566 2.8343759 5.2260084 -2246.8245 -42.882633 4.2278705 -37.583824 42.882633 4514.91 
177.05 9089.379 -67.85847 -16.910717 10.936899 -80.41023 1820.584 -20.342186 -43.86074 24.039553 0.87453794 -2175.8945 -58.260292 14.019053 -41.331913 58.260292 4671.6953 
177.15 9142.715 -65.68533 -26.052189 14.381551 -75.57281 1824.9117 -20.50496 -47.5599 33.99678 0.81079865 -2144.4707 -60.612236 17.415266 -42.783955 60.612236 4751.118 
177.25 9207.279 -68.20085 -33.88393 15.17069 -75.51266 1845.5951 -21.849655 -51.94421 41.827667 1.6373425 -2105.7935 -61.437656 17.620153 -43.154625 61.437656 4834.1895 
177.35 9268.872 -72.23651 -39.570667 12.530169 -78.69214 1871.4851 -23.35112 -55.672928 46.57387 2.4905777 -2048.3823 -63.494568 14.145707 -41.76633 63.494568 4928.531 
177.45 9316.959 -73.07985 -41.99345 6.377252 -81.099915 1895.41 -23.64367 -56.97693 46.910423 2.3293247 -1965.0026 -68.37903 7.6009645 -38.14746 68.37903 5036.832 
177.55 9347.01 -66.05802 -39.96371 -2.2215958 -77.72566 1915.1062 -21.744068 -54.53767 41.50157 0.26161242 -1855.5067 -75.939255 -0.4147973 -32.47716 75.939255 5156.4443 
177.65 9358.812 -47.984066 -32.798397 -11.240231 -64.11179 1932.3137 -17.22716 -48.325645 29.914377 -4.1373863 -1726.3074 -84.35549 -7.8999395 -25.821909 84.35549 5279.564 
177.75 9353.735 -18.585482 -20.751934 -18.51119 -38.464985 1950.3588 -10.483315 -39.517162 13.019434 -10.659927 -1588.1818 -91.11704 -13.391555 -19.980267 91.11704 5394.6606 
177.85 9331.293 19.30717 -5.1263514 -22.594347 -2.501098 1971.0803 -2.8409386 -30.2214 -6.8575006 -18.067749 -1452.8623 -94.08341 -16.474058 -16.956848 94.08341 5488.405 
177.95 9287.731 60.46206 11.821817 -23.595041 38.92043 1993.4138 3.7778769 -22.674046 -26.520548 -24.353962 -1329.6349 -92.34527 -17.97295 -18.160652 92.34527 5548.2847 
178.05 9217.108 98.752495 27.35564 -22.645355 79.38766 2012.5712 7.754841 -18.533398 -42.610893 -27.663113 -1224.7136 -86.52706 -19.002243 -23.700397 86.52706 5565.222 
178.15 9113.907 128.96425 38.956543 -21.390041 112.99658 2021.4846 8.017527 -18.51594 -52.633636 -26.701912 -1141.8817 -78.3904 -20.48653 -32.31094 78.3904 5535.263 
178.25 8977.698 148.11523 44.89879 -20.669682 136.0099 2013.0994 4.812538 -22.052145 -55.329155 -21.783651 -1083.7626 -69.893814 -22.200233 -41.693577 69.893814 5461.9644 
178.35 8815.633 156.07541 44.542156 -20.129116 147.54733 1982.4182 -0.3996098 -27.644894 -50.951122 -14.78151 -1053.4933 -62.19697 -22.966814 -49.589508 62.19697 5355.7188 
178.45 8644.176 155.18694 38.72672 -18.585297 149.29756 1929.3531 -5.709025 -33.2951 -40.878418 -8.231848 -1052.8699 -55.00867 -21.262083 -54.611897 55.00867 5233.6772 
178.55 8485.174 149.83128 28.925417 -14.966218 145.08144 1858.101 -9.426425 -37.15161 -27.025541 -4.7054386 -1082.2352 -46.5069 -16.102592 -56.77592 46.5069 5115.104 
178.65 8362.2295 143.99724 17.768576 -9.493101 138.66893 1777.122 -10.778488 -38.197254 -12.2234 -4.9576397 -1138.4331 -34.268448 -8.073638 -57.205845 34.268448 5018.5986 
178.75 8294.909 141.11732 7.5864115 -3.8636036 133.82132 1697.1361 -10.13884 -36.57076 1.0155625 -8.224294 -1214.7349 -16.69749 0.8275192 -57.411964 16.69749 4958.2905 
178.85 8294.296 142.69453 0.46416473 -0.8057691 132.95174 1628.6287 -8.589909 -33.51567 10.326618 -12.113607 -1301.6069 5.757755 7.512283 -58.400913 -5.757755 4942.336 
178.95 8361.189 147.66316 -2.7521913 -2.5415802 136.29555 1579.665 -6.9743357 -30.641928 14.532928 -14.359014 -1388.7769 29.94938 9.278877 -60.088078 -29.94938 4972.7476 
179.05 8486.413 153.11555 -2.2015548 -9.827848 142.05687 1553.8129 -5.5826244 -29.25437 13.540486 -13.357622 -1467.5029 50.993324 4.5402412 -61.437103 -50.993324 5046.35 
179.15 8653.054 155.09756 0.90463686 -21.14695 146.65005 1549.7102 -4.1409903 -29.637072 8.577263 -9.04578 -1531.767 64.02697 -6.2415977 -61.037174 -64.02697 5155.6685 
179.25 8840.783 150.08679 4.917073 -33.355877 146.03354 1561.7065 -2.13595 -30.91208 1.7707095 -3.0102034 -1579.1785 66.200195 -20.733315 -57.74688 -66.200195 5290.2393 
179.35 9029.037 136.15567 8.2036495 -42.789986 136.95915 1582.006 0.23832989 -31.51385 -4.5612774 2.6660147 -1610.139 58.09062 -35.495304 -51.19644 -58.09062 5436.971 
179.45 9200.42 113.91425 9.701013 -46.784058 118.56189 1602.8225 2.270975 -29.929083 -8.612441 5.9132137 -1627.081 43.26346 -47.20907 -41.939034 -43.26346 5581.7583 
179.55 9343.505 86.124565 9.158708 -44.513977 92.60016 1618.6099 2.757306 -25.47446 -9.690441 5.8290567 -1633.8126 26.939274 -53.74633 -31.156157 -26.939274 5711.7407 
179.65 9452.7705 56.985023 7.046604 -37.176517 63.0499 1627.1262 0.91945076 -18.644331 -8.158935 2.77322 -1634.0756 13.487451 -54.770676 -20.348457 -13.487451 5817.3647 
179.75 9528.379 30.970339 4.224418 -27.579538 35.069828 1629.3328 -2.681155 -10.971347 -5.149761 -2.0977676 -1631.2946 5.0918484 -51.9186 -10.965841 -5.0918484 5894.0034 
179.85 9574.509 11.569948 1.6842468 -18.699139 13.320801 1627.9124 -6.846808 -4.3220406 -2.1337476 -6.7139215 -1628.2119 1.2404776 -47.5657 -4.079575 -1.2404776 5942.275 
179.95 9596.034 1.2808622 0.15583241 -13.432452 1.4813477 1626.3146 -9.530325 -0.50581646 -0.20856619 -9.556496 -1626.1292 0.13362205 -44.525597 -0.47684765 -0.13362205 5965.2275 
