0.05 1832968800 0 0 143.41939 0 1832968600 -2.9993706 0 0 2.9993706 1832968600 0 143.41939 0 0 1832968800 
0.15 1698048000 -0.000067858884 0 1154.2948 0.000067858884 1698046300 -34.39865 0 0 34.39865 1698046300 0 1154.2948 0 0 1698048000 
0.25 1458974000 0 0 2572.3108 -0.000067859015 1458970800 -288.24493 0 0 288.24493 1458970800 0 2572.3108 0 0 1458974000 
0.35000002 1166406000 -0.0001357178 0 3595.4592 0.0001357178 1166400300 -869.5338 0 0 869.5338 1166400300 0 3595.4592 0 0 1166406000 
0.45 873991230 0 0 3872.3567 0.00013571787 873982900 -1918.8988 0 0 1918.8988 873982900 0 3872.3567 0 0 873991230 
0.55 622579460 -0.00013571777 0 3663.8599 0.00008482364 622568800 -3208.8623 0 0 3208.8623 622568800 0 3663.8599 0 0 622579460 
0.65 431651900 0.000033399254 0 3644.0425 -0.00010125825 431639580 -4360.8506 0 0 4360.8506 431639580 0 3644.0425 0 0 431651900 
0.75 300000350 0.000071855495 0 4337.891 0.000096142074 299987070 -4929.1997 0 0 4929.1997 299987070 0 4337.891 0 0 300000350 
0.85 213424820 0.00012811733 0 5685.4688 -0.00037657504 213411260 -4617.1514 0 0 4617.1514 213411260 0 5685.4688 0 0 213424820 
0.95000005 154594560 0.000098177305 0 7034.87 -0.00015068018 154581310 -3394.1028 0 0 3394.1028 154581310 0 7034.87 0 0 154594560 
1.05 110421440 -0.000052706455 0 7606.044 0.000010157364 110408850 -1517.6259 0 0 1517.6259 110408850 0 7606.044 0 0 110421440 
1.1500001 74651150 -0.00009507854 0 7013.8354 0.000040235722 74639620 553.4635 0 0 -553.4635 74639620 0 7013.8354 0 0 74651150 
1.25 46270140 0.00003612912 0 5540.257 -0.0000049564633 46259840 2356.9075 0 0 -2356.9075 46259840 0 5540.257 0 0 46270140 
1.35 26122838 -0.000020470852 0 3929.2837 0.00001331971 26113728 3527.483 0 0 -3527.483 26113728 0 3929.2837 0 0 26122838 
1.45 14200816 0.000009535437 0 2889.7354 -0.000001048912 14192737 3886.655 0 0 -3886.655 14192737 0 2889.7354 0 0 14200816 
1.55 8806328 -0.000002582131 0 2657.6758 -0.00001410649 8798930 3433.4456 0 0 -3433.4456 8798930 0 2657.6758 0 0 8806328 
1.6500001 7308218.5 0.000007762806 0 2911.028 -0.0000048902266 7301089.5 2294.186 0 0 -2294.186 7301089.5 0 2911.028 0 0 7308218.5 
1.75 7384339 0.00001064599 0 3054.5366 -0.000007032483 7377113 666.7343 0 0 -666.7343 7377113 0 3054.5366 0 0 7384339 
1.85 7759159.5 0.000006647253 0 2647.3499 -0.000011675987 7751593 -1216.0133 0 0 1216.0133 7751593 0 2647.3499 0 0 7759159.5 
1.95 8125839 0.000017088227 0 1669.2898 -0.000016268357 8117837.5 -3103.676 0 0 3103.676 8117837.5 0 1669.2898 0 0 8125839 
2.0500002 8583397 -0.0000023550801 0 478.49536 0.000007541726 8574997 -4740.986 0 0 4740.986 8574997 0 478.49536 0 0 8583397 
2.15 9126537 0.000023416895 0 -462.6476 -0.000027810134 9117855 -5899.511 0 0 5899.511 9117855 0 -462.6476 0 0 9126537 
2.25 9504357 -0.0000014630998 0 -880.1119 -0.0000068668555 9495543 -6402.0063 0 0 6402.0063 9495543 0 -880.1119 0 0 9504357 
2.35 9400033 0.000007063778 0 -803.8878 -0.00003116575 9391259 -6176.778 0 0 6176.778 9391259 0 -803.8878 0 0 9400033 
2.45 8673679 0.000019206554 0 -478.297 -0.000020508278 8665113 -5276.6743 0 0 5276.6743 8665113 0 -478.297 0 0 8673679 
2.5500002 7449894 -0.00003620793 0 -171.17873 0.00004875397 7441727.5 -3873.225 0 0 3873.225 7441727.5 0 -171.17873 0 0 7449894 
2.65 6016052 -0.000013024803 0 -29.677254 0.000022372233 6008443 -2221.9165 0 0 2221.9165 6008443 0 -29.677254 0 0 6016052 
2.75 4648224.5 -0.000016586555 0 -47.315178 0.000011416424 4641273 -611.0394 0 0 611.0394 4641273 0 -47.315178 0 0 4648224.5 
2.85 3500588 0.000014306121 0 -156.31345 -0.000017014934 3494298 698.2289 0 0 -698.2289 3494298 0 -156.31345 0 0 3500588 
2.95 2606434 0.000008590063 0 -292.2315 -0.000008253851 2600700.8 1502.2704 0 0 -1502.2704 2600700.8 0 -292.2315 0 0 2606434 
3.125 1591202.1 -0.0000011537857 0 -557.9529 0.00000681386 1585997.9 1379.8619 0 0 -1379.8619 1585997.9 0 -557.9529 0 0 1591202.1 
3.375 1240086.4 -0.0000011707243 0 -955.2675 0.0000040450964 1234745.8 -1858.6445 0 0 1858.6445 1234745.8 0 -955.2675 0 0 1240086.4 
3.625 1657119.1 -0.0000030066587 0 -967.82886 0.000010813595 1651248.1 -6072.685 0 0 6072.685 1651248.1 0 -967.82886 0 0 1657119.1 
3.875 1907723.4 -0.0000016482657 0 -574.65784 0.0000068102254 1901490.4 -7504.7173 0 0 7504.7173 1901490.4 0 -574.65784 0 0 1907723.4 
4.125 1643164.5 0.0000048628344 0 -133.50851 -0.0000037886423 1637383.4 -5085.876 0 0 5085.876 1637383.4 0 -133.50851 0 0 1643164.5 
4.375 1066669.3 -0.0000024343428 0 65.2343 -0.00000021931623 1061927.4 -1166.8408 0 0 1166.8408 1061927.4 0 65.2343 0 0 1066669.3 
4.625 627025.44 0.00000070808346 0 63.785995 -0.0000016216959 622962.1 961.8646 0 0 -961.8646 622962.1 0 63.785995 0 0 627025.44 
4.875 464981.1 0.0000029316325 0 -33.045048 -0.0000030109097 461037.34 -356.88287 0 0 356.88287 461037.34 0 -33.045048 0 0 464981.1 
5.125 543566.9 -0.000002285828 0 -190.56462 0.0000034730717 539311.44 -3777.1038 0 0 3777.1038 539311.44 0 -190.56462 0 0 543566.9 
5.375 665352.2 -0.0000018301133 0 -178.42767 -0.0000047759518 660755.25 -6288.3867 0 0 6288.3867 660755.25 0 -178.42767 0 0 665352.1 
5.625 627232.8 -0.000003196005 0 -95.64245 0.0000013022867 622859.5 -5929.2173 0 0 5929.2173 622859.5 0 -95.64245 0 0 627232.8 
5.875 493316.47 0.0000010079868 0 -32.548286 -0.000004782966 489490.97 -3221.412 0 0 3221.412 489490.97 0 -32.548286 0 0 493316.47 
6.125 338760.6 -0.0000030122055 0 38.387215 0.0000010354313 335322.38 -551.4626 0 0 551.4626 335322.38 0 38.387215 0 0 338760.6 
6.375 261408.38 -0.0000018542606 0 -27.283459 0.0000032450312 258047.66 -43.220398 0 0 43.220398 258047.66 0 -27.283459 0 0 261408.38 
6.625 280568 0.0000009127643 0 -151.2349 0.000000968013 276893.8 -1832.2281 0 0 1832.2281 276893.8 0 -151.2349 0 0 280568 
6.875 312093.4 -0.000001942889 0 -226.359 0.000005632638 308120.3 -4016.3743 0 0 4016.3743 308120.3 0 -226.359 0 0 312093.4 
7.125 314458.66 -0.0000037996576 0 -234.88696 0.0000015837968 310643.4 -4529.9683 0 0 4529.9683 310643.4 0 -234.88696 0 0 314458.66 
7.375 265702.7 0.0000016053394 0 -142.81184 0.0000023031757 262306.97 -3061.876 0 0 3061.876 262306.97 0 -142.81184 0 0 265702.7 
7.625 206241.31 0.0000009166024 0 -6.84465 -0.000004942601 203253.11 -978.55 0 0 978.55 203253.11 0 -6.84465 0 0 206241.31 
7.875 176267.75 -0.0000017521743 0 82.363525 0.0000026879454 173424.84 -44.183025 0 0 44.183025 173424.84 0 82.363525 0 0 176267.75 
8.125 176922.86 0.0000008033586 0 82.29747 0.0000014274642 173819 -928.00116 0 0 928.00116 173819 0 82.29747 0 0 176922.86 
8.375 190837.28 0.00000083689554 0 4.8842254 -0.0000036569513 187443.7 -2648.5325 0 0 2648.5325 187443.7 0 4.8842254 0 0 190837.28 
8.625 185845.2 -0.0000014194675 0 -98.41577 0.000005570129 182452.83 -3645.3982 0 0 3645.3982 182452.83 0 -98.41577 0 0 185845.2 
8.875 160566.92 0.0000012744989 0 -133.45096 -0.000005887483 157425.1 -3171.0723 0 0 3171.0723 157425.1 0 -133.45096 0 0 160566.92 
9.125 131017.05 0.0000015263266 0 -110.25097 -0.000002707037 128248.99 -1789.6593 0 0 1789.6593 128248.99 0 -110.25097 0 0 131017.05 
9.375 118325.516 -0.0000003615956 0 -91.44656 0.0000012533662 115751.67 -758.49884 0 0 758.49884 115751.67 0 -91.44656 0 0 118325.516 
9.625 125357.94 0.0000013570118 0 -42.645844 -0.0000007945473 122661.01 -935.91034 0 0 935.91034 122661.01 0 -42.645844 0 0 125357.94 
9.875 135010.92 0.0000008664131 0 12.317355 0.0000011934485 132112.33 -2071.7043 0 0 2071.7043 132112.33 0 12.317355 0 0 135010.92 
10.25 127167.03 0.0000019760676 0 11.803016 -0.0000030089273 124218.57 -3220.3857 0 0 3220.3857 124218.57 0 11.803016 0 0 127167.03 
10.75 85581.234 -0.000000453056 0 -48.745605 -0.00000018262665 83110.945 -1618.319 0 0 1618.319 83110.945 0 -48.745605 0 0 85581.234 
11.25 86105.35 0.0000023405325 0 -37.63445 -0.00000044428396 83685.48 -733.9749 0 0 733.9749 83685.48 0 -37.63445 0 0 86105.35 
11.75 90467.94 -0.0000008345504 0 26.877354 0.00000046623046 88007.36 -1731.2134 0 0 1731.2134 88007.36 0 26.877354 0 0 90467.94 
12.25 64488.3 -0.000001615421 0 34.15744 0.0000010860999 62344.84 -1064.0369 0 0 1064.0369 62344.84 0 34.15744 0 0 64488.3 
12.75 58735.836 -0.0000011174135 0 11.449579 0.0000019408392 56609.813 -282.81064 0 0 282.81064 56609.813 0 11.449579 0 0 58735.836 
13.25 62757.082 -0.00000045802105 0 -12.225149 -0.00000029178582 60605.535 -986.5445 0 0 986.5445 60605.535 0 -12.225149 0 0 62757.082 
13.75 49005.25 0.00000027388018 0 23.480377 -0.00000062546997 47122.91 -781.845 0 0 781.845 47122.91 0 23.480377 0 0 49005.25 
14.25 43527.62 -0.00000011539182 0 20.20373 0.0000007201728 41652.523 -133.58626 0 0 133.58626 41652.523 0 20.20373 0 0 43527.62 
14.75 44283.184 -0.0000015607274 0 19.58159 0.000002345812 42329.645 -531.1991 0 0 531.1991 42329.645 0 19.58159 0 0 44283.184 
15.25 35803.406 0.0000001180469 0 17.286213 0.000000004945008 34049.938 -547.4263 0 0 547.4263 34049.938 0 17.286213 0 0 35803.406 
15.75 33483.09 -0.000000052683568 0 13.348852 -0.0000006710803 31754.703 -152.35782 0 0 152.35782 31754.703 0 13.348852 0 0 33483.09 
16.25 34903.31 -0.0000009720102 0 14.670881 0.0000025437887 33115.582 -369.32397 0 0 369.32397 33115.582 0 14.670881 0 0 34903.31 
16.75 28086.098 -0.0000008363739 0 14.702283 0.0000020299733 26472.64 -373.76184 0 0 373.76184 26472.64 0 14.702283 0 0 28086.098 
17.25 24871.506 0.00000005311487 0 7.4967613 0.00000016715967 23322.154 -119.54017 0 0 119.54017 23322.154 0 7.4967613 0 0 24871.506 
17.75 26059.28 -0.00000070783517 0 -7.2628965 0.0000015563265 24476.621 -298.66052 0 0 298.66052 24476.621 0 -7.2628965 0 0 26059.28 
18.25 21771.78 0.00000088537286 0 -6.827922 -0.0000015244184 20350.75 -398.74945 0 0 398.74945 20350.75 0 -6.827922 0 0 21771.78 
18.75 19287.66 -0.000000040930423 0 5.5251045 -0.00000017763003 17933.31 -128.60895 0 0 128.60895 17933.31 0 5.5251045 0 0 19287.66 
19.25 20059.26 0.00000026932616 0 -10.185133 0.00000029078745 18646.287 -199.97998 0 0 199.97998 18646.287 0 -10.185133 0 0 20059.26 
19.75 16771.592 -0.00000001561403 0 -10.787086 0.00000004972264 15474.514 -340.64392 0 0 340.64392 15474.514 0 -10.787086 0 0 16771.592 
20.25 14628.963 -0.00000034180152 0 -7.8909283 -0.0000000062663155 13417.831 -123.86102 0 0 123.86102 13417.831 0 -7.8909283 0 0 14628.963 
20.75 15736.133 0.00000029507402 0 -3.2358165 -0.00000032246723 14458.63 -99.431755 0 0 99.431755 14458.63 0 -3.2358165 0 0 15736.133 
21.25 13711.794 -0.000000051136162 0 1.0138736 -0.000000075383085 12497.277 -228.44022 0 0 228.44022 12497.277 0 1.0138736 0 0 13711.794 
21.75 11614.394 -0.00000014388226 0 2.7337132 0.00000036277658 10477.769 -122.54453 0 0 122.54453 10477.769 0 2.7337132 0 0 11614.394 
22.25 12688.739 -0.0000002639697 0 7.864513 0.00000023021475 11514.164 -61.634468 0 0 61.634468 11514.164 0 7.864513 0 0 12688.739 
22.75 11744.832 -0.00000008246657 0 -7.3353252 0.00000018461705 10604.518 -159.45749 0 0 159.45749 10604.518 0 -7.3353252 0 0 11744.832 
23.25 9825.8125 -0.00000049767937 0 -7.206081 0.00000022060217 8750.642 -91.811874 0 0 91.811874 8750.642 0 -7.206081 0 0 9825.8125 
23.75 10472.406 0.0000004927635 0 1.826112 -0.0000004407035 9364.504 -48.291096 0 0 48.291096 9364.504 0 1.826112 0 0 10472.406 
24.25 10044.393 -0.0000007397199 0 -5.5442286 0.0000010325089 8978.239 -76.86061 0 0 76.86061 8978.239 0 -5.5442286 0 0 10044.393 
24.75 8449.043 0.00000023441608 0 -9.447855 -0.00000080268177 7464.2886 -69.33836 0 0 69.33836 7464.2886 0 -9.447855 0 0 8449.043 
25.25 8706.86 0.00000013138131 0 -8.227481 -0.00000056958504 7691.2354 -100.218834 0 0 100.218834 7691.2354 0 -8.227481 0 0 8706.86 
25.75 8370.048 -0.0000004226884 0 -2.2947617 0.00000012794699 7367.015 -133.76628 0 0 133.76628 7367.015 0 -2.2947617 0 0 8370.048 
26.25 6929.1436 0.00000022410853 0 -7.3088794 -0.00000026486802 6008.0747 -61.744022 0 0 61.744022 6008.0747 0 -7.3088794 0 0 6929.1436 
26.75 7118.172 0.00000013227746 0 -6.8297396 -0.000000020390946 6186.408 -62.901127 0 0 62.901127 6186.408 0 -6.8297396 0 0 7118.172 
27.25 7192.839 -0.00000025268358 0 5.3335547 0.00000040063802 6259.3916 -122.55944 0 0 122.55944 6259.3916 0 5.3335547 0 0 7192.839 
27.75 5976.077 -0.0000004375339 0 8.342934 0.00000059566474 5104.7266 -83.33352 0 0 83.33352 5104.7266 0 8.342934 0 0 5976.077 
28.25 5942.079 0.0000003796084 0 0.25669527 -0.00000035934693 5068.8257 -36.427452 0 0 36.427452 5068.8257 0 0.25669527 0 0 5942.079 
28.75 6240.27 0.00000036532154 0 -1.42272 0.000000110080094 5356.288 -107.4942 0 0 107.4942 5356.288 0 -1.42272 0 0 6240.27 
29.25 5360.3496 0.00000019405016 0 -3.2873533 -0.000000082902886 4534.372 -106.280785 0 0 106.280785 4534.372 0 -3.2873533 0 0 5360.3496 
29.75 5061.627 -0.000000021737208 0 -5.092993 -0.00000035709084 4255.315 -24.183931 0 0 24.183931 4255.315 0 -5.092993 0 0 5061.627 
30.5 4985.9897 0.000000009073862 0 -4.999697 -0.00000036095298 4168.921 -86.77087 0 0 86.77087 4168.921 0 -4.999697 0 0 4985.9897 
31.5 4526.5137 0.00000047207573 0 -1.4088495 -0.00000032191335 3753.5615 -43.702652 0 0 43.702652 3753.5615 0 -1.4088495 0 0 4526.5137 
32.5 3760.2156 0.00000011028776 0 -3.5498734 -0.00000036976274 3023.1187 -66.40267 0 0 66.40267 3023.1187 0 -3.5498734 0 0 3760.2158 
33.5 3893.1758 -0.000000022238304 0 -0.07385618 -0.000000102375786 3183.3103 -47.001266 0 0 47.001266 3183.3103 0 -0.07385618 0 0 3893.1758 
34.5 3275.0894 0.00000003591721 0 -6.9443073 -0.000000041751953 2575.608 -25.227072 0 0 25.227072 2575.608 0 -6.9443073 0 0 3275.0894 
35.5 3009.5635 0.00000013776939 0 2.1624472 -0.000000059600378 2349.152 -41.04187 0 0 41.04187 2349.152 0 2.1624472 0 0 3009.5635 
36.5 3019.481 -0.00000004065186 0 -0.30356276 0.00000032039557 2360.9692 -28.287704 0 0 28.287704 2360.9692 0 -0.30356276 0 0 3019.481 
37.5 2505.9646 -0.00000006087899 0 3.0822341 0.00000034283622 1880.9873 -24.294168 0 0 24.294168 1880.9873 0 3.0822341 0 0 2505.9646 
38.5 2476.066 -0.0000002777501 0 -1.5841676 0.00000019238834 1881.0021 -24.783651 0 0 24.783651 1881.0021 0 -1.5841676 0 0 2476.066 
39.5 2284.077 0.0000000012508945 0 1.8572416 -0.00000018545364 1696.3037 -27.68467 0 0 27.68467 1696.3037 0 1.8572416 0 0 2284.077 
40.5 2001.146 -0.00000018472562 0 -0.32303613 0.000000096642026 1448.7853 -30.924585 0 0 30.924585 1448.7853 0 -0.32303613 0 0 2001.146 
41.5 2040.0598 0.00000011828999 0 -1.2525216 -0.00000008121385 1476.7948 -38.33914 0 0 38.33914 1476.7948 0 -1.2525216 0 0 2040.0596 
42.5 1776.0164 -0.00000004651122 0 -0.08916879 0.0000000067913972 1257.3174 -17.634567 0 0 17.634567 1257.3174 0 -0.08916879 0 0 1776.0164 
43.5 1727.9749 0.000000047103207 0 -1.9305214 -0.00000007804082 1202.5835 -25.8969 0 0 25.8969 1202.5835 0 -1.9305214 0 0 1727.9749 
44.5 1643.654 0.00000011588652 0 -0.36202344 0.000000076845275 1146.268 -12.597682 0 0 12.597682 1146.268 0 -0.36202344 0 0 1643.654 
45.5 1440.5627 -0.000000037367332 0 1.0840067 0.00000023443806 951.0113 -19.79591 0 0 19.79591 951.0113 0 1.0840067 0 0 1440.5627 
46.5 1466.5854 -0.000000053549645 0 1.3729427 0.00000010120078 980.9589 -12.5134535 0 0 12.5134535 980.9589 0 1.3729427 0 0 1466.5854 
47.5 1316.9269 -0.000000055683454 0 1.0585762 0.000000026389046 847.08307 -23.996683 0 0 23.996683 847.08307 0 1.0585762 0 0 1316.9269 
48.5 1217.9525 0.00000014064409 0 0.9482539 -0.00000020343471 770.34076 -17.44721 0 0 17.44721 770.34076 0 0.9482539 0 0 1217.9525 
49.5 1212.3552 0.00000012922665 0 0.40209907 -0.000000116988915 767.31274 -20.400303 0 0 20.400303 767.31274 0 0.40209907 0 0 1212.3551 
50.5 1058.0105 -0.000000016008983 0 0.61503434 0.000000019056996 634.7337 -22.28102 0 0 22.28102 634.7337 0 0.61503434 0 0 1058.0105 
51.5 1056.5166 0.000000012391539 0 0.63748294 0.00000002695064 642.3335 -11.01831 0 0 11.01831 642.3335 0 0.63748294 0 0 1056.5166 
52.5 975.883 -0.00000011478659 0 -0.44482124 -0.000000024974932 571.6773 -8.830456 0 0 8.830456 571.6773 0 -0.44482124 0 0 975.883 
53.5 936.5803 0.00000005668115 0 0.6326884 -0.00000016398194 535.26624 -18.472353 0 0 18.472353 535.26624 0 0.6326884 0 0 936.5803 
54.5 880.5371 -0.000000039254846 0 0.38310346 -0.00000001052924 497.70728 -11.352645 0 0 11.352645 497.70728 0 0.38310346 0 0 880.5371 
55.5 815.1203 -0.00000007723983 0 0.9179585 -0.000000042045684 449.04333 -6.4405346 0 0 6.4405346 449.04333 0 0.9179585 0 0 815.1203 
56.5 807.7074 -0.0000000016872841 0 0.2764694 -0.0000001490071 442.17767 -18.944237 0 0 18.944237 442.17767 0 0.2764694 0 0 807.7074 
57.5 740.362 -0.000000056891587 0 -0.9664415 0.000000063500586 384.86948 -14.100785 0 0 14.100785 384.86948 0 -0.9664415 0 0 740.362 
58.5 719.4513 -0.000000036598188 0 0.24083911 -0.00000015961885 377.18185 -6.587269 0 0 6.587269 377.18185 0 0.24083911 0 0 719.4513 
59.5 685.8669 0.00000003423621 0 0.38445464 0.000000009498933 348.0629 -11.421169 0 0 11.421169 348.0629 0 0.38445464 0 0 685.8669 
60.5 662.558 -0.000000038106165 0 -0.7926893 0.000000046321947 336.33737 -9.82522 0 0 9.82522 336.33737 0 -0.7926893 0 0 662.5579 
61.5 623.692 0.000000007915266 0 0.006868638 0.00000007226478 311.1444 -7.090586 0 0 7.090586 311.1444 0 0.006868638 0 0 623.692 
62.5 583.54834 0.000000012629577 0 0.15397294 0.000000008443131 284.10025 -4.612248 0 0 4.612248 284.10025 0 0.15397294 0 0 583.54834 
63.5 565.03107 -0.000000019403803 0 0.24119657 0.00000019825306 262.8053 -13.439267 0 0 13.439267 262.8053 0 0.24119657 0 0 565.03107 
64.5 532.04877 0.000000016142813 0 -0.021251725 0.00000011184078 235.3014 -4.982753 0 0 4.982753 235.3014 0 -0.021251725 0 0 532.04877 
65.5 525.1648 0.0000000134447085 0 0.36651897 0.000000020376529 231.53958 -8.991415 0 0 8.991415 231.53958 0 0.36651897 0 0 525.1648 
66.5 494.57477 0.00000003221845 0 1.6019701 0.000000004450637 214.93073 -4.047696 0 0 4.047696 214.93073 0 1.6019701 0 0 494.57477 
67.5 466.3377 -0.00000003801566 0 0.5799442 0.0000000822253 198.3866 -6.3890076 0 0 6.3890076 198.3866 0 0.5799442 0 0 466.3377 
68.5 441.39008 0.0000000006303438 0 0.2776594 0.00000002611204 180.34056 -7.2804117 0 0 7.2804117 180.34056 0 0.2776594 0 0 441.39008 
69.5 426.05734 -0.000000013518225 0 1.2098824 -0.000000042566253 173.21422 -7.700342 0 0 7.700342 173.21422 0 1.2098824 0 0 426.05734 
70.5 406.12665 0.000000020904704 0 -0.19653408 0.0000000045342565 153.7402 -6.5889683 0 0 6.5889683 153.7402 0 -0.19653408 0 0 406.12665 
71.5 402.87335 -0.00000005772332 0 0.058744766 0.00000006158283 156.79958 -8.5386915 0 0 8.5386915 156.79958 0 0.058744766 0 0 402.87335 
72.5 377.58975 -0.000000059091196 0 -0.29150787 0.000000044643745 140.17696 -6.8365793 0 0 6.8365793 140.17696 0 -0.29150787 0 0 377.58975 
73.5 366.28143 0.00000003563445 0 -0.51293504 -0.00000006522239 134.43333 -2.4407625 0 0 2.4407625 134.43333 0 -0.51293504 0 0 366.28146 
74.5 353.91364 -0.000000015730329 0 0.5799212 0.00000003389965 127.38997 -7.0176916 0 0 7.0176916 127.38997 0 0.5799212 0 0 353.91364 
75.5 333.83258 -0.0000000085975085 0 -0.09444541 0.000000062465936 114.95814 -10.86746 0 0 10.86746 114.95814 0 -0.09444541 0 0 333.83258 
76.5 317.7577 0.00000000068358125 0 0.0070293546 0.00000003279179 100.97273 -10.041413 0 0 10.041413 100.97273 0 0.0070293546 0 0 317.7577 
77.5 305.00876 -0.0000000028597107 0 -0.022187348 -0.00000004690408 100.91233 -6.5684304 0 0 6.5684304 100.91233 0 -0.022187348 0 0 305.00873 
78.5 293.59644 -0.000000048986927 0 0.03424027 0.00000003156028 92.92594 -2.4104958 0 0 2.4104958 92.92594 0 0.03424027 0 0 293.59644 
79.5 272.82382 -0.000000008583906 0 -0.356502 0.000000009447331 86.18764 -1.0884559 0 0 1.0884559 86.18764 0 -0.356502 0 0 272.82382 
80.5 265.3151 -0.000000029500479 0 0.3530988 0.000000021063702 83.60633 -3.8535538 0 0 3.8535538 83.60633 0 0.3530988 0 0 265.3151 
81.5 251.69608 -0.00000002726707 0 0.123018004 0.000000039475786 72.46501 -1.4266703 0 0 1.4266703 72.465004 0 0.123018004 0 0 251.69608 
82.5 244.9927 -0.000000009672527 0 0.11870452 0.00000006001679 72.04633 -1.6499412 0 0 1.6499412 72.04633 0 0.11870452 0 0 244.9927 
83.5 238.26164 -0.000000026453252 0 0.43406257 -0.00000006968962 69.10076 -4.6771927 0 0 4.6771927 69.10076 0 0.43406257 0 0 238.26164 
84.5 229.03171 -0.0000000032917584 0 -0.12622307 -0.000000027926564 62.79978 -6.1086507 0 0 6.1086507 62.79978 0 -0.12622307 0 0 229.03171 
85.5 214.84396 -0.000000008898723 0 0.05125141 -0.00000000089645996 57.65144 -2.2946293 0 0 2.2946293 57.65144 0 0.05125141 0 0 214.84396 
86.5 203.41476 0.000000034382484 0 -0.04642561 -0.000000012134819 54.21428 -3.2722504 0 0 3.2722504 54.21428 0 -0.04642561 0 0 203.41476 
87.5 199.83629 -0.000000016801776 0 0.22354394 -0.000000003543297 49.134453 -3.2484841 0 0 3.2484841 49.134453 0 0.22354394 0 0 199.8363 
88.5 188.25676 0.000000018660211 0 0.31537658 -0.000000045096115 48.65682 -2.1078274 0 0 2.1078274 48.656822 0 0.31537658 0 0 188.25676 
89.5 185.98506 -0.000000012934385 0 0.16772982 -0.000000030107 48.530025 -4.325287 0 0 4.325287 48.530025 0 0.16772982 0 0 185.98506 
90.5 177.79463 -0.0000000020552287 0 0.26428634 -0.00000003133446 46.3147 -3.438476 0 0 3.438476 46.3147 0 0.26428634 0 0 177.79463 
91.5 167.38818 -0.000000021114516 0 -0.3721565 -0.00000001695074 39.45031 -4.077863 0 0 4.077863 39.45031 0 -0.3721565 0 0 167.38818 
92.5 165.0616 0.000000006832358 0 0.12087742 -0.000000039316035 37.88044 -2.812997 0 0 2.812997 37.88044 0 0.12087742 0 0 165.0616 
93.5 161.37018 -0.0000000065980243 0 0.22675417 -0.00000002134528 35.52155 -4.3463497 0 0 4.3463497 35.52155 0 0.22675417 0 0 161.37018 
94.5 153.81976 0.0000000023165443 0 0.0654124 -0.000000053432974 33.058426 -1.0779006 0 0 1.0779006 33.058426 0 0.0654124 0 0 153.81976 
95.5 146.39769 -0.00000000539169 0 -0.13861589 0.000000015618362 31.86478 0.97962594 0 0 -0.97962594 31.86478 0 -0.13861589 0 0 146.39769 
96.5 136.15898 -0.0000000053421303 0 -0.030408137 -0.000000007264737 27.225534 1.4505363 0 0 -1.4505363 27.225534 0 -0.030408137 0 0 136.15898 
97.5 132.83977 0.0000000095588195 0 -0.21622871 -0.000000047067484 26.009201 -1.802561 0 0 1.802561 26.009201 0 -0.21622871 0 0 132.83977 
98.5 128.58119 -0.00000000552778 0 0.053119432 0.0000000051957647 24.848764 -1.6957375 0 0 1.6957375 24.84877 0 0.053119432 0 0 128.58119 
99.5 122.32469 0.0000000024638134 0 -0.47409487 -0.00000004348287 22.491148 -1.0071689 0 0 1.0071689 22.49115 0 -0.47409487 0 0 122.32469 
100.5 122.59492 -0.00000001908262 0 -0.596274 -0.0000000056264726 22.79644 -0.99038315 0 0 0.99038315 22.79644 0 -0.596274 0 0 122.59492 
101.5 113.54757 -0.000000011649872 0 -0.035836365 -0.00000001483718 20.823057 -0.08074375 0 0 0.08074375 20.82306 0 -0.035836365 0 0 113.54757 
102.5 109.35115 0.0000000033842842 0 -0.23776181 0.000000006974945 18.819372 1.269011 0 0 -1.269011 18.819372 0 -0.23776181 0 0 109.35115 
103.5 105.57894 -0.000000009127682 0 -0.36868224 0.000000008568818 17.356691 -0.6064607 0 0 0.6064607 17.356691 0 -0.36868224 0 0 105.57894 
104.5 99.12661 -0.000000008895357 0 -0.018971954 0.000000008666271 14.402441 0.39592057 0 0 -0.39592057 14.402442 0 -0.018971954 0 0 99.12661 
105.5 94.009705 -0.0000000050020366 0 0.1618899 -0.000000009253848 13.445632 -0.60632336 0 0 0.60632336 13.445633 0 0.1618899 0 0 94.009705 
106.5 92.21982 -0.000000024018936 0 -0.09573559 -0.00000003267751 13.221977 -1.9297979 0 0 1.9297979 13.221978 0 -0.09573559 0 0 92.21982 
107.5 86.923805 -0.000000023927736 0 -0.091959275 -0.0000000033121594 11.214278 -1.8611243 0 0 1.8611243 11.214278 0 -0.091959275 0 0 86.923805 
108.5 82.744156 0.000000006348607 0 -0.1057465 -0.00000001129165 11.300302 0.65421987 0 0 -0.65421987 11.3003025 0 -0.1057465 0 0 82.744156 
109.5 82.953125 0.0000000056912484 0 -0.050590344 -0.0000000011172823 12.487833 0.7924939 0 0 -0.7924939 12.487833 0 -0.050590344 0 0 82.95313 
110.5 78.92444 0.0000000065434467 0 -0.00007657334 -0.000000003707385 11.649263 0.42092523 0 0 -0.42092523 11.649263 0 -0.00007657334 0 0 78.92444 
111.5 76.570274 0.000000009581091 0 -0.087104425 0.0000000020784094 8.52586 -0.511163 0 0 0.511163 8.52586 0 -0.087104425 0 0 76.570274 
112.5 73.558784 -0.00000000046411208 0 -0.27814904 0.0000000028118925 8.939454 -0.23021589 0 0 0.23021589 8.939453 0 -0.27814904 0 0 73.55879 
113.5 70.70016 0.000000007950443 0 -0.059068292 0.000000040890452 8.025474 -1.0691518 0 0 1.0691518 8.025474 0 -0.059068292 0 0 70.70016 
114.5 66.337776 -0.000000018093667 0 -0.049118157 0.000000000053208216 8.148734 -0.07618188 0 0 0.07618188 8.148734 0 -0.049118157 0 0 66.337776 
115.5 65.36592 -0.00000000012988897 0 -0.00572454 0.000000023416758 7.274808 0.02704554 0 0 -0.02704554 7.274808 0 -0.00572454 0 0 65.36592 
116.5 62.300354 -0.0000000094445705 0 0.10510449 -0.000000022092642 5.9604883 -0.7637612 0 0 0.7637612 5.9604883 0 0.10510449 0 0 62.30035 
117.5 58.306225 -0.0000000060435426 0 0.006148972 0.00000000069726713 5.437234 1.099444 0 0 -1.099444 5.437234 0 0.006148972 0 0 58.306225 
118.5 56.73053 -0.000000004785357 0 0.30777258 0.000000013389445 4.38211 0.5826006 0 0 -0.5826006 4.38211 0 0.30777258 0 0 56.73053 
119.5 55.351044 -0.0000000011256724 0 -0.022300666 -0.000000009875443 3.7535179 -0.024182294 0 0 0.024182294 3.753518 0 -0.022300666 0 0 55.351044 
120.5 51.407234 -0.00000000080975526 0 0.044475652 0.000000009476706 3.2581115 -0.70606077 0 0 0.70606077 3.2581115 0 0.044475652 0 0 51.407234 
121.5 50.006897 0.000000006173789 0 0.109707385 0.0000000028287737 2.0019894 -0.12221378 0 0 0.12221378 2.0019896 0 0.109707385 0 0 50.006897 
122.5 48.653824 0.0000000071880244 0 -0.018381855 -0.0000000017607243 2.8758223 0.23603281 0 0 -0.23603281 2.8758218 0 -0.018381855 0 0 48.653824 
123.5 45.172085 0.0000000017856385 0 -0.07474028 0.000000004761554 1.9886227 -0.046493337 0 0 0.046493337 1.9886227 0 -0.07474028 0 0 45.172085 
124.5 44.526405 0.00000000498432 0 -0.09158068 -0.00000000046196313 2.0943267 0.85591865 0 0 -0.85591865 2.0943267 0 -0.09158068 0 0 44.526405 
125.5 42.41068 -0.000000009632628 0 -0.11480966 0.000000005591 1.7111623 0.9840653 0 0 -0.9840653 1.7111624 0 -0.11480966 0 0 42.41068 
126.5 41.1006 -0.00000000733565 0 -0.023382992 0.000000015244792 1.4387319 -1.183564 0 0 1.183564 1.4387318 0 -0.023382992 0 0 41.1006 
127.5 38.423256 -0.000000012113112 0 0.023776561 -0.0000000015431001 1.8789407 0.23699912 0 0 -0.23699912 1.8789409 0 0.023776561 0 0 38.423256 
128.5 36.540253 -0.0000000004777858 0 0.009037247 -0.00000000838831 2.019919 0.4229 0 0 -0.4229 2.019919 0 0.009037247 0 0 36.540253 
129.5 34.616123 0.0000000007865629 0 -0.016569935 -0.0000000034365044 0.8901115 -0.14134039 0 0 0.14134039 0.8901115 0 -0.016569935 0 0 34.616123 
130.5 33.116547 0.0000000043899733 0 -0.020111654 0.0000000024407087 1.4785348 -0.17445078 0 0 0.17445078 1.4785348 0 -0.020111654 0 0 33.116547 
131.5 31.228899 0.0000000012049622 0 -0.041218393 -0.000000006774968 0.23186244 0.29408914 0 0 -0.29408914 0.23186241 0 -0.041218393 0 0 31.228899 
132.5 29.315956 -0.00000000037399633 0 -0.068871066 0.0000000079733615 0.60169715 -0.27906442 0 0 0.27906442 0.6016971 0 -0.068871066 0 0 29.315956 
133.5 28.05623 0.0000000018924249 0 0.037108634 -0.0000000032296241 0.64579797 0.2394608 0 0 -0.2394608 0.6457981 0 0.037108634 0 0 28.05623 
134.5 26.644146 -0.0000000043826263 0 0.12146292 0.00000000240099 0.3172858 -0.108551905 0 0 0.108551905 0.31728584 0 0.12146292 0 0 26.644146 
135.5 25.01678 -0.0000000056847362 0 0.0062069856 0.0000000020975914 0.026504152 0.4695021 0 0 -0.4695021 0.026504109 0 0.0062069856 0 0 25.01678 
136.5 23.658947 0.0000000026275244 0 0.057588052 -0.0000000093932195 -0.35994464 0.13058238 0 0 -0.13058238 -0.35994452 0 0.057588052 0 0 23.658947 
137.5 22.426237 -0.0000000040386174 0 -0.01778765 0.0000000041765853 -0.24273743 -0.058170725 0 0 0.058170725 -0.24273749 0 -0.01778765 0 0 22.426237 
138.5 21.678799 -0.0000000045560697 0 0.119401716 0.000000001219129 0.07294271 -0.07919739 0 0 0.07919739 0.072942704 0 0.119401716 0 0 21.678799 
139.5 20.975746 -0.00000000029774683 0 0.076492906 -0.00000000017012292 0.12488073 0.19801585 0 0 -0.19801585 0.124880716 0 0.076492906 0 0 20.975746 
140.5 19.385984 0.0000000055375775 0 -0.02028068 0.000000000773531 -0.26350087 0.073176876 0 0 -0.073176876 -0.26350087 0 -0.02028068 0 0 19.385986 
141.5 18.312178 0.0000000021232305 0 -0.035364367 -0.0000000026645286 0.0018568672 -0.06181635 0 0 0.06181635 0.0018569157 0 -0.035364367 0 0 18.312178 
142.5 16.730312 -0.0000000008393425 0 0.003241421 0.00000000017782581 -0.044858918 -0.039423298 0 0 0.039423298 -0.04485897 0 0.003241421 0 0 16.730312 
143.5 15.9877 0.000000004885098 0 -0.020271432 -0.0000000013757986 0.34832045 0.16736284 0 0 -0.16736284 0.3483205 0 -0.020271432 0 0 15.9877 
144.5 14.515366 -0.0000000010422977 0 -0.00458237 0.0000000009770196 -0.11197106 -0.094595216 0 0 0.094595216 -0.11197105 0 -0.00458237 0 0 14.515365 
145.5 13.82665 -0.0000000019524928 0 0.0046357717 -0.0000000018121636 0.14231421 -0.010953823 0 0 0.010953823 0.14231429 0 0.0046357717 0 0 13.82665 
146.5 13.274629 0.0000000018459553 0 -0.035970863 -0.000000005796024 -0.021506907 -0.059934244 0 0 0.059934244 -0.021506902 0 -0.035970863 0 0 13.274629 
147.5 12.244861 -0.0000000028019742 0 -0.008395282 -0.0000000017313948 -0.21279746 0.05813344 0 0 -0.05813344 -0.21279746 0 -0.008395282 0 0 12.244862 
148.5 11.767051 0.000000002715712 0 0.008358029 -0.00000000019693645 -0.36809108 0.068973176 0 0 -0.068973176 -0.36809114 0 0.008358029 0 0 11.767052 
149.5 10.562255 -0.0000000026026703 0 -0.015353588 -0.00000000016395692 -0.51365936 -0.06772691 0 0 0.06772691 -0.5136594 0 -0.015353588 0 0 10.562255 
150.25 10.230983 0.00000000074167666 0 0.017278813 0.000000002297519 -0.40019986 -0.03126465 0 0 0.03126465 -0.4001999 0 0.017278813 0 0 10.230984 
150.75 10.002566 0.0000000013931223 0 0.00031336653 0.0000000026603102 -0.37719607 0.11788217 0 0 -0.11788217 -0.3771961 0 0.00031336653 0 0 10.002564 
151.25 9.513117 -0.0000000009562087 0 -0.012794391 0.0000000008204629 -0.34246317 -0.04664975 0 0 0.04664975 -0.3424632 0 -0.012794391 0 0 9.513118 
151.75 9.180037 0.0000000036915293 0 0.019585256 0.000000001933496 -0.2130684 -0.12769243 0 0 0.12769243 -0.2130684 0 0.019585256 0 0 9.180037 
152.25 8.911144 -0.00000000056958266 0 0.0007022106 -0.0000000026832374 -0.2583986 -0.060548477 0 0 0.060548477 -0.25839853 0 0.0007022106 0 0 8.911144 
152.75 8.566479 0.0000000014665814 0 0.02236409 0.000000005044656 -0.335982 0.12427474 0 0 -0.12427474 -0.335982 0 0.02236409 0 0 8.566479 
153.25 8.177035 0.00000000010841419 0 -0.0055962247 -0.00000000022555148 -0.12903139 0.16339774 0 0 -0.16339774 -0.12903139 0 -0.0055962247 0 0 8.177035 
153.75 7.669575 -0.00000000064146655 0 0.02311028 0.00000000064797157 -0.3153104 0.0128038 0 0 -0.0128038 -0.3153104 0 0.02311028 0 0 7.669575 
154.25 7.2454686 -0.0000000008621169 0 0.003353849 0.000000001446423 -0.44307598 0.105350755 0 0 -0.105350755 -0.44307593 0 0.003353849 0 0 7.2454686 
154.75 7.16563 -0.0000000012730953 0 0.02026108 0.0000000001996652 -0.24334915 0.07976051 0 0 -0.07976051 -0.24334915 0 0.02026108 0 0 7.16563 
155.25 6.90822 0.0000000013204859 0 -0.004079165 -0.0000000009179948 -0.19206753 0.028449226 0 0 -0.028449226 -0.19206753 0 -0.004079165 0 0 6.90822 
155.75 6.44483 0.00000000090226704 0 0.00021989708 -0.0000000008712152 -0.2436646 -0.05761763 0 0 0.05761763 -0.24366458 0 0.00021989708 0 0 6.44483 
156.25 6.0623736 -0.00000000004349248 0 -0.00084223214 0.00000000019486492 -0.22781561 -0.032082785 0 0 0.032082785 -0.2278156 0 -0.00084223214 0 0 6.0623736 
156.75 5.860797 -0.0000000012443045 0 0.011063478 0.000000000031698012 -0.15108633 -0.08519599 0 0 0.08519599 -0.15108633 0 0.011063478 0 0 5.860797 
157.25 5.505786 -0.0000000005406793 0 0.00082460715 0.0000000002095137 -0.091290794 0.034430698 0 0 -0.034430698 -0.091290794 0 0.00082460715 0 0 5.505786 
157.75 5.276155 0.00000000074246265 0 0.010744572 -0.00000000012978837 -0.10402014 -0.07116423 0 0 0.07116423 -0.104020126 0 0.010744572 0 0 5.276155 
158.25 4.9377294 -0.00000000030266345 0 -0.018051045 -0.0000000002901776 -0.040967934 -0.0060768016 0 0 0.0060768016 -0.040967938 0 -0.018051045 0 0 4.9377294 
158.75 4.612546 -0.00000000045167384 0 -0.0024405327 -0.000000000157978 -0.048516545 -0.0027810112 0 0 0.0027810112 -0.04851654 0 -0.0024405327 0 0 4.612546 
159.25 4.5960054 0.000000000045594865 0 -0.0033158513 -0.0000000014954007 -0.03779381 0.03519565 0 0 -0.03519565 -0.03779382 0 -0.0033158513 0 0 4.5960054 
159.75 4.4939423 0.000000000175763 0 0.0071314657 0.0000000010264679 -0.1078007 0.045195255 0 0 -0.045195255 -0.10780072 0 0.0071314657 0 0 4.4939423 
160.25 4.1045732 0.00000000028434322 0 -0.0031913882 0.0000000012711276 -0.13068995 0.01567059 0 0 -0.01567059 -0.13068993 0 -0.0031913882 0 0 4.1045732 
160.75 3.763093 -0.0000000009590453 0 0.009261602 0.00000000071285805 -0.055436753 -0.01179442 0 0 0.01179442 -0.05543676 0 0.009261602 0 0 3.7630928 
161.25 3.5960052 -0.00000000055172067 0 0.0007405807 0.0000000004506019 -0.014486545 -0.02575032 0 0 0.02575032 -0.014486541 0 0.0007405807 0 0 3.5960052 
161.75 3.268792 0.00000000077438167 0 0.0022018896 -0.0000000010631767 0.04356925 -0.015454156 0 0 0.015454156 0.043569256 0 0.0022018896 0 0 3.268792 
162.25 3.0486422 0.00000000066134537 0 -0.0023551178 -0.0000000005896307 0.051731773 -0.020594036 0 0 0.020594036 0.051731773 0 -0.0023551178 0 0 3.0486422 
162.75 3.0522695 0.000000000059410005 0 -0.0055366093 -0.000000000142517 0.0058342535 -0.061743725 0 0 0.061743725 0.005834246 0 -0.0055366093 0 0 3.0522697 
163.25 2.8028622 0.00000000007213449 0 0.005234192 -0.00000000004416561 -0.06886493 -0.02978623 0 0 0.02978623 -0.06886493 0 0.005234192 0 0 2.8028622 
163.75 2.6112566 0.00000000054982785 0 -0.00022183359 0.000000000006164569 -0.07112593 -0.00077581615 0 0 0.00077581615 -0.07112592 0 -0.00022183359 0 0 2.6112566 
164.25 2.534875 -0.00000000036742925 0 0.0020038662 0.000000000856151 0.008942975 0.008057872 0 0 -0.008057872 0.008942974 0 0.0020038662 0 0 2.534875 
164.75 2.3435845 -0.00000000041671344 0 -0.00054582866 -0.00000000024539995 -0.021412633 -0.0071964264 0 0 0.0071964264 -0.02141264 0 -0.00054582866 0 0 2.3435845 
165.25 2.1900349 0.0000000002208096 0 0.00036593195 -0.000000000042812098 -0.06401709 -0.013953285 0 0 0.013953285 -0.06401708 0 0.00036593195 0 0 2.1900349 
165.75 2.0885355 0.0000000003146673 0 -0.0038848002 0.00000000050586835 -0.028031947 0.011704949 0 0 -0.011704949 -0.028031943 0 -0.0038848002 0 0 2.0885355 
166.25 1.8837932 -0.000000000033650752 0 -0.0030152325 -0.00000000047648246 -0.0066316444 0.013816559 0 0 -0.013816559 -0.006631644 0 -0.0030152325 0 0 1.8837932 
166.75 1.7187346 0.000000000097160266 0 -0.0008804648 -0.0000000011240359 -0.020510351 -0.012053013 0 0 0.012053013 -0.020510348 0 -0.0008804648 0 0 1.7187346 
167.25 1.6120397 0.00000000007226928 0 0.0004220773 0.0000000007335687 -0.014248583 0.011608085 0 0 -0.011608085 -0.014248587 0 0.0004220773 0 0 1.6120397 
167.75 1.4558216 -0.000000000079607904 0 0.0054234923 -0.00000000065166106 0.0146269305 0.0006995832 0 0 -0.0006995832 0.014626925 0 0.0054234923 0 0 1.4558216 
168.25 1.3561524 0.00000000013001115 0 0.007479821 0.00000000022519586 0.0032106622 0.0032787055 0 0 -0.0032787055 0.003210663 0 0.007479821 0 0 1.3561524 
168.75 1.242291 -0.00000000020611214 0 -0.0061392807 0.00000000011281476 0.007748884 0.0028641107 0 0 -0.0028641107 0.0077488828 0 -0.0061392807 0 0 1.242291 
169.25 1.1322758 -0.00000000017669922 0 -0.005120673 0.000000000309208 0.016575964 0.0018748599 0 0 -0.0018748599 0.016575964 0 -0.005120673 0 0 1.1322758 
169.75 1.010816 -0.00000000009844508 0 -0.0002266952 0.00000000008830943 0.012493679 -0.0051219147 0 0 0.0051219147 0.012493678 0 -0.0002266952 0 0 1.010816 
170.125 0.9462491 -0.000000000054224798 0 0.00033594534 -0.00000000012912404 0.02499631 0.012517181 0 0 -0.012517181 0.02499631 0 0.00033594534 0 0 0.9462491 
170.375 0.9180631 0.00000000014488717 0 0.002703626 0.00000000008123712 0.016648196 0.00531275 0 0 -0.00531275 0.016648194 0 0.002703626 0 0 0.9180631 
170.625 0.87592113 0.00000000015428504 0 0.0036315466 -0.0000000002259839 0.0033581844 -0.0038863416 0 0 0.0038863416 0.0033581832 0 0.0036315466 0 0 0.87592113 
170.875 0.80930674 -0.000000000021613152 0 0.0036230034 -0.00000000009192312 -0.0008378626 -0.0025762175 0 0 0.0025762175 -0.00083786005 0 0.0036230034 0 0 0.80930674 
171.125 0.7489804 0.00000000009042565 0 0.0032621778 -0.0000000000125801765 0.0011982864 0.0018412494 0 0 -0.0018412494 0.0011982862 0 0.0032621778 0 0 0.7489804 
171.375 0.7128246 -0.00000000002986846 0 0.0020315878 -0.0000000000597843 0.009710076 0.003248206 0 0 -0.003248206 0.0097100735 0 0.0020315878 0 0 0.7128246 
171.625 0.68302846 -0.0000000000063323973 0 0.00093136716 0.0000000002479163 0.021671345 -0.00079723925 0 0 0.00079723925 0.021671342 0 0.00093136716 0 0 0.6830285 
171.875 0.64828014 -0.0000000001175884 0 -0.000026508947 0.00000000027159533 0.017868463 -0.00430566 0 0 0.00430566 0.017868465 0 -0.000026508947 0 0 0.64828014 
172.125 0.6158612 0.0000000000040555597 0 -0.0013671266 0.00000000011330982 0.0011251976 -0.0026038005 0 0 0.0026038005 0.0011251981 0 -0.0013671266 0 0 0.6158612 
172.375 0.58282465 -0.00000000026130453 0 -0.0030693074 0.00000000010035451 -0.009875233 0.0018316456 0 0 -0.0018316456 -0.009875233 0 -0.0030693074 0 0 0.58282465 
172.625 0.5406273 0.0000000000883694 0 -0.003485449 0.00000000015238283 -0.009113054 0.0051591117 0 0 -0.0051591117 -0.009113055 0 -0.003485449 0 0 0.5406273 
172.875 0.4983864 0.000000000106883315 0 -0.0017843308 0.0000000002200123 -0.002467434 0.0031913081 0 0 -0.0031913081 -0.002467432 0 -0.0017843308 0 0 0.4983864 
173.125 0.46249652 0.000000000038880135 0 -0.000014445681 -0.00000000004037091 -0.00019333645 -0.0014489316 0 0 0.0014489316 -0.000193335 0 -0.000014445681 0 0 0.4624965 
173.375 0.42973673 -0.000000000003978873 0 0.0010106822 -0.000000000074211186 0.0013063786 -0.0040407735 0 0 0.0040407735 0.0013063777 0 0.0010106822 0 0 0.42973673 
173.625 0.4033272 0.000000000091341816 0 0.001926046 -0.00000000017629519 0.0034244417 -0.0019152539 0 0 0.0019152539 0.003424442 0 0.001926046 0 0 0.40332723 
173.875 0.3795806 0.000000000051095732 0 0.0020101278 0.00000000005831769 0.00044059101 0.0030574836 0 0 -0.0030574836 0.0004405926 0 0.0020101278 0 0 0.3795806 
174.125 0.3466588 0.00000000007731735 0 0.0010107446 0.000000000071738226 -0.0012702503 0.0020503446 0 0 -0.0020503446 -0.0012702505 0 0.0010107446 0 0 0.3466588 
174.375 0.30851722 -0.00000000003547531 0 0.00051528134 0.0000000000685739 -0.0012594562 -0.0030125694 0 0 0.0030125694 -0.0012594571 0 0.00051528134 0 0 0.30851722 
174.625 0.2791749 -0.0000000000107839215 0 0.0006718855 0.00000000009995524 -0.0032263133 -0.0032978826 0 0 0.0032978826 -0.0032263133 0 0.0006718855 0 0 0.2791749 
174.875 0.2586387 -0.000000000023531904 0 0.00024646425 -0.000000000047438352 -0.0035693839 -0.00074338226 0 0 0.00074338226 -0.0035693846 0 0.00024646425 0 0 0.2586387 
175.125 0.23958932 0.000000000006368429 0 -0.0004919665 -0.000000000054609938 -0.0029566933 -0.00056497386 0 0 0.00056497386 -0.002956694 0 -0.0004919665 0 0 0.23958932 
175.375 0.21964204 0.000000000019084696 0 -0.00108637 -0.000000000040844682 -0.0033039884 -0.0021083332 0 0 0.0021083332 -0.0033039884 0 -0.00108637 0 0 0.21964201 
175.625 0.19772668 0.000000000017662134 0 -0.0009203392 -0.000000000030496806 -0.004988248 -0.001372509 0 0 0.001372509 -0.004988248 0 -0.0009203392 0 0 0.19772668 
175.875 0.17444335 0.00000000001154691 0 0.00001057867 0.00000000005040133 -0.008711109 0.00055872 0 0 -0.00055872 -0.008711109 0 0.00001057867 0 0 0.17444335 
176.125 0.15049404 -0.00000000002867733 0 0.000051264782 -0.000000000048323824 -0.010894494 -0.00009134336 0 0 0.00009134336 -0.010894494 0 0.000051264782 0 0 0.15049404 
176.375 0.12756415 -0.0000000000060286897 0 -0.0007334434 0.000000000017472045 -0.0076197213 -0.0012742841 0 0 0.0012742841 -0.0076197213 0 -0.0007334434 0 0 0.12756415 
176.625 0.10952372 -0.000000000028005669 0 -0.0008566157 -0.000000000011630087 -0.0018592542 -0.0005384957 0 0 0.0005384957 -0.0018592544 0 -0.0008566157 0 0 0.10952372 
176.875 0.09569976 -0.0000000000098658755 0 -0.00033447435 -0.000000000011764492 0.0010307012 0.00068569614 0 0 -0.00068569614 0.0010307012 0 -0.00033447435 0 0 0.09569976 
177.05 0.08658918 0.000000000021606933 0 -0.00008125098 0.000000000016644295 0.0008280937 0.00082837744 0 0 -0.00082837744 0.0008280937 0 -0.00008125098 0 0 0.08658918 
177.15 0.08121689 0.000000000014811626 0 -0.00003270618 0.000000000052923978 0.0002921709 0.000627579 0 0 -0.000627579 0.00029217105 0 -0.00003270618 0 0 0.08121689 
177.25 0.075619444 0.000000000005833757 0 -0.000026035486 -0.0000000000035656792 -0.00029032124 0.00034634687 0 0 -0.00034634687 -0.0002903214 0 -0.000026035486 0 0 0.07561945 
177.35 0.069773056 0.0000000000009230882 0 -0.000023735394 0.000000000014547215 -0.0007641665 0.00011501923 0 0 -0.00011501923 -0.00076416647 0 -0.000023735394 0 0 0.069773056 
177.45 0.063754104 0.000000000007991044 0 -0.000005003258 0.000000000027581042 -0.0010502706 0.000016723061 0 0 -0.000016723061 -0.0010502706 0 -0.000005003258 0 0 0.0637541 
177.55 0.05775198 -0.000000000004078479 0 0.000028917737 -0.000000000018520017 -0.0011423806 0.00005331828 0 0 -0.00005331828 -0.0011423805 0 0.000028917737 0 0 0.05775198 
177.65 0.052029885 -0.000000000005010869 0 0.000058909147 0.000000000012502765 -0.0010891306 0.00016448341 0 0 -0.00016448341 -0.0010891306 0 0.000058909147 0 0 0.052029885 
177.75 0.046834912 0.00000000000031880488 0 0.000069084104 -0.000000000010491198 -0.0009521534 0.00026329278 0 0 -0.00026329278 -0.0009521535 0 0.000069084104 0 0 0.046834912 
177.85 0.04230843 0.0000000000060125954 0 0.00005439587 0.000000000016434108 -0.0007714832 0.00029660985 0 0 -0.00029660985 -0.0007714832 0 0.00005439587 0 0 0.04230843 
177.95 0.038433928 0.0000000000051855993 0 0.000023911616 -0.000000000010580311 -0.00055219966 0.00025766678 0 0 -0.00025766678 -0.00055219966 0 0.000023911616 0 0 0.038433928 
178.05 0.03505637 -0.000000000001165722 0 -0.000010799696 0.000000000008063583 -0.00028455554 0.00017533533 0 0 -0.00017533533 -0.00028455546 0 -0.000010799696 0 0 0.035056375 
178.15 0.03196308 0.0000000000055284163 0 -0.00004101687 -0.000000000006028753 0.00003310735 0.000084568375 0 0 -0.000084568375 0.000033107506 0 -0.00004101687 0 0 0.03196308 
178.25 0.028953826 -0.000000000004574355 0 -0.000066375986 0.000000000003115885 0.00036316868 0.000005651076 0 0 -0.000005651076 0.0003631688 0 -0.000066375986 0 0 0.028953822 
178.35 0.02593131 -0.0000000000018090197 0 -0.0000877746 0.000000000007032916 0.000645483 -0.00006179133 0 0 0.00006179133 0.000645483 0 -0.0000877746 0 0 0.02593131 
178.45 0.022886377 0.000000000003458631 0 -0.00010065923 -0.0000000000030487863 0.0008173723 -0.000099582874 0 0 0.000099582874 0.0008173724 0 -0.00010065923 0 0 0.022886377 
178.55 0.01989706 0.000000000004544096 0 -0.00009764488 0.0000000000083448595 0.00084834994 -0.00009608605 0 0 0.00009608605 0.00084834994 0 -0.00009764488 0 0 0.01989706 
178.65 0.01706784 0.0000000000003192909 0 -0.000075832286 0.000000000004221155 0.0007508741 -0.0000416946 0 0 0.0000416946 0.0007508741 0 -0.000075832286 0 0 0.01706784 
178.75 0.014479559 0.0000000000013451765 0 -0.000040722814 0.0000000000019487584 0.00057072856 0.000052444164 0 0 -0.000052444164 0.00057072856 0 -0.000040722814 0 0 0.014479558 
178.85 0.01216311 -0.0000000000005082818 0 -0.0000063537345 0.0000000000015784869 0.00036363179 0.00015125998 0 0 -0.00015125998 0.00036363179 0 -0.0000063537345 0 0 0.01216311 
178.95 0.010100893 -0.0000000000014156192 0 0.000015213424 -0.0000000000018537292 0.00017407564 0.00021161992 0 0 -0.00021161992 0.00017407564 0 0.000015213424 0 0 0.010100893 
179.05 0.008253248 0.0000000000009977286 0 0.00002000156 -0.00000000000050680657 0.000027137688 0.00020819691 0 0 -0.00020819691 0.000027137676 0 0.00002000156 0 0 0.008253248 
179.15 0.006592388 0.0000000000010084682 0 0.000013071221 0.00000000000078681733 -0.000067309156 0.00014659244 0 0 -0.00014659244 -0.000067309185 0 0.000013071221 0 0 0.006592388 
179.25 0.0051118075 -0.00000000000016346275 0 0.0000036652345 0.0000000000007917888 -0.000112206886 0.00006095629 0 0 -0.00006095629 -0.0001122069 0 0.0000036652345 0 0 0.0051118075 
179.35 0.0038244629 0.0000000000002441228 0 -0.0000014879779 0.0000000000006808673 -0.000116212745 -0.000010336411 0 0 0.000010336411 -0.000116212745 0 -0.0000014879779 0 0 0.0038244629 
179.45 0.0027405967 0.00000000000029324796 0 -0.0000017735281 0.0000000000010448919 -0.00009288905 -0.00004480597 0 0 0.00004480597 -0.00009288905 0 -0.0000017735281 0 0 0.0027405967 
179.55 0.0018538771 -0.00000000000044258436 0 0.00000007617018 -0.00000000000038715748 -0.00005854883 -0.00004410775 0 0 0.00004410775 -0.000058548827 0 0.00000007617018 0 0 0.0018538771 
179.65 0.0011459487 -0.0000000000000137180035 0 0.0000013522484 -0.00000000000021279095 -0.000027853795 -0.000026199363 0 0 0.000026199363 -0.00002785379 0 0.0000013522484 0 0 0.0011459487 
179.75 0.00060152286 -0.000000000000082494375 0 0.0000012352704 0.00000000000013589238 -0.00000872682 -0.0000093748495 0 0 0.0000093748495 -0.000008726822 0 0.0000012352704 0 0 0.00060152286 
179.85 0.00022239388 0.0000000000000034798644 0 0.0000005499762 0.000000000000014854549 -0.0000012709709 -0.0000014815984 0 0 0.0000014815984 -0.0000012709706 0 0.0000005499762 0 0 0.00022239388 
179.95 0.000025106754 -0.0000000000000012344153 0 0.00000006724521 -0.00000000000000842447 -0.000000019268297 -0.00000002078859 0 0 0.00000002078859 -0.000000019268354 0 0.00000006724521 0 0 0.000025106754 
