0.05 1934986100 -708.55664 51.963867 120212.516 -689.82056 1934880900 201393.22 -1063.4574 39.652832 -201395.53 1934880800 10548.088 120750.086 1061.4836 -10548.088 1934848100 
0.15 1795918600 -5741.087 -416.73486 109860.07 -5581.5176 1795814400 185873.13 -8133.463 -515.0171 -185870.19 1795813900 89725.61 110420.734 8115.967 -89725.61 1795783700 
0.25 1549146000 -15479.952 -1194.7026 89751.69 -15061.41 1549041900 157462.55 -20162.516 -1447.9214 -157451.53 1549042600 220091.89 90351.96 20115.998 -220091.89 1549014100 
0.35000002 1246332200 -28217.24 -2555.8164 61847.508 -27464.502 1246230800 121383.74 -33563.688 -2998.9688 -121346.16 1246230700 359269.5 62493.03 33479.727 -359269.5 1246206300 
0.45 942323900 -41926.85 -4415.2393 29810.158 -40814.926 942225000 83793.875 -44672.574 -5051.0557 -83702.76 942224400 469029.2 30494.875 44548.7 -469029.2 942205250 
0.55 679116600 -54205.66 -6585.0845 -1442.2426 -52758.18 679020540 50711.684 -51018.805 -7389.5195 -50531.176 679019970 529410.94 -733.11127 50857.61 -529410.94 679006140 
0.65 477116770 -62891.7 -8597.301 -26751.508 -61168.156 477024350 26352.111 -51851.273 -9531.5625 -26045.354 477023650 541412 -26037.363 51660.914 -541412 477014530 
0.75 335751360 -66974.75 -10106.193 -42431.563 -65054.953 335663040 12165.764 -47931.83 -11126.01 -11697.306 335661660 519132.4 -41731.23 47724.883 -519132.4 335657340 
0.85 241176320 -66882.85 -10878.821 -47426.703 -64850.906 241092300 6733.048 -40869.977 -11943.033 -6076.71 241090460 477914.38 -46755.145 40660.094 -477914.38 241090270 
0.95000005 176180290 -64136.734 -10894.966 -43369.5 -62071.1 176100800 6672.636 -32502.818 -11968.476 -5812.754 176098500 426334.97 -42736.56 32302.521 -426334.97 176101780 
1.05 127602230 -60592.703 -10362.3545 -33407.418 -58561.85 127527064 8181.235 -24241.16 -11417.788 -7117.101 127524376 365752.38 -32818.816 24058.111 -365752.38 127530570 
1.1500001 88962340 -57590.477 -9530.907 -20837.53 -55650.8 88891330 8547.906 -17044.854 -10548.645 -7293.7095 88888280 295489.7 -20296.822 16881.895 -295489.7 88896744 
1.25 58912670 -55571.793 -8613.732 -8078.7295 -53765.35 58845530 6908.6445 -11395.629 -9578.57 -5492.585 58842320 218326.95 -7588.999 11252.196 -218326.95 58852628 
1.35 37913790 -54168.676 -7716.285 3426.0068 -52518.652 37850070 4033.298 -7394.8022 -8612.585 -2494.072 37846868 141991.34 3861.0522 7273.046 -141991.34 37858730 
1.45 25589118 -52737.664 -6854.451 12707.397 -51244.61 25528332 1385.7588 -4866.314 -7662.8086 232.294 25525284 76065.98 13083.536 4775.0605 -76065.98 25538552 
1.55 19944876 -50806.66 -6016.3086 18761.35 -49448.38 19886530 43.33264 -3416.791 -6713.5713 1608.2728 19883758 27210.371 19074.973 3373.5386 -27210.371 19898432 
1.6500001 18154370 -48250.082 -5211.9434 20549.09 -46987.137 18098026 68.91002 -2543.1748 -5775.6914 1573.6238 18095626 -3553.8884 20798.418 2569.2327 3553.8884 18111738 
1.75 17796794 -45182.33 -4492.472 17445.873 -43968.85 17742078 611.9327 -1791.1127 -4909.6953 984.8727 17740092 -19834.463 17631.648 1904.5443 19834.463 17757704 
1.85 17569778 -41744.05 -3918.1765 9814.378 -40538.45 17516408 557.3021 -885.0789 -4192.3594 964.23926 17514834 -26449.992 9940.041 1091.2322 26449.992 17533966 
1.95 17181948 -37986.52 -3524.2642 -797.4907 -36759.15 17129726 -779.31836 209.8128 -3676.8494 2204.9075 17128542 -26411.451 -726.28687 78.35816 26411.451 17149160 
2.0500002 16768434 -33919.73 -3292.785 -12086.871 -32656.871 16717232 -3270.142 1350.2205 -3360.2676 4588.5264 16716385 -20330.309 -12062.953 -1005.4303 20330.309 16738421 
2.15 16369332 -29626.318 -3154.081 -21749.844 -28331.441 16319081 -6126.4863 2332.2634 -3182.129 7335.9263 16318501 -8124.701 -21765.236 -1962.8538 8124.701 16341837 
2.25 15783451 -25275.275 -3010.032 -28173.428 -23968.516 15734129 -8388.185 3009.4622 -3044.4546 9494.74 15733744 8826.232 -28219.93 -2645.422 -8826.232 15758227 
2.35 14742586 -21057.348 -2768.02 -30758.736 -19774.336 14694212 -9429.092 3327.7288 -2851.0442 10443.013 14693941 26962.938 -30828.193 -2989.696 -26962.938 14719386 
2.45 13149042 -17064.92 -2373.3071 -29784.004 -15851.307 13101675 -9193.606 3308.0254 -2537.8906 10125.611 13101455 41750.8 -29868.809 -3005.4626 -41750.8 13127653 
2.5500002 11158963 -13263.778 -1828.2554 -26058.299 -12165.79 11112677 -8097.683 2995.4775 -2093.7002 8956.011 11112453 49784.633 -26151.764 -2728.8032 -49784.633 11139193 
2.65 9079454 -9581.108 -1196.2451 -20573.586 -8631.814 9034314 -6719.6255 2435.604 -1562.996 7509.167 9034056 50190.62 -20670.178 -2200.9924 -50190.62 9061145 
2.75 7195643 -6049.643 -580.10315 -14271.872 -5258.656 7151664.5 -5511.337 1692.643 -1025.6274 6234.589 7151362 44480.887 -14367.372 -1485.5918 -44480.887 7178674 
2.85 5661368.5 -2834.4646 -84.74497 -8028.3496 -2185.026 5618517 -4647.5493 867.97784 -565.57184 5306.5386 5618163.5 35223.12 -8119.494 -685.0034 -35223.12 5645634.5 
2.95 4499947.5 -186.11804 225.54399 -2552.594 358.12262 4458138 -4089.8525 102.163376 -233.83437 4687.6655 4457738.5 24607.703 -2636.752 59.98136 -24607.703 4485357 
3.125 3240709.3 2662.1501 339.49054 3704.5728 3111.6665 3200499.8 -3588.5347 -689.2412 49.722946 4088.7795 3200055 6032.8413 3638.1418 826.287 -6032.8413 3227929.5 
3.375 2778482.5 3769.6975 137.12312 3842.6287 4156.529 2740207.5 -4311.5547 -245.99315 212.10289 4686.8296 2739805.8 -14436.979 3807.3896 383.55484 14436.979 2767957 
3.625 3095091.5 3055.965 -78.94354 -3825.3867 3373.684 3058332 -7660.053 1115.0304 211.80214 7917.738 3058070 -15429.954 -3837.9004 -961.6988 15429.954 3086447.5 
3.875 3155615.3 424.791 -373.96228 -11873.534 708.041 3120050 -10918.109 2259.0254 -158.50774 11082.184 3119912.5 255.81488 -11877.594 -2125.5566 -255.81488 3148446.5 
4.125 2622750 -1910.3989 -192.87439 -13004.045 -1690.4215 2588609.3 -10408.608 2423.3442 -249.89801 10507.884 2588503.3 14175.605 -13009.401 -2334.902 -14175.605 2616675.3 
4.375 1856605.9 -2690.7886 385.05377 -7361.0005 -2533.207 1824055.4 -7536.325 1408.7933 133.02832 7588.1855 1823870 17198.96 -7376.829 -1347.9125 -17198.96 1851286.6 
4.625 1374720.4 -3403.1428 507.62473 -334.14078 -3238.2407 1343764.3 -5807.487 116.12295 335.96475 5835.5986 1343449.9 9670.168 -362.72195 -47.024513 -9670.168 1369921.6 
4.875 1210563.8 -3829.7017 243.53009 2548.2073 -3634.653 1181416.9 -5839.4917 -339.38693 342.0624 5868.976 1181036.3 -1700.9032 2511.4768 442.9754 1700.9032 1206207.8 
5.125 1261837.5 -3981.541 45.608486 -313.3224 -3726.1055 1234493.4 -7405.187 183.33975 367.25677 7440.8647 1234139.5 -7334.5957 -352.27655 -56.70752 7334.5957 1257897.1 
5.375 1314706.1 -4794.201 -182.02553 -5035.153 -4500.175 1289091.8 -9843.162 961.88104 153.82257 9877.142 1288789.6 -4280.656 -5065.4346 -853.9292 4280.656 1311110.6 
5.625 1155261.1 -5085.1914 -367.87476 -7278.405 -4847.601 1131418.1 -10690.08 1360.8661 -231.90646 10717.916 1131131.1 2270.6245 -7292.809 -1305.2361 -2270.6245 1151918.6 
5.875 915786.6 -4263.9546 -214.50958 -5701.1006 -4076.7827 893357.94 -8979.914 1123.7296 -325.99512 9003.0625 893021.25 6486.214 -5705.2393 -1113.9929 -6486.214 912596.2 
6.125 743920.6 -3364.865 -16.554798 -1984.6161 -3179.638 722430.4 -6517.747 491.55902 -192.9238 6540.0854 721997.6 5198.6284 -1987.2046 -473.30807 -5198.6284 740799.1 
6.375 683222.8 -2396.186 -83.608864 695.4367 -2208.2058 662469.2 -5314.1367 94.27875 -99.04753 5339.8403 661956 -56.06567 691.7172 -15.0997505 56.06567 680162.25 
6.625 711826.06 -1949.0842 -180.69894 329.15347 -1741.6348 691731 -6125.3037 205.17673 24.112856 6159.483 691197.56 -4554.556 325.37827 -53.021336 4554.556 708872.3 
6.875 746834.8 -2392.891 -215.85138 -2082.1252 -2205.0024 727626.56 -8088.085 580.3521 82.05237 8131.243 727130 -5248.892 -2084.0024 -370.86243 5248.892 744036.8 
7.125 699926 -2836.4763 -162.38033 -3882.7288 -2733.116 681876.9 -9427.034 870.8099 22.59224 9474.346 681440.6 -2140.2551 -3881.5813 -637.65796 2140.2551 697302.4 
7.375 583860.1 -3184.9573 89.96457 -3836.751 -3148.198 566793.56 -9008.179 803.9343 53.048203 9054.456 566395.56 1424.3242 -3837.031 -579.52936 -1424.3242 581385 
7.625 501766.78 -3048.7815 285.02243 -2126.024 -3034.3958 485334.44 -7187.2534 374.14886 119.50322 7227.521 484930.66 2983.122 -2135.397 -164.51312 -2983.122 499398.72 
7.875 466612.06 -2543.737 203.71948 -102.903336 -2490.8633 450493.06 -5365.627 -23.099237 109.05509 5401.87 450048.13 2455.5684 -124.20207 237.31673 -2455.5684 464314.9 
8.125 464667.03 -2510.456 -25.057442 407.95923 -2360.3853 448683.6 -4688.503 -64.16293 65.682175 4728.1084 448194.44 332.657 378.5136 301.24243 -332.657 462427.03 
8.375 485348.7 -2649.2478 -266.6233 -687.59766 -2445.6548 469746.2 -5338.091 178.79019 -51.98677 5384.642 469232.78 -1117.169 -715.84265 73.010704 1117.169 483179.28 
8.625 470023.3 -3227.0098 -394.41675 -2224.8518 -3050.3655 455169.44 -6522.9844 502.04593 -221.85419 6577.9385 454647.16 -776.4595 -2240.3157 -261.1853 776.4595 467933.3 
8.875 410856.8 -4157.0654 -308.8464 -2919.7563 -4033.9424 396881.72 -7147.405 649.06055 -308.07294 7206.7715 396359.3 201.16573 -2917.0166 -441.61856 -201.16573 408842.25 
9.125 367109.56 -4201.7 -100.245056 -2234.344 -4124.4556 353896.28 -6981.5435 488.21454 -261.20898 7035.1455 353371.8 1168.5756 -2219.114 -322.2243 -1168.5756 365157.94 
9.375 362253.5 -3672.8652 63.0685 -951.3022 -3585.4707 349435.06 -6459.5645 217.67978 -119.85444 6501.5024 348896.75 1688.2614 -935.0952 -78.574554 -1688.2614 360340.56 
9.625 365769.97 -3149.0242 106.6535 -69.8205 -2984.864 353033.84 -5937.867 78.67799 43.871315 5968.6284 352478.22 1424.2845 -62.48186 62.53281 -1424.2845 363875.44 
9.875 376996.44 -2426.4524 51.755875 -72.684296 -2189.838 364371.34 -5767.294 141.8353 129.84116 5792.297 363810.03 815.20026 -79.49893 24.750834 -815.20026 375116.84 
10.25 379419.9 -2451.814 -76.30849 -1119.3395 -2200.903 367340.22 -6142.803 371.07965 2.7450511 6176.168 366795.84 336.78918 -1138.289 -158.79204 -336.78918 377558.16 
10.75 362121.28 -2760.2178 53.100258 -959.45874 -2622.437 351088.25 -5651.9395 264.43756 -130.40898 5697.0596 350604.56 -253.84174 -962.5144 -59.866898 253.84174 360267.97 
11.25 434554.38 -2028.1523 117.229 225.5237 -1899.2059 423872.13 -4460.19 157.01611 -5.6936183 4487.0693 423459.28 396.23956 231.26344 -57.847744 -396.23956 432650.78 
11.75 480400.28 -558.6426 -28.101505 -283.3838 -404.9284 470054.22 -3293.5266 311.37653 -12.835697 3312.2966 469674.47 1132.7662 -292.92038 -246.011 -1132.7662 478367.1 
12.25 477340.16 210.72035 -134.77336 -573.4467 332.7355 467628.72 -2624.76 202.26596 -283.65717 2658.9607 467270.22 735.6657 -583.2157 -65.1254 -735.6657 475156.72 
12.75 496227.75 119.60022 -85.82735 267.52765 233.32191 486639.47 -2292.4014 72.25734 -276.06476 2329.8208 486327.94 257.9168 274.1579 32.558083 -257.9168 493960.53 
13.25 509167.2 749.5275 47.778625 452.48172 851.11346 499670.97 -1676.5513 171.01006 3.8394814 1690.6724 499418.8 1171.2123 463.18478 -198.93248 -1171.2123 506863.38 
13.75 466055.22 1164.1493 89.94254 -113.417534 1220.0785 457005.3 -676.59045 118.78218 63.789257 677.6441 456752.66 1258.8883 -124.176125 -96.76791 -1258.8883 463717.38 
14.25 440894.72 836.1314 61.19749 -192.60683 882.0442 432178.8 -931.21735 69.387184 -76.44826 940.4239 431911.8 228.09381 -202.71655 35.45897 -228.09381 438569.94 
14.75 439798.28 996.803 14.450998 -11.934567 1071.2972 431285.8 -1343.8876 92.68049 -152.43239 1350.5411 431000.4 480.04556 -12.066643 -118.62599 -480.04556 437522.4 
15.25 413827.75 1351.0814 52.05052 60.283314 1401.5558 405613.97 -388.69684 102.62223 14.405882 387.26782 405253.66 1514.2228 62.787025 -212.84497 -1514.2228 411584.84 
15.75 380024.1 1781.7985 -64.411285 -545.03937 1831.8925 372024.34 145.31976 92.006485 -38.63541 -142.85385 371568.16 1245.7058 -549.5052 -36.539394 -1245.7058 377813.63 
16.25 354756.13 2023.9473 -69.71456 -662.6171 2072.8286 347001.75 -770.64667 163.898 -186.8703 787.8972 346488.78 646.9551 -666.8125 -97.74677 -646.9551 352632.4 
16.75 331692.94 1700.5385 -67.08079 177.31105 1724.2693 324289.16 -1064.0309 150.64993 -209.35036 1070.7533 323740.66 577.3152 183.91064 -259.34164 -577.3152 329680.78 
17.25 300270.78 1445.5267 -65.20737 163.92125 1479.0575 293090.84 -77.8027 13.357155 -18.664404 79.274895 292465.66 719.69354 163.9777 -79.75193 -719.69354 298330.75 
17.75 272070.75 1195.6318 -11.894934 -504.53152 1234.233 265178.97 -316.87924 94.80868 -6.6093636 327.4863 264486.03 627.1212 -518.3066 10.037689 -627.1212 270193.84 
18.25 250516.89 732.0711 -38.202194 -54.543697 754.3692 243948.45 -1130.0316 97.35383 -193.52394 1147.3293 243234.73 412.4496 -53.733555 -100.17335 -412.4496 248721.27 
18.75 237651.17 1038.9908 -31.365496 475.4314 1052.9222 231134.23 -298.8583 -52.959545 -70.184616 303.15082 230355.75 1335.9796 484.5048 -72.49961 -1335.9796 235872.6 
19.25 231761.34 3057.334 -98.81901 -34.34039 3086.347 225284.08 -3.6294065 35.201157 -34.36391 10.762274 224394.72 1290.6824 -42.207653 -2.220613 -1290.6824 229929.53 
19.75 249203.95 4339.4946 -43.53841 -275.12994 4347.5776 242962.39 -850.93884 85.383255 -157.0601 867.5567 242031.27 -1140.587 -276.043 -4.7641554 1140.587 247371.81 
20.25 300915.03 3700.6775 -37.80439 292.5785 3696.174 294754.88 -671.66016 -14.736932 -135.81721 686.1173 293872.75 -1431.2335 298.31415 -49.787354 1431.2335 299167.16 
20.75 348616.75 5317.345 -44.255478 59.967014 5324.347 342436.22 288.01678 3.8989918 24.86712 -289.27753 341491.9 2402.6396 59.04243 -32.61383 -2402.6396 346838.9 
21.25 369679.66 10517.877 -17.512491 -351.24323 10519.505 363642.28 -284.01315 66.703865 -56.457912 292.28674 362481.66 3053.3503 -353.39352 29.550804 -3053.3503 367712.8 
21.75 411731.5 13494.204 68.192245 -109.85957 13512.425 405729.6 -879.92926 -67.78897 -110.605225 890.8849 404462.34 -1298.6615 -106.04325 61.80792 1298.6615 409680.8 
22.25 479823.7 12141.918 42.8521 -8.178143 12183.569 473717.88 -288.2507 -155.76563 41.951317 288.2322 472514.16 -2332.5862 5.252508 47.063103 2332.5862 477855.7 
22.75 514813.47 12535.64 67.29714 -631.12506 12553.361 508777.7 298.85513 -108.69473 134.19429 -298.63113 507547 1519.1318 -626.37805 118.83227 -1519.1318 512831.34 
23.25 513131.2 15998.931 155.79124 -268.5336 16005.246 507181.53 38.00704 -78.67578 57.877808 -28.620136 505797.56 2631.202 -263.51996 156.32451 -2631.202 510998.47 
23.75 512748.78 17337.46 176.13031 495.9392 17380.234 506740.2 -216.9911 -77.36514 58.34716 223.02983 505274.16 -71.563324 505.87396 24.452263 71.563324 510532.72 
24.25 510931 15282.843 125.768585 251.79338 15326.441 504909.06 -190.25308 -73.41778 161.30893 186.16226 503472.34 -977.1274 254.7413 -6.092639 977.1274 508738.3 
24.75 491901.7 13868.538 115.70393 -346.2683 13876.51 485929.78 -271.31372 -4.157009 142.0724 282.84476 484513.2 363.26404 -356.31204 55.761368 -363.26404 489723.28 
25.25 463217.28 13796.707 129.1056 -390.71628 13797.15 457171.22 -432.36328 57.5795 67.20833 447.0475 455731.13 1083.8333 -388.80408 -28.541927 -1083.8333 461008.97 
25.75 435131.38 12947.566 99.996796 -21.516886 12948.778 429033.63 -117.564514 87.089485 82.03841 118.41023 427572.88 636.9331 -19.103851 -185.58423 -636.9331 432901.9 
26.25 402648.94 11532.583 10.874934 148.12819 11540.784 396638.72 260.88705 84.32821 65.60516 -264.79163 395165.13 547.86646 143.33566 -87.28913 -547.86646 400415.53 
26.75 372434.5 10776.63 50.723755 148.65706 10800.863 366408.94 -490.98657 84.94697 32.833744 492.50598 364925.94 578.4385 143.92589 24.5236 -578.4385 370206.9 
27.25 345389.84 10043.927 82.955605 57.567787 10062.155 339268.94 -1026.6439 51.150574 22.444427 1029.6151 337752.9 208.53586 63.688576 -73.08693 -208.53586 343150.03 
27.75 320408.94 8687.306 31.539095 94.21877 8692.454 314266 -469.5653 27.788406 81.94241 461.47604 312722.06 182.99878 99.99718 -111.24235 -182.99878 318161.28 
28.25 294641.88 7816.182 -30.60213 -20.227583 7842.0864 288482.47 -209.44199 51.183697 82.8408 199.02907 286905.38 775.56726 -18.814526 1.629617 -775.56726 292382 
28.75 269792.06 7706.9517 -5.964268 30.056923 7752.2534 263597.63 -877.20135 63.070805 -25.359583 867.2239 261991.56 845.7526 24.187452 31.017693 -845.7526 267523.4 
29.25 248134.58 6949.1167 -41.478497 245.91368 6989.957 241918.77 -1010.5871 -27.094051 -68.624344 1005.86835 240304.27 256.61356 245.27917 -18.44948 -256.61356 245872.89 
29.75 230015.17 5765.546 -80.50815 173.88327 5784.3345 223738.14 -595.6631 10.951646 -0.26563907 585.25006 222137 331.66986 181.71696 -19.179735 -331.66986 227781.2 
30.5 201411.72 5173.0127 -35.571552 194.4514 5190.538 195094.75 -1036.8665 48.11293 -82.06191 1026.6781 193490.89 836.98315 188.6784 12.8447075 -836.98315 199192.75 
31.5 168622.5 3525.259 -101.30716 160.12967 3567.1055 162270.92 -802.4248 27.047241 -32.720943 798.26 160697.03 384.18695 162.23343 -46.568928 -384.18695 166464.92 
32.5 136931.5 2904.7837 -15.699147 203.55443 2913.6133 130520.23 -915.47504 36.028587 -95.48387 914.7285 129010.266 511.68524 195.26695 11.784838 -511.68524 134860.02 
33.5 117990.03 1255.5995 -105.4879 -182.7493 1283.2456 111501.98 -736.0846 25.761072 -44.808796 723.6771 110080.54 501.1574 -185.23314 14.277889 -501.1574 116032.96 
34.5 99796.875 795.8424 11.699299 205.69127 803.2086 93200.19 -816.0225 25.129984 -119.74818 815.1294 91724.71 10.384896 206.34892 -13.534372 -10.384896 97802.06 
35.5 90305.86 -691.4743 10.729361 -8.645944 -687.6745 83580.08 -848.63245 15.734277 -46.113434 839.28107 82091.37 686.63824 -16.744656 -50.11034 -686.63824 88314.08 
36.5 80248.83 -1218.8519 46.966915 529.7798 -1215.198 73409.086 -438.33792 -50.45779 -17.761984 431.11917 71869.83 -270.81934 527.93506 -145.10803 270.81934 78224.75 
37.5 70770.73 -1471.4545 -21.69809 111.651825 -1479.9767 63905.668 -494.05896 13.131029 98.30726 483.01434 62362.223 658.4859 102.66388 -85.19156 -658.4859 68757.05 
38.5 64143.813 -2370.0332 -58.677174 219.23297 -2374.7114 57262.633 -39.083702 -18.310234 51.878075 36.844017 55723.26 -7.555666 217.78441 -90.809746 7.555666 62154.188 
39.5 55394.535 -1904.1842 -36.576527 -62.910942 -1911.5322 48525.28 -309.3046 63.924446 121.582596 300.51596 46932.95 469.9225 -64.285 -14.597402 -469.9225 53373.32 
40.5 50950.563 -2671.4546 -36.643387 -57.451523 -2698.9907 44044.004 -140.22668 55.56642 55.76543 136.70354 42478.234 333.17728 -53.902767 0.17903805 -333.17728 48972.445 
41.5 45319.008 -2455.8394 -4.969143 -170.94662 -2477.4978 38434.71 -666.58246 65.5193 31.260532 654.1133 36822.66 158.45853 -172.46606 67.1016 -158.45853 43310.85 
42.5 41524.45 -2607.3875 7.4492683 -129.33134 -2644.9607 34657.816 -162.65562 22.760418 16.519875 151.49782 33111.336 524.24243 -126.68195 39.90552 -524.24243 39586.92 
43.5 38204.203 -2533.501 7.690565 -141.9615 -2571.642 31404.617 -485.3686 95.8443 39.57763 482.57578 29952.516 -167.87613 -146.81946 84.33292 167.87613 36370.023 
44.5 34499.887 -2336.7473 80.06773 -230.44522 -2374.783 27808.13 -270.871 36.22934 -34.045128 262.2895 26318.422 387.2124 -229.41539 27.743835 -387.2124 32631.846 
45.5 33811.074 -2903.0083 91.09369 -111.34429 -2943.9944 27090.248 -430.13736 59.750923 -54.883465 425.52353 25637.078 -157.80641 -118.444984 64.86431 157.80641 31981.64 
46.5 31063.988 -2441.0786 52.17456 49.07646 -2469.2542 24374.414 -139.3789 -6.9246545 -32.474014 133.12619 22881.535 175.66089 56.66225 -37.755398 -175.66089 29194.63 
47.5 30930.166 -2924.6238 47.96635 139.08533 -2947.8132 24205.748 -531.0591 -12.477977 -35.512447 524.0939 22791.94 74.27334 141.16486 -20.354158 -74.27334 29130.76 
48.5 28392.502 -2513.489 46.50971 -57.972237 -2528.804 21736.844 -288.88193 -2.6490211 10.262268 279.89108 20280.1 -38.273148 -50.503113 -21.053846 38.273148 26539.588 
49.5 28877.336 -2982.249 48.470478 146.9943 -2991.6118 22113.252 -629.19574 -7.9177637 -36.76295 619.77704 20593.16 285.90555 150.50922 -36.023754 -285.90555 26945.213 
50.5 27817.748 -3085.7424 16.901396 -41.80457 -3094.2236 20956.428 -476.09537 -21.71742 14.516416 465.9773 19347.527 -182.21935 -45.263195 -19.755043 182.21935 25781.674 
51.5 27401.613 -3040.0698 58.30462 2.7255297 -3053.1484 20426.643 -600.28613 -9.582541 -58.900314 601.8844 18692.324 442.54095 8.207417 -11.530737 -442.54095 25231.605 
52.5 27409.863 -3343.6174 -27.825237 -50.061966 -3370.1455 20370.922 -406.14154 -4.7228956 28.069561 406.18594 18677.438 -94.71097 -49.518906 -2.2937884 94.71097 25281.121 
53.5 26033.16 -2728.041 9.600444 -43.315876 -2762.3228 18863.342 -514.37274 -15.794009 -15.486792 516.197 17161.607 204.84874 -46.33287 -14.023813 -204.84874 23901.303 
54.5 26685.342 -3320.2402 -20.261272 -100.32973 -3360.94 19428.111 -473.57852 24.467972 -4.8076925 473.8587 17703.902 100.46987 -99.23116 26.26081 -100.46987 24535.014 
55.5 25333.309 -2860.9421 26.154533 -17.173548 -2910.8293 18030.648 -499.4224 -11.163453 -30.276415 498.01883 16229.579 0.37909126 -17.776205 -6.5638084 -0.37909126 23105.445 
56.5 25809.102 -3191.5073 15.36232 20.58298 -3230.1675 18372 -537.4207 -5.895514 -21.535515 537.97284 16577.738 262.57056 23.035074 -16.077461 -262.57056 23582.916 
57.5 25106.662 -2685.7258 -5.886505 99.62683 -2738.734 17344.258 -597.4536 -18.173086 -20.4226 601.25494 15654.104 -141.33812 100.74479 -25.241096 141.33812 22976.416 
58.5 25092.22 -2542.3333 17.667381 -38.633827 -2599.9844 17013.48 -621.026 48.23935 -20.855024 615.32434 15362.924 259.4151 -36.73966 24.639925 -259.4151 22990.275 
59.5 25729.16 -3073.0388 50.949265 -32.5854 -3117.5127 17428.16 -554.57245 -17.29351 -57.90028 561.0359 15620.966 -115.39358 -32.399937 -25.112812 115.39358 23454.52 
60.5 24865.322 -2580.0454 -20.315887 -101.51474 -2623.239 16342.727 -335.85574 37.010807 -5.2775383 340.06793 14562.791 219.37851 -100.31939 38.118114 -219.37851 22596.646 
61.5 25608.43 -3065.33 40.064 109.26528 -3111.7463 16767.006 -400.81653 -58.95653 -74.432846 406.71753 14909.224 -87.443054 119.96102 -63.89968 87.443054 23239.938 
62.5 25218.637 -2723.2058 3.1558714 -47.24784 -2759.627 15906.334 -323.06354 12.169909 -22.753983 329.5926 13904.913 250.50548 -48.446293 30.694096 -250.50548 22688.043 
63.5 25576.07 -2811.0588 51.48132 -4.8845024 -2862.0688 15811.867 -456.4409 -37.855476 -14.2204485 466.0566 14016.97 -106.59049 1.1809471 -36.1556 106.59049 23238.012 
64.5 25110.738 -2526.9404 -42.3474 -35.829636 -2582.0852 14969.218 -380.20807 13.04176 53.118275 388.79767 13054.769 169.21616 -40.871166 4.219075 -169.21616 22640.273 
65.5 25622.27 -2708.2266 42.02238 46.25618 -2772.2234 15076.418 -487.75955 42.784344 -25.656622 507.6656 13258.727 121.20612 47.971214 36.049877 -121.20612 23234.889 
66.5 25160.85 -2315.7637 87.65143 42.545124 -2381.3464 14440.931 -591.7825 6.5492096 -80.77677 611.1883 12544.487 -2.2764492 44.878742 0.1499803 2.2764492 22680.34 
67.5 25469.967 -2667.7102 -48.749138 67.33027 -2734.542 14504.166 -510.84326 -8.703554 52.995186 524.3857 12545.297 110.350044 61.929634 -2.2314253 -110.350044 22911.252 
68.5 25173.47 -2744.6436 45.552467 82.35886 -2798.7903 14058.611 -817.3605 -47.30009 -18.884064 822.0858 11865.992 -13.96965 83.01199 -42.649426 13.96965 22357.09 
69.5 24710.416 -2641.8845 7.335809 -22.90327 -2703.8977 13636.827 -890.3715 9.377935 12.175755 894.54694 11698.063 245.10951 -25.752464 4.45352 -245.10951 22119.395 
70.5 24068.955 -2170.8833 -16.145378 -5.015916 -2211.9543 12895.285 -867.4535 28.272055 30.270952 871.2876 11051.603 -423.04892 -1.0463583 29.272211 423.04892 21527.645 
71.5 24765.154 -2902.1697 10.616938 -42.47053 -2918.6692 13471.286 -855.2807 17.56968 57.65326 850.60236 11156.827 664.5007 -46.806522 29.36212 -664.5007 21707.998 
72.5 24410.904 -2633.7651 58.50048 -64.9775 -2656.9546 13057.509 -967.2124 99.59289 -27.125845 970.31915 10927.739 -273.0373 -63.0105 73.27173 273.0373 21514.035 
73.5 23373.045 -2219.8284 64.89892 -33.883892 -2256.5476 12202.29 -917.5154 -8.817087 -24.867218 913.0528 10085.034 188.30414 -30.296476 25.68469 -188.30414 20499.436 
74.5 23345.36 -2798.7112 36.575836 55.10743 -2835.4463 12165.705 -942.4424 -70.87708 34.098137 928.30414 9839.321 -51.45084 56.219215 -40.748302 51.45084 20303.646 
75.5 22735.969 -2607.18 -0.09064698 -45.63671 -2650.1963 11327.686 -881.3821 89.985725 26.040827 879.64514 8825.217 74.63676 -50.99475 89.16322 -74.63676 19536.906 
76.5 22142.764 -2654.8076 75.96351 28.979006 -2716.263 10704.13 -913.98956 -17.067728 -100.73752 911.7124 8360.099 -113.84175 16.712883 -13.799143 113.84175 19098.29 
77.5 21075.9 -2227.4587 -55.875042 107.5101 -2309.473 9853.678 -553.5542 -49.482464 44.5777 554.00134 7507.8457 225.8209 92.38928 -40.267914 -225.8209 18015.445 
78.5 20982.18 -2700.3445 -23.457191 8.358549 -2785.1655 9863.653 -424.76422 15.474713 2.0454602 437.7872 7545.997 -158.801 14.845286 -6.779389 158.801 17932.984 
79.5 19910.82 -2203.7551 -5.995802 -23.561401 -2264.038 8869.45 -233.30591 96.594505 -3.967094 238.17406 6607.0806 125.097115 -17.774538 82.51243 -125.097115 16896.941 
80.5 19466.611 -2327.9756 88.92 105.52493 -2369.4912 8523.77 -384.93515 -49.444077 -118.65205 371.11002 6539.6084 140.0715 109.248405 -52.23489 -140.0715 16708.38 
81.5 18703.39 -2057.193 80.06181 -7.796457 -2101.7102 7894.77 -280.20062 46.087368 -90.19268 293.4538 5684.1274 185.2696 -10.168859 39.215508 -185.2696 15701.702 
82.5 18764.684 -2681.982 -54.195076 26.771614 -2747.7314 8045.095 -299.8848 19.758146 -4.1116686 309.7868 5635.8076 57.42462 30.242218 -6.5971336 -57.42462 15540.849 
83.5 17673.523 -1923.9323 34.73366 87.14561 -2010.4109 6915.6636 -420.4749 -43.861633 -92.5389 432.07898 4338.2656 -68.29517 83.74363 -64.69574 68.29517 14257.579 
84.5 17865.059 -2736.1775 50.80754 173.8528 -2815.1697 7132.2466 -493.49344 -65.44723 -134.2283 520.80133 4642.1445 153.29854 182.1512 -81.378075 -153.29854 14518.843 
85.5 16835.713 -1970.0691 -17.039024 56.574505 -2023.1149 6216.046 -317.18674 30.56415 -10.830969 320.80283 3783.333 -271.84973 53.97885 30.354076 271.84973 13535.632 
86.5 16817.965 -2410.648 65.66868 43.904655 -2460.3132 6246.033 -314.85083 -4.0571966 -79.17019 330.6879 3905.5464 156.19414 57.133614 -41.853077 -156.19414 13603.612 
87.5 16622.79 -2138.1 62.80513 -29.177113 -2235.7415 5671.94 -336.96646 95.08546 -109.90752 358.3781 3057.7976 -125.144844 -3.4458704 34.75808 125.144844 13138.627 
88.5 16340.012 -2155.693 96.44305 -3.9981394 -2246.8645 4873.9995 -324.16687 29.61798 -124.716484 339.47324 2868.5696 -114.01174 -6.0710554 7.424678 114.01174 13475.292 
89.5 16238.654 -1795.2355 49.975655 -29.245789 -1864.7009 4128.9307 -203.97745 13.386245 -64.91199 208.02322 1890.9375 164.38092 -34.41809 6.7559633 -164.38092 13155.958 
90.5 16763.99 -2349.6836 -24.801537 -65.19783 -2384.0894 3894.1 -46.457012 42.41714 -7.7367682 72.571014 1324.1829 90.44467 -72.45061 25.0159 -90.44467 13357.5625 
91.5 16323.498 -1997.8634 -61.155537 24.396244 -1984.1139 3205.795 12.272838 -21.926981 45.862984 0.5200002 592.01373 178.67879 27.516975 -21.330229 -178.67879 12888.149 
92.5 15725.828 -2076.7742 -131.12157 -60.555847 -2067.1482 2888.648 95.23181 81.528694 107.75412 -69.32182 371.87598 280.18726 -62.361153 67.664406 -280.18726 12402.661 
93.5 15145.234 -2112.855 -85.70095 -46.176155 -2133.0222 2840.9114 41.667736 7.5964565 43.8866 -15.255917 -40.255547 62.649437 -45.68122 -14.804191 -62.649437 11472.513 
94.5 14562.831 -2297.2104 -23.457518 -66.741394 -2338.505 2850.9622 90.340706 41.61996 10.331647 -71.15022 -52.029167 217.57236 -54.115093 22.395952 -217.57236 10880.0205 
95.5 13516.69 -1819.1691 -19.502426 6.065879 -1846.8362 2452.1487 39.25387 15.755008 10.497672 -19.512945 -93.48093 -33.4884 2.6330907 5.599931 33.4884 10212.715 
96.5 13237.813 -2154.291 -56.448612 -13.795891 -2177.59 2721.4448 46.743015 -25.454096 23.989086 -31.455303 114.75302 -79.89264 -24.739902 -6.3919315 79.89264 9883.414 
97.5 13121.786 -2222.4084 37.693157 8.935795 -2224.6797 3012.78 -35.502792 -37.121056 -81.85897 61.321495 -41.212532 -221.14723 3.7919784 -28.478075 221.14723 9330.171 
98.5 12826.073 -2299.4697 -104.06751 23.384615 -2293.6384 3061.15 106.05661 -65.19925 49.834316 -78.69344 127.59505 -92.54573 18.7768 -64.66755 92.54573 9162.522 
99.5 12490.874 -2093.1506 6.050083 -63.182247 -2084.5142 3014.7966 64.53161 45.784134 -44.279778 -45.601997 174.29509 -221.78825 -66.21537 49.219334 221.78825 8933.216 
100.5 12323.818 -2315.112 97.86007 -4.7336626 -2316.265 3049.8364 23.264427 -78.52888 -145.94061 0.028759956 313.68454 15.859371 -8.134371 -57.89175 -15.859371 8873.996 
101.5 11562.241 -1913.0682 17.728977 7.644905 -1929.5076 2732.6946 64.30619 -13.3243885 -53.099094 -46.772377 264.69315 -29.66139 1.4836339 -8.937728 29.66139 8377.004 
102.5 11399.736 -2030.9438 60.90599 -2.3435903 -2031.543 2983.178 3.970049 -61.515976 -100.42919 13.717335 140.90198 72.06323 -7.582739 -56.36624 -72.06323 7848.109 
103.5 10983.184 -1948.2366 -1.1183561 13.55356 -1953.4071 2801.8955 18.894558 -14.318008 -39.39912 11.242194 120.824295 178.6068 11.518304 -1.5797029 -178.6068 7589.799 
104.5 10395.964 -1727.3629 53.778008 -12.082801 -1739.8495 2555.1897 -12.104353 59.375748 -88.90318 30.894676 96.84358 105.72054 -10.398012 51.0745 -105.72054 7226.252 
105.5 10302.142 -1857.8335 51.524025 -36.001175 -1882.6128 2616.2458 8.624151 41.68068 -91.621765 13.940923 -211.80228 192.42007 -35.17924 30.993156 -192.42007 6752.3774 
106.5 10101.662 -1758.4714 -13.586813 29.134693 -1799.033 2462.9304 94.27507 -55.229813 -20.077463 -69.2494 -363.47568 148.81667 32.83601 -49.649567 -148.81667 6545.9043 
107.5 10189.885 -2012.2991 -50.846992 -73.07491 -2047.852 2663.4868 156.60645 135.22221 4.0431843 -129.31018 -577.73004 64.72707 -76.656685 136.43123 -64.72707 6209.873 
108.5 9668.985 -1587.5791 -18.613976 29.863152 -1629.5406 2345.1245 196.45244 -58.432526 -30.85073 -170.56424 -518.4069 -47.80379 26.381916 -55.684624 47.80379 6062.7046 
109.5 9502.392 -1690.3433 -4.0250235 -6.4015284 -1730.806 2303.5469 80.86316 34.10259 -34.56267 -61.65567 -362.2682 -120.202774 -7.1149254 37.061584 120.202774 6079.5386 
110.5 9589.671 -1766.5879 104.80555 -3.4685943 -1810.2357 2455.9326 37.80635 65.99018 -136.58351 -17.985863 -535.16833 -29.046291 -11.546184 53.270653 29.046291 5828.2485 
111.5 9510.382 -1724.7584 -57.598793 39.9799 -1767.2766 2444.9402 82.632675 -62.032272 14.578097 -51.38496 -740.98334 19.375343 41.81255 -52.074383 -19.375343 5536.1196 
112.5 9133.597 -1621.2949 -1.3376789 9.335235 -1649.2035 2242.1938 77.20559 60.8105 -43.644264 -43.977272 -495.68335 -65.04383 10.755087 70.390884 65.04383 5584.935 
113.5 9469.096 -1683.1095 35.43893 -18.38031 -1721.8748 2555.556 123.86299 31.350878 -70.52083 -92.90046 -586.35187 22.9332 -19.705465 36.446594 -22.9332 5499.764 
114.5 9345.1045 -1705.1672 39.388134 -4.8602996 -1736.2744 2559.7788 90.32604 47.30067 -103.14144 -45.097004 -546.9808 71.172195 -6.6097727 51.40684 -71.172195 5397.9053 
115.5 9915.849 -1942.4856 -68.0124 2.9233785 -1972.7095 3182.1184 144.4666 -62.275303 35.61411 -111.22819 -1072.7681 -24.203754 -1.8890816 -46.052017 24.203754 4805.928 
116.5 9619.531 -1668.1283 77.229195 -10.19016 -1681.8702 2872.1692 -47.435646 12.45761 -119.26098 84.91768 -988.9127 -162.31747 -7.4146233 15.208008 162.31747 4882.8013 
117.5 9164.927 -1514.7322 103.949234 37.24965 -1543.4723 2399.1345 -34.908627 -83.75138 -153.40828 68.58525 -746.862 2.5771928 41.19819 -81.75354 -2.5771928 5121.4106 
118.5 9249.327 -1303.7103 1.1970792 -17.039968 -1330.5958 2449.8394 31.076328 -2.2148602 -40.18243 1.2290616 -867.3585 -35.904644 -17.195606 6.775168 35.904644 5016.1406 
119.5 9403.758 -1402.9993 77.932236 11.904269 -1445.1302 2628.2324 -66.17748 72.11732 -134.1818 85.8475 -856.9792 -20.629839 -4.083432 75.73943 20.629839 4999.9126 
120.5 9356.344 -1274.2947 109.82511 -5.9368963 -1317.4746 2588.4211 -20.621798 92.766205 -154.13521 42.425903 -1288.7819 -141.38531 2.2640424 88.78846 141.38531 4568.5366 
121.5 9531.865 -1338.4929 12.8168 18.403042 -1391.7637 2833.5916 44.459003 -57.559246 -61.918976 -19.792297 -1073.4866 -162.22073 20.126427 -68.74366 162.22073 4731.069 
122.5 9634.853 -1487.9534 -10.912868 40.588493 -1554.2552 2932.6882 -46.47531 -42.700848 -49.35343 83.489746 -909.14636 -17.200085 33.532257 -45.63048 17.200085 4915.4185 
123.5 8868.676 -1107.5356 -11.539442 6.6934576 -1162.6803 2159.6003 -73.13838 36.530804 -37.89282 89.95666 -792.71027 -50.663395 11.223686 32.098312 50.663395 5068.6865 
124.5 9383.249 -1383.3584 -19.745611 -30.255724 -1444.0162 2753.0334 -20.007374 21.873512 -24.792688 49.76539 -1087.9226 -101.43975 -33.826237 26.596691 101.43975 4711.7974 
125.5 10033.406 -1401.3907 -1.2093668 26.21724 -1473.867 3323.6772 13.634227 -9.70952 -46.54392 17.561615 -1225.4827 111.45047 25.624249 -13.081675 -111.45047 4660.956 
126.5 9798.335 -1311.2695 138.80563 3.717803 -1365.107 3035.3884 -105.879234 7.8066664 -181.50601 142.32468 -1238.3324 25.175814 1.357057 -4.708841 -25.175814 4712.7754 
127.5 9862.725 -1428.379 60.2441 -16.659304 -1466.9556 3071.9902 -45.282753 -10.112173 -90.15847 68.68393 -1115.6769 -95.00695 -7.882788 -6.8833327 95.00695 4870.2227 
128.5 9918.236 -1165.6007 47.949024 -49.51822 -1193.7627 3013.42 -119.60854 14.143237 -68.32996 116.432755 -621.83514 123.35686 -42.667015 17.13317 -123.35686 5487.488 
129.5 9673.03 -1165.3556 49.833107 19.929144 -1183.9016 2672.069 -108.00804 -39.11184 -62.72269 111.64493 -484.61325 233.04169 14.800331 -31.212326 -233.04169 5730.6606 
130.5 10288.39 -1378.8021 26.376648 73.74044 -1384.0673 3253.8523 42.946606 -30.737478 -52.062138 -43.095665 -1090.1279 -33.731186 77.14018 -35.004215 33.731186 5168.347 
131.5 10298.845 -1088.7568 92.5126 -1.358257 -1082.9393 3155.817 -42.753826 21.773893 -109.20399 47.22146 -1059.7584 67.599464 0.25547463 20.391357 -67.599464 5309.8477 
132.5 10241.407 -1024.7 -28.619453 -28.782692 -1008.0913 2796.409 -77.93334 40.18878 19.955765 74.44476 -1042.019 -28.969797 -33.352737 61.651894 28.969797 5631.6797 
133.5 10005.091 -910.71246 -73.61851 -51.301197 -892.3622 2410.9783 -96.70679 -41.129852 67.90355 72.6666 -1036.2267 80.984726 -51.97662 -41.615166 -80.984726 5801.8394 
134.5 9615.075 -1057.7034 -21.203499 -31.00963 -1039.7687 2225.839 73.3183 -30.262299 18.333002 -81.17425 -1004.63556 111.58262 -33.408844 -26.7094 -111.58262 5638.556 
135.5 9831.978 -924.5341 -6.841041 -30.369432 -889.57275 2350.531 136.8116 26.76989 -0.3701173 -136.45734 -1202.2255 198.87056 -34.543392 16.76396 -198.87056 5535.462 
136.5 10261.616 -1201.2905 -124.319534 -32.044796 -1177.9706 2568.7178 29.079834 -19.028008 115.07043 -46.478954 -1462.4437 -216.67734 -38.488274 -24.184614 216.67734 5499.004 
137.5 10676.483 -1181.5939 -4.0534935 41.26042 -1162.6031 2526.7715 -235.6734 13.047298 -4.8027754 229.74196 -2182.4758 -107.90344 44.26932 5.6143527 107.90344 5247.759 
138.5 10610.747 -1094.142 28.37412 -52.10117 -1059.4893 2575.782 -47.720802 38.061386 -57.95958 50.28305 -2452.285 -69.9006 -51.667995 35.488533 69.9006 4880.741 
139.5 10199.6 -1045.7559 -76.76034 34.790848 -1000.45135 1930.1884 118.20106 -79.04256 48.909504 -110.591545 -2249.423 94.181244 33.610703 -80.33374 -94.181244 5333.3823 
140.5 10285.33 -834.3912 -0.9852399 -1.483321 -815.5305 1624.4707 -422.9298 7.4504414 -4.1454754 412.23477 -1949.7539 -31.073425 -1.9179995 21.60388 31.073425 6049.817 
141.5 10341.281 -1042.033 207.12384 9.226016 -1001.3517 1702.1908 -366.7608 87.202644 -233.07703 357.31586 -2202.6729 92.105385 13.091474 82.34596 -92.105385 5791.8154 
142.5 10291.116 -924.4825 52.071533 -19.054113 -881.11096 1575.9103 23.462961 -12.229363 -71.82836 -20.450506 -2172.5137 78.9245 -22.867836 -16.6769 -78.9245 5916.2905 
143.5 11054.219 -964.5235 27.001717 33.372322 -897.5422 1411.8558 -426.21002 -188.80865 -49.20468 424.8474 -2636.5813 27.204262 32.767754 -191.41716 -27.204262 6383.5474 
144.5 11433.045 -1000.02924 -129.18439 -42.904476 -947.39526 1543.7115 -348.15558 54.94561 97.612076 356.19095 -3038.9504 -46.219677 -36.786537 59.947857 46.219677 6240.939 
145.5 11307.921 -1084.7686 39.219933 44.309284 -1016.65155 1700.6685 -34.389168 -270.83575 -74.32713 21.046139 -2982.384 199.36168 50.033947 -265.53238 -199.36168 6017.919 
146.5 10991.474 -929.11896 -26.102161 26.253859 -860.48004 1499.4568 30.713408 -49.61121 6.388216 -38.890923 -2684.176 -4.4513226 26.335918 -51.36871 4.4513226 6210.497 
147.5 10820.667 -857.9815 7.7176123 26.462322 -804.2931 1392.9698 45.052814 19.914558 -18.053402 -54.162354 -2575.069 -37.58103 23.69614 9.859428 37.58103 6263.935 
148.5 10803.195 -859.2435 81.63144 -37.381958 -817.9803 1489.1547 26.074966 -8.884654 -94.45913 -35.197155 -2417.8328 137.72174 -41.897743 -18.295725 -137.72174 6313.3774 
149.5 11051.609 -889.07074 -89.07717 2.399818 -860.77734 1577.6321 380.06107 274.51395 77.83843 -374.37103 -2219.3503 179.03186 2.6096444 270.23148 -179.03186 6672.0713 
150.25 11084.834 -821.22327 59.15948 12.544426 -796.2768 1678.209 171.3621 131.77138 -62.940994 -163.64307 -2114.512 93.62668 6.232668 125.25557 -93.62668 6714.0894 
150.75 11196.035 -656.3203 31.390915 -15.786839 -643.52203 1957.0396 118.92435 64.9945 -27.61123 -116.75395 -2224.4353 41.186596 -20.362957 64.028305 -41.186596 6441.5366 
151.25 11316.975 -582.8236 -139.95497 -15.71411 -562.0519 2284.9417 216.71468 62.62201 145.82642 -218.97183 -2428.6606 109.060036 -9.476214 69.738846 -109.060036 6031.1084 
151.75 11587.363 -815.97217 -151.27519 14.73098 -806.9526 2747.2744 202.11983 77.39557 155.18393 -216.31287 -2709.3643 264.30853 16.71869 71.3185 -264.30853 5566.9985 
152.25 11898.098 -1272.1936 -17.867825 42.068054 -1259.36 3184.2756 133.70055 52.739967 29.946754 -140.04185 -2960.1558 229.95146 32.654198 55.845882 -229.95146 5199.4536 
152.75 11751.155 -1503.983 -41.692245 36.499153 -1477.9052 3271.7593 138.51877 29.275827 46.426743 -145.22699 -2837.6313 -212.59148 31.758541 26.167973 212.59148 5095.0537 
153.25 11100.756 -1194.6599 -48.305496 7.5913687 -1173.9468 3007.4116 146.33473 12.968628 54.299618 -164.49626 -2419.714 -724.31165 8.906452 15.258167 724.31165 5131.9917 
153.75 10906.502 -606.43384 0.8331661 -4.3410716 -592.89233 3133.1587 173.54219 -57.93017 13.941647 -196.15492 -2504.7922 -919.0268 -12.788556 -54.934006 919.0268 4734.343 
154.25 10723.006 -103.15132 42.73648 0.47270703 -96.79379 2918.9229 264.99643 -110.75733 -22.794548 -277.96207 -2372.0708 -702.80524 -6.6725507 -106.20876 702.80524 4901.839 
154.75 11121.822 -24.773771 188.86218 26.817156 -18.247635 3114.218 262.05255 -30.396505 -173.8048 -273.38867 -2607.4958 -424.97263 25.636276 -32.536648 424.97263 4879.1963 
155.25 11221.035 -117.34183 185.79117 3.2439003 -115.361115 3118.8237 226.31749 112.06904 -168.12202 -246.88303 -2641.8918 -355.04547 1.2654529 119.06655 355.04547 4946.717 
155.75 10926.704 -87.39106 29.773651 -0.8520665 -84.607155 3020.8657 200.3053 169.77452 -3.6288557 -226.40533 -2481.101 -375.60114 -6.4237547 169.04216 375.60114 4917.009 
156.25 10339.909 85.07178 32.34399 -2.8576875 94.26296 2859.3035 170.07903 65.34203 -9.000254 -187.2883 -2188.5273 -225.31096 -3.7264798 70.97394 225.31096 4785.2075 
156.75 9797.138 146.33748 33.698273 0.70376647 148.17508 2736.4124 136.31602 18.971142 -14.0758095 -152.64674 -1944.2399 126.42068 0.10926393 32.976135 -126.42068 4618.7505 
157.25 9366.475 -73.23282 -89.161995 -4.9580946 -64.95732 2574.7026 120.17401 4.278902 113.60247 -139.91452 -1704.9243 381.24258 0.41220653 17.524485 -381.24258 4595.8794 
157.75 9107.827 -411.30383 -74.21786 7.8463182 -411.2836 2471.3047 62.22578 -63.136505 99.36342 -80.64786 -1550.7511 358.34943 8.912317 -53.82332 -358.34943 4597.23 
158.25 8883.239 -526.2052 -27.743557 3.0332878 -527.91223 2281.7332 34.30472 -60.884693 49.858612 -46.15962 -1430.5931 83.17059 3.0151026 -59.233524 -83.17059 4683.312 
158.75 8643.764 -366.35803 -8.634216 -7.648679 -359.6155 2043.9696 21.945349 -41.797012 23.41846 -38.79323 -1387.9388 -207.53357 -3.6086187 -38.36099 207.53357 4733.496 
159.25 8516.61 -75.87218 26.257915 1.0403945 -61.562893 1960.3837 55.11759 -18.880775 -1.2285744 -57.965767 -1454.1536 -168.60773 6.505928 -16.93989 168.60773 4632.9517 
159.75 8483.496 38.40776 31.123484 -0.58013 33.23192 1981.3691 78.77991 -7.528103 1.6739628 -81.42431 -1461.4381 69.714806 0.15341747 0.29461277 -69.714806 4571.5327 
160.25 8502.143 -141.0609 28.294216 -5.0532846 -141.59131 2125.0461 137.03268 -13.205385 -8.930222 -136.55318 -1463.9204 137.56458 0.5893812 -10.928445 -137.56458 4448.7563 
160.75 8530.339 -302.94717 17.447153 -6.552973 -288.79358 2216.748 161.93364 2.1622863 1.750057 -166.27644 -1553.1284 67.08056 -11.69228 -2.353072 -67.08056 4310.692 
161.25 8637.101 -253.08795 -28.224018 -1.2434237 -253.87933 2342.4387 167.95103 -11.660731 54.70593 -165.361 -1780.9558 37.28303 -3.7202876 -12.708694 -37.28303 4066.2207 
161.75 8353.417 -185.62093 -63.895477 0.7489615 -186.01817 2134.8254 101.7219 -31.684273 88.38673 -97.56144 -1689.8048 0.34035373 0.50561327 -32.222725 -0.34035373 4080.949 
162.25 8189.5786 -168.73776 -16.603848 0.99873173 -166.0308 2060.7554 23.177843 -66.48191 44.39144 -20.628273 -1707.8103 -19.10304 0.75345683 -71.33546 19.10304 3979.992 
162.75 8190.8154 -137.42668 25.617138 5.882571 -134.20157 2137.3538 -31.032677 -64.23481 0.7444794 31.393427 -1775.713 -32.62375 8.882259 -61.981346 32.62375 3846.1865 
163.25 8336.373 -147.70169 6.600534 0.6032269 -148.95502 2349.3928 -54.851482 -0.36685145 13.224793 58.290066 -1972.772 -30.457857 4.278657 3.5162225 30.457857 3582.9463 
163.75 8619.669 -162.7508 -18.014849 -4.852943 -167.13136 2678.3496 -65.95755 55.313988 43.8184 67.07875 -2315.4 -19.460678 -3.8634171 55.33714 19.460678 3194.529 
164.25 8876.968 -157.21872 -55.758255 -1.1995593 -163.71434 2982.1992 -44.52618 43.69883 84.46415 41.666847 -2603.512 0.45607144 1.1497452 37.989662 -0.45607144 2866.1445 
164.75 8919.851 -176.32231 -42.79136 -7.902447 -172.0715 3009.1135 -23.149563 -11.799496 65.328255 27.49786 -2668.1377 53.50606 -10.021484 -8.825487 -53.50606 2823.3813 
165.25 8827.974 -184.05537 -13.793825 10.890199 -177.18854 2947.4907 -10.715784 -69.327866 26.609953 11.762983 -2663.2097 62.302654 8.17354 -77.63169 -62.302654 2798.416 
165.75 8727.147 -149.85628 16.767296 5.7384777 -144.58168 2848.9128 -6.695507 -91.64218 6.988508 14.789587 -2696.201 48.75915 6.899721 -89.25515 -48.75915 2762.1196 
166.25 8745.634 -114.88312 59.832222 -1.2009761 -103.25574 2806.489 -34.335217 -99.586685 -38.75952 28.79771 -2724.3726 63.74203 2.21011 -105.31603 -63.74203 2798.9543 
166.75 8824.57 -105.68615 145.1367 8.339235 -108.03714 2841.9375 -13.776238 -53.910583 -123.04795 11.353886 -2809.4917 97.89315 1.7071826 -55.83103 -97.89315 2758.7905 
167.25 9000.019 -148.72266 127.77662 14.337146 -146.42796 2989.8289 -22.593258 13.019798 -112.3095 19.84803 -2999.3958 99.628235 2.7390256 9.781055 -99.628235 2593.3853 
167.75 9026.506 -182.5851 40.212723 3.2660687 -180.54077 2990.5754 -58.48586 63.166306 -21.39696 63.691307 -3024.5596 85.01226 0.45795965 58.75343 -85.01226 2595.0476 
168.25 9211.026 -177.73642 -16.898014 -9.736924 -170.8159 3120.9229 -70.7783 9.439074 40.93068 78.53315 -3176.0317 115.85187 -12.999479 7.0157986 -115.85187 2502.2632 
168.75 9576.121 -232.215 -16.649797 1.7587969 -227.26251 3425.7595 -86.83072 -84.05605 34.549717 91.474945 -3426.0376 105.60704 1.550799 -84.15434 -105.60704 2317.7805 
169.25 9354.242 -311.4176 26.050673 12.162997 -314.88 3124.0818 -65.907524 -114.36083 -9.253081 65.70206 -3115.9624 62.61247 6.398055 -106.42853 -62.61247 2706.531 
169.75 9111.57 -372.3151 90.98115 -3.1107736 -376.1546 2795.0732 -33.89505 -24.985167 -74.40652 29.475721 -2873.7993 -43.8151 -10.378489 -15.485334 43.8151 3035.8945 
170.125 9370.399 -367.86273 109.65398 -14.179932 -381.9467 2967.215 -19.427967 59.901917 -97.90324 18.768082 -3068.0085 -173.35695 -19.602684 63.173378 173.35695 2928.7097 
170.375 9610.703 -390.67596 102.70587 -10.843614 -409.44382 3162.9854 -10.059485 97.04192 -90.42991 13.3075485 -3230.0984 -283.485 -10.261488 91.97572 283.485 2810.0723 
170.625 9718.465 -340.55234 77.29506 0.49767077 -360.98883 3239.5654 -1.4188786 102.03165 -65.09579 1.8523502 -3317.4006 -353.81982 -1.604782 93.33159 353.81982 2753.7542 
170.875 9736.277 -253.33992 49.230846 6.007257 -273.64584 3239.567 -11.149295 95.948616 -37.080082 10.169274 -3307.6592 -392.9253 6.0470214 88.13905 392.9253 2782.802 
171.125 9747.914 -132.40532 26.643946 12.430279 -152.04436 3240.877 -24.56525 84.19385 -13.268135 25.179499 -3296.2537 -379.55817 15.509268 84.31064 379.55817 2803.4724 
171.375 9753.233 -19.679962 17.01029 24.350662 -35.847588 3234.4653 -34.72241 62.403168 -4.3724747 31.928745 -3298.5474 -315.45578 24.359138 70.36985 315.45578 2813.1106 
171.625 9746.674 64.16362 17.277554 23.634762 51.275833 3210.7236 -50.467228 34.465405 -9.809606 45.87699 -3309.3113 -225.7018 23.086498 41.662163 225.7018 2818.5188 
171.875 9864.996 115.01262 18.380169 9.21618 102.2439 3303.4343 -76.83607 4.642017 -14.661016 74.39366 -3428.3809 -142.07791 8.929084 9.016147 142.07791 2723.326 
172.125 10102.969 144.7899 5.858668 -4.596315 132.5133 3509.285 -100.82179 -14.639035 -3.1514068 96.85331 -3625.9404 -59.094265 -5.4243603 -15.133976 59.094265 2559.507 
172.375 10173.67 159.70149 -24.236658 -13.889407 144.98958 3549.721 -106.99279 -21.958035 22.543386 101.784 -3625.8027 44.70836 -13.211776 -27.269518 -44.70836 2589.788 
172.625 9974.537 136.41678 -51.84937 -19.093348 117.96798 3325.2322 -92.87845 -34.38386 48.125164 90.806946 -3355.6343 144.37407 -17.15329 -35.64696 -144.37407 2885.6716 
172.875 9766.509 74.68616 -52.656593 -19.869925 60.444687 3081.4644 -69.97094 -42.61983 53.36707 70.142845 -3081.103 192.43634 -16.421394 -38.829086 -192.43634 3198.7825 
173.125 9699.448 14.452045 -28.320795 -12.31909 7.2549763 2975.0415 -58.74288 -32.61526 29.397062 58.333256 -2917.6208 175.82095 -9.47014 -26.215506 -175.82095 3401.8687 
173.375 9639.436 -21.43732 -4.6441746 -1.1512368 -23.60447 2899.9998 -58.943176 -16.665152 2.9305737 57.93137 -2728.1648 113.333405 -1.2927749 -4.2871656 -113.333405 3605.2148 
173.625 9496.204 -23.135374 -1.0930078 -0.405949 -21.30996 2763.0657 -48.902702 -2.8338385 1.6273059 47.583847 -2489.3987 36.393326 -0.89988315 10.166216 -36.393326 3834.4187 
173.875 9315.596 15.339898 -20.25979 -9.85216 14.521121 2598.5354 -33.484955 7.075669 19.95817 31.375689 -2327.6775 -28.70827 -11.451264 13.473892 28.70827 3976.2498 
174.125 9136.663 58.912575 -48.153896 -16.85072 50.638405 2433.2659 -31.542675 13.204278 40.099197 29.170422 -2267.031 -69.56184 -20.517488 17.725336 69.56184 4021.8833 
174.375 9004.841 77.25608 -58.33417 -15.655068 65.688896 2279.0012 -39.742573 23.316067 46.38381 35.95935 -2229.277 -78.486786 -17.880634 28.988049 78.486786 4080.5234 
174.625 8998.909 94.974266 -46.74291 -11.891787 87.066635 2201.9202 -49.358315 30.22722 34.576 40.52172 -2196.5313 -56.401615 -11.640378 30.589823 56.401615 4185.558 
174.875 9124.561 127.49875 -34.826115 -11.271079 126.67771 2249.8499 -60.24979 22.548794 18.417768 47.840088 -2199.279 -11.2863035 -8.956732 16.852907 11.2863035 4261.5576 
175.125 9313.905 142.04315 -24.89998 -6.792028 144.23044 2399.659 -64.51415 9.464801 3.7018921 53.036507 -2267.167 34.39406 -5.0390625 7.105396 -34.39406 4230.685 
175.375 9519.687 114.683365 -6.8318543 0.946129 114.3037 2603.6091 -52.933357 7.1808634 -16.194555 40.96985 -2416.6887 47.432907 1.7460302 8.513912 -47.432907 4081.8992 
175.625 9711.417 72.50641 12.958546 0.8921267 68.53237 2812.1187 -30.35966 16.441221 -33.68819 17.035488 -2592.654 35.685276 6.0168467 15.062247 -35.685276 3887.442 
175.875 9833.886 42.090446 27.978437 -4.7397656 34.421024 2967.0435 -11.889112 22.906912 -38.229828 2.1534894 -2704.074 32.869514 1.2090063 21.642544 -32.869514 3744.4907 
176.125 9806.172 -2.5790732 39.731922 -12.189444 -10.330568 2950.3208 -12.990976 15.639391 -39.950047 7.0682273 -2710.8252 40.127502 -10.071978 15.18885 -40.127502 3730.0303 
176.375 9577.961 -68.67594 41.981236 -18.019646 -71.85943 2655.3555 -28.742592 -5.84917 -42.353573 19.063469 -2606.578 35.067398 -14.686184 -7.169089 -35.067398 3900.0544 
176.625 9253.199 -101.76339 26.824827 -12.5790415 -107.333046 2205.9626 -34.224842 -29.291075 -27.881168 17.325502 -2419.2734 0.9519527 -8.520888 -27.742676 -0.9519527 4213.0063 
176.875 9068.119 -83.768364 0.91939807 1.5029325 -97.047035 1888.9934 -25.071735 -39.943123 3.077001 5.547803 -2246.776 -43.13141 4.2426853 -37.662785 43.13141 4515.373 
177.05 9090.019 -68.58798 -16.906116 10.9524 -81.158226 1820.8016 -20.676342 -43.941483 24.049734 1.2089291 -2175.6758 -58.624535 14.034547 -41.403336 58.624535 4672.3364 
177.15 9143.404 -66.64688 -25.830244 14.448074 -76.54238 1825.1547 -20.822716 -47.58837 33.787098 1.128593 -2144.228 -61.03922 17.48182 -42.81004 61.03922 4751.805 
177.25 9207.973 -69.346436 -33.42913 15.295155 -76.66124 1845.8263 -22.133501 -51.91191 41.38063 1.9211786 -2105.561 -61.878624 17.744617 -43.130398 61.878624 4834.8833 
177.35 9269.531 -73.50105 -38.920837 12.690814 -79.96073 1871.6978 -23.58921 -55.604366 45.927197 2.7288353 -2048.1694 -63.896717 14.306355 -41.715145 63.896717 4929.1865 
177.45 9317.536 -74.391846 -41.232746 6.534409 -82.420616 1895.6233 -23.832739 -56.91891 46.149395 2.518457 -1964.79 -68.710365 7.7581053 -38.11144 68.710365 5037.407 
177.55 9347.46 -67.346504 -39.196472 -2.1088934 -79.02819 1915.3544 -21.893126 -54.536564 40.732986 0.41056633 -1855.26 -76.19339 -0.3020562 -32.496975 76.19339 5156.8965 
177.65 9359.11 -49.188263 -32.11725 -11.197655 -65.33305 1932.6246 -17.352667 -48.405453 29.232613 -4.0120244 -1725.9966 -84.54062 -7.857348 -25.917923 84.54062 5279.863 
177.75 9353.868 -19.660099 -20.21325 -18.538816 -39.555656 1950.7412 -10.603113 -39.670628 12.481372 -10.54 -1587.7997 -91.2402 -13.419169 -20.144352 91.2402 5394.79 
177.85 9331.262 18.38519 -4.742485 -22.669085 -3.4342983 1971.5177 -2.9666378 -30.416397 -7.24062 -17.942005 -1452.4238 -94.14261 -16.548788 -17.158886 94.14261 5488.3745 
177.95 9287.575 59.69416 12.072906 -23.678064 38.148064 1993.8715 3.6423874 -22.870724 -26.772842 -24.218462 -1329.1776 -92.33161 -18.055971 -18.363459 92.33161 5548.125 
178.05 9216.859 98.12663 27.512302 -22.697533 78.76278 2013.0034 7.613136 -18.700699 -42.772537 -27.521498 -1224.2802 -86.434235 -19.054428 -23.87529 86.434235 5564.9775 
178.15 9113.625 128.4657 39.056026 -21.380949 112.50076 2021.8549 7.8753014 -18.640987 -52.742058 -26.559685 -1141.511 -78.22269 -20.477427 -32.4451 78.22269 5534.981 
178.25 8977.424 147.73325 44.967587 -20.585325 135.62834 2013.3812 4.6748037 -22.138988 -55.40975 -21.645899 -1083.4814 -69.66381 -22.11589 -41.790062 69.66381 5461.6953 
178.35 8815.402 155.8015 44.595695 -19.973429 147.26973 1982.5968 -0.5279541 -27.709307 -51.017296 -14.653026 -1053.3148 -61.92247 -22.81115 -49.661736 61.92247 5355.489 
178.45 8644.016 155.00706 38.771812 -18.377064 149.11186 1929.4235 -5.81956 -33.354485 -40.93564 -8.121331 -1052.7993 -54.711628 -21.053848 -54.676163 54.711628 5233.516 
178.55 8485.086 149.71613 28.965942 -14.734964 144.9615 1858.0664 -9.508327 -37.221382 -27.07758 -4.623641 -1082.2699 -46.21206 -15.871349 -56.84783 46.21206 5115.0166 
178.65 8362.224 143.90295 17.80704 -9.2752905 138.57362 1776.9926 -10.823002 -38.28655 -12.274158 -4.9131613 -1138.5624 -34.00618 -7.855835 -57.296215 34.00618 5018.5923 
178.75 8294.975 140.99738 7.6253653 -3.697618 133.70416 1696.9304 -10.144626 -36.68088 0.9620902 -8.218725 -1214.9401 -16.50018 0.9934983 -57.52452 16.50018 4958.356 
178.85 8294.428 142.51894 0.5072501 -0.725448 132.78023 1628.3754 -8.566175 -33.640675 10.266586 -12.137379 -1301.8608 5.8652234 7.592618 -58.530994 -5.8652234 4942.467 
178.95 8361.368 147.43025 -2.6993694 -2.5697062 136.06502 1579.3947 -6.9392533 -30.76957 14.462694 -14.394162 -1389.047 29.96081 9.250759 -60.223484 -29.96081 4972.9263 
179.05 8486.614 152.85359 -2.1320343 -9.970038 141.79434 1553.555 -5.555581 -29.370367 13.456034 -13.384572 -1467.7603 50.92778 4.398077 -61.562298 -50.92778 5046.5557 
179.15 8653.267 154.85025 0.99742365 -21.388212 146.39981 1549.4895 -4.134362 -29.729595 8.474943 -9.052419 -1531.9889 63.922085 -6.482839 -61.138676 -63.922085 5155.879 
179.25 8840.984 149.89252 5.0351872 -33.663086 145.83554 1561.5349 -2.150652 -30.97596 1.6494713 -2.9955177 -1579.35 66.09786 -21.040577 -57.81866 -66.09786 5290.439 
179.35 9029.208 136.03275 8.3413925 -43.119358 136.8324 1581.8859 0.21089077 -31.551243 -4.697071 2.6931753 -1610.2585 58.020718 -35.8247 -51.24082 -58.020718 5437.1426 
179.45 9200.556 113.85684 9.844527 -47.091442 118.50023 1602.7491 2.2426777 -29.947355 -8.751751 5.9414043 -1627.1552 43.235405 -47.516476 -41.963955 -43.235405 5581.896 
179.55 9343.603 86.11133 9.289355 -44.764267 92.5821 1618.5718 2.7366276 -25.481937 -9.817153 5.8495817 -1633.8514 26.943521 -53.996624 -31.170174 -26.943521 5711.8394 
179.65 9452.834 56.99194 7.14715 -37.351025 63.051796 1627.1111 0.90874577 -18.647215 -8.257107 2.7839828 -1634.0917 13.506218 -54.945145 -20.357174 -13.506218 5817.43 
179.75 9528.414 30.979916 4.285696 -27.677633 35.075447 1629.3279 -2.6847568 -10.972622 -5.210048 -2.094229 -1631.2994 5.1092014 -52.016705 -10.971227 -5.1092014 5894.0386 
179.85 9574.525 11.574848 1.7090547 -18.736696 13.323849 1627.9109 -6.8473244 -4.3225813 -2.158346 -6.7135067 -1628.2128 1.2487583 -47.603252 -4.081951 -1.2487583 5942.289 
179.95 9596.035 1.2814821 0.15879357 -13.4367 1.4817364 1626.3145 -9.530287 -0.5059018 -0.21152365 -9.556482 -1626.1299 0.13457716 -44.52983 -0.477216 -0.13457716 5965.23 
