0.25 1434042.1 298.3638 -39.939922 2001.1453 298.52078 1433541.1 -10208.559 69.41228 -47.665657 10208.543 1433540.8 -245.76003 2449.5303 -75.8394 259.7879 1433148.5 
0.75 1368147.5 2481.6135 -351.8644 -3.3113937 2478.2954 1367564.6 -9205.653 600.15466 -417.23145 9205.631 1367562.1 -2059.8796 366.95248 -653.12067 2173.2722 1367309.4 
1.25 1249091.8 5918.5693 -920.01624 -2880.9878 5888.294 1248400.9 -7019.2734 1537.8392 -1082.3422 7019.0713 1248381.4 -4944.2495 -2647.7463 -1659.6779 5195.5366 1248336.3 
1.75 1097514.3 9326.435 -1611.9432 -5047.5073 9227.052 1096723.4 -3686.8547 2696.0154 -1885.1401 3685.8232 1096668.9 -7722.501 -4974.634 -2869.4521 8061.7593 1096829.4 
2.25 934251.06 11743.679 -2223.5098 -5396.6133 11539.626 933341.44 215.65457 3903.393 -2599.0447 -219.3606 933246.2 -9289.213 -5465.841 -4075.1548 9600.759 933600.5 
2.75 774714.6 12824.721 -2545.7002 -3899.626 12517.546 773609.94 3731.6592 5037.485 -2995.0432 -3741.5334 773493.3 -9093.682 -4061.655 -5145.457 9258.343 774065.2 
3.25 627217.56 12669.125 -2466.292 -1507.4125 12309.027 625844.3 6076.6616 6008.1895 -2938.3672 -6096.721 625742.5 -7350.5894 -1705.8394 -6020.78 7310.506 626557.06 
3.75 494926.78 11504.5205 -2031.4045 532.3988 11172.458 493315.66 7076.1885 6728.362 -2454.0479 -7107.7505 493254.78 -4863.217 338.32126 -6669.301 4648.1104 494261.6 
4.25 379062.53 9547.02 -1421.4818 1438.3447 9318.274 377386.47 7105.54 7109.2813 -1718.6664 -7144.0854 377363.88 -2578.5002 1266.367 -7044.7227 2277.9397 378406.97 
4.75 280962.13 7068.6685 -854.1704 1227.8062 6980.134 279456.25 6647.391 7088.9917 -977.6113 -6682.998 279441.84 -1143.4086 1082.1587 -7080.5864 848.2673 280325.4 
5.25 202107.5 4472.557 -486.8348 487.26804 4511.646 200926.8 5921.1284 6659.257 -443.38922 -5943.5313 200886.39 -687.4428 372.3888 -6717.555 444.0827 201494.22 
5.75 142834.45 2221.1611 -366.27283 -136.24365 2339.2524 141967.69 4889.479 5870.9126 -219.92598 -4894.2095 141888.58 -887.8294 -211.00229 -5947.3984 693.7291 142252.98 
6.25 101249.34 664.3728 -437.80188 -319.75845 804.7457 100554.445 3531.3936 4820.86 -280.35883 -3521.906 100453.85 -1226.4019 -346.33755 -4846.293 1060.9906 100717.8 
6.75 73437.94 -89.4749 -590.2348 -129.06366 34.94553 72757.75 2042.1798 3640.3953 -496.63058 -2026.4858 72669.08 -1289.9583 -108.98619 -3577.3872 1149.3235 72977.945 
7.25 54963.094 -183.38113 -708.6795 153.25665 -83.007614 54222.793 774.99725 2488.1938 -704.52014 -760.14935 54170.1 -970.2494 207.28995 -2355.0996 877.8279 54584.63 
7.75 42613.324 77.77583 -718.7014 255.0904 167.64565 41832.938 26.587996 1527.7195 -780.3905 -15.576298 41813.598 -462.65817 324.74033 -1378.5138 451.0868 42303.55 
8.25 35161.91 371.12863 -608.9852 70.549736 463.85907 34399.414 -120.17099 878.71924 -694.93915 127.87555 34386.42 -72.78468 138.75941 -762.65454 154.32578 34889.35 
8.75 32617.414 509.08414 -424.6238 -299.64465 599.0029 31906.236 198.96376 565.21826 -513.81866 -192.70975 31866.004 25.237265 -244.89384 -502.50598 123.884384 32348.39 
9.25 34603.17 525.1445 -234.27892 -630.16144 586.4525 33933.633 726.04724 502.92667 -342.64236 -719.8296 33845.75 -106.43819 -595.0665 -490.24515 267.9397 34318.043 
9.75 39196.23 609.46265 -89.38278 -733.7768 614.0123 38542.082 1198.2051 547.0104 -251.92445 -1191.9952 38407.895 -265.18756 -718.69244 -576.2119 382.9826 38894.246 
10.25 43200.477 912.309 0.017626762 -592.9755 851.92847 42556.168 1445.326 573.726 -234.69698 -1440.661 42393.563 -290.37137 -592.53656 -639.74286 337.1654 42892.918 
10.75 43683.547 1373.4166 58.486343 -350.54868 1269.0396 43077.29 1439.8073 539.5484 -226.33861 -1438.7817 42907.95 -166.15009 -355.09027 -632.41064 153.12784 43382.56 
11.25 39605.496 1738.3638 114.72819 -169.75124 1629.9153 39078.93 1267.9761 479.09924 -167.46684 -1271.3007 38917.242 9.856178 -168.64238 -575.5215 -49.20117 39316.03 
11.75 32319.41 1756.6167 169.54912 -103.63829 1682.39 31892.154 1037.3271 448.3012 -59.714905 -1043.3491 31741.12 118.79899 -89.72415 -518.4471 -155.68379 32037.729 
12.25 24611.271 1377.7152 189.79276 -97.83312 1357.3965 24260.42 801.9387 463.68228 32.109528 -808.1932 24115.533 88.4846 -70.87023 -489.73193 -114.335754 24330.303 
12.75 19008.932 778.88074 135.5931 -96.46446 808.3776 18681.025 573.0924 487.02942 32.103207 -579.0773 18538.074 -78.038605 -63.43052 -474.73764 56.988503 18726.945 
13.25 16502.398 225.62184 2.4612756 -114.39395 283.19293 16148.009 379.20062 466.1954 -81.75409 -387.0651 16008.876 -298.71298 -85.53344 -435.88293 276.5625 16228.717 
13.75 16384.857 -98.3251 -157.33643 -200.29945 -39.90166 15986.767 275.45837 391.8441 -252.02866 -287.42535 15858.497 -445.74152 -182.37434 -356.3075 424.27396 16136.019 
14.25 17090.889 -172.87302 -257.57074 -354.25586 -134.53862 16663.645 275.3296 313.8063 -376.6611 -290.65613 16551.967 -425.67856 -345.48337 -265.7017 409.32278 16878.557 
14.75 17305.613 -114.59111 -233.81421 -505.7842 -105.3583 16871.139 294.91806 297.18414 -378.16394 -310.03668 16774.9 -254.55588 -497.08234 -220.41179 243.48753 17126.178 
15.25 16593.283 -82.95045 -91.43658 -570.12555 -102.20353 16158.538 204.07298 356.65506 -255.40161 -216.01506 16070.722 -49.226395 -552.6842 -251.40292 40.69172 16429.145 
15.75 15267.436 -173.01712 92.107025 -511.97308 -216.31755 14825.042 -49.12166 431.9722 -81.53368 39.50423 14738.868 69.61477 -485.3225 -326.49753 -75.00059 15099.228 
16.25 13806.139 -352.05704 215.61783 -357.8937 -413.25876 13353.233 -373.10852 431.5946 47.480083 361.22375 13267.034 69.40892 -331.42102 -364.48883 -67.14459 13625.155 
16.75 12388.798 -488.42682 220.28778 -167.29924 -556.4938 11940.824 -602.4023 308.8261 75.45703 583.1196 11857.206 4.7515984 -153.6125 -295.06393 5.5452137 12199.997 
17.25 10913.316 -461.69046 127.03967 -0.29999644 -519.00183 10495.453 -635.3977 105.704285 17.30237 606.8349 10416.933 -59.55154 -5.8622904 -118.38183 67.45497 10728.459 
17.75 9354.491 -265.55844 17.59795 102.824135 -294.62717 8978.176 -510.47665 -71.60035 -59.327297 476.02094 8903.709 -110.20577 82.2691 84.552376 99.3485 9182.299 
18.25 8009.2036 -13.433896 -28.058756 133.21883 -8.812415 7658.118 -362.3774 -126.153305 -86.40003 329.9439 7582.893 -177.66302 109.24837 203.14438 139.63248 7849.084 
18.75 7327.511 151.95033 8.835929 109.422264 178.15584 6969.9478 -311.4182 -37.269413 -43.860847 290.15594 6887.494 -286.93152 92.76209 174.97862 230.8596 7169.918 
19.25 7487.845 156.78287 76.98919 54.337418 182.77632 7106.4873 -379.17737 126.325966 31.089037 375.08023 7012.1113 -423.1286 48.30389 31.74185 371.04007 7321.2407 
19.75 8158.9087 26.492022 104.73338 -24.609407 35.70424 7769.698 -485.7766 255.27762 79.27531 498.56854 7664.31 -534.40173 -24.505615 -123.767044 506.0247 7979.4673 
20.25 8709.729 -149.98616 65.86997 -124.73071 -160.08792 8349.612 -521.2478 274.82266 70.02428 544.3668 8241.396 -562.78796 -125.35597 -193.51094 562.5482 8526.593 
20.75 8678.809 -276.23096 2.7656631 -219.29692 -297.66748 8371.52 -435.5331 191.53673 24.629501 459.20367 8272.773 -484.75217 -223.4838 -153.36794 500.67746 8509.242 
21.25 8065.262 -294.50113 -14.779347 -255.49683 -318.88318 7797.156 -276.75662 77.47487 -5.91061 292.54456 7717.49 -336.61307 -260.12152 -60.648228 350.16837 7922.4175 
21.75 7201.7134 -212.29642 42.86678 -197.01794 -237.45107 6932.297 -143.4504 7.5693417 12.361908 148.40419 6873.616 -196.33987 -197.01755 2.0186915 194.59041 7085.4336 
22.25 6386.545 -95.18524 133.21233 -68.9978 -123.80011 6085.468 -91.496765 4.6986885 66.2344 89.9362 6042.8477 -124.824394 -63.245373 -5.4827256 106.698654 6284.957 
22.75 5657.3047 -19.16939 174.84973 49.853638 -52.728237 5333.339 -85.91823 36.282845 106.37022 87.119705 5299.94 -118.870705 56.70889 -57.78761 93.21712 5556.486 
23.25 4893.363 -14.906975 117.211914 87.88709 -49.15186 4587.094 -48.334404 56.667675 88.68258 60.217415 4557.847 -127.28158 89.55525 -97.69897 105.774254 4785.839 
23.75 4075.1062 -54.907204 -13.419063 36.75594 -80.98056 3820.8992 48.523026 49.718273 11.514933 -25.878933 3792.7517 -111.87677 31.43119 -88.89007 101.702034 3961.4736 
24.25 3384.1467 -92.11822 -131.28392 -48.390724 -103.089294 3175.9229 140.82352 34.508175 -80.58805 -116.238045 3146.4324 -81.21873 -55.777634 -41.517464 81.48284 3269.2622 
24.75 3032.272 -101.51204 -158.41396 -100.01238 -99.49503 2824.9126 132.764 38.0163 -129.2602 -117.713394 2791.174 -62.688114 -101.48264 4.0181117 66.4762 2920.0112 
25.25 3023.2534 -83.11023 -86.934395 -92.42665 -80.33925 2769.505 -3.738178 67.18671 -106.34056 3.8641481 2727.1858 -60.36876 -83.29789 13.46136 61.461388 2912.1643 
25.75 3127.9443 -42.92335 15.834083 -54.566154 -54.033424 2818.4749 -188.51416 104.41613 -35.314423 178.23462 2761.3198 -58.865143 -37.321934 -16.668154 58.494316 3009.751 
26.25 3116.0105 8.518801 64.49703 -35.172916 -22.259314 2786.7256 -292.01773 123.98801 27.175272 281.70856 2708.8806 -60.76645 -18.172308 -61.658066 68.24866 2979.4312 
26.75 2997.1384 42.947845 26.535702 -52.21907 0.26695797 2696.4858 -241.05072 110.82301 35.07499 238.84967 2598.0957 -94.61403 -44.51276 -89.812614 119.59948 2836.317 
27.25 3004.6128 25.171772 -54.314636 -71.75679 -15.137967 2749.5984 -79.985535 67.56661 -14.025799 86.09395 2640.8687 -174.74374 -77.66383 -82.689804 216.79726 2825.6536 
27.75 3328.1768 -46.558815 -101.06531 -39.0186 -76.53528 3088.9207 63.157814 9.414769 -82.198685 -55.9914 2986.647 -267.93564 -55.874268 -41.44276 313.54196 3146.9556 
28.25 3873.8447 -120.10464 -71.718475 62.180775 -144.49135 3601.275 77.07685 -44.800957 -123.71575 -77.53992 3518.569 -317.6772 41.921207 18.358921 349.27844 3705.8806 
28.75 4305.9727 -127.84507 8.91492 177.90686 -157.78891 3977.7039 -47.165485 -78.04189 -116.34828 36.407177 3914.9717 -301.43408 161.90022 73.87679 311.61844 4156.715 
29.25 4340.9976 -52.034542 77.59146 217.75041 -92.42335 3983.0686 -212.7233 -77.39774 -68.614296 198.3058 3927.7625 -254.3852 209.60991 100.63369 252.3605 4203.6494 
29.75 4011.5957 52.326805 88.84844 130.19122 9.11033 3675.904 -294.7193 -38.84356 -6.0242896 288.00323 3610.8843 -235.92761 128.40791 81.55623 239.8426 3872.4138 
30.25 3653.245 102.24305 47.63653 -47.715336 69.68254 3371.7659 -233.22574 25.195938 46.128296 240.38924 3286.0618 -277.9729 -47.63849 20.343575 299.47632 3499.8381 
30.75 3627.8525 55.662937 -3.413069 -214.35744 39.832794 3385.9517 -69.25658 85.21873 72.5087 84.68192 3281.7659 -360.96783 -216.2673 -52.97834 395.31027 3456.662 
31.25 4029.9958 -53.56303 -21.978804 -281.58618 -61.12417 3782.4207 94.69436 110.16442 71.28263 -84.43769 3674.8948 -426.93042 -285.7427 -97.97913 456.97314 3849.7986 
31.75 4620.192 -135.75587 4.6285048 -237.82776 -152.03427 4333.207 169.65637 91.41242 53.690395 -173.77641 4241.937 -415.59665 -240.52628 -94.84002 426.37073 4447.8438 
32.25 5025.0244 -104.34553 55.894978 -142.8705 -140.75655 4704.9756 135.01614 51.74273 36.867825 -149.95856 4640.38 -309.31512 -139.6061 -61.811607 301.09473 4872.918 
32.75 5028.42 58.980545 95.14963 -66.01582 6.293382 4711.953 41.817307 25.032774 30.335575 -55.43153 4665.0684 -163.28726 -56.901062 -36.32291 151.94414 4891.4565 
33.25 4724.6206 274.647 94.14057 -30.257528 221.50983 4442.11 -32.129185 22.796324 27.529406 26.970512 4387.074 -86.63076 -23.214214 -33.029564 89.83932 4578.6177 
33.75 4431.3833 405.99973 52.93472 -13.386771 366.43765 4178.439 -45.4192 22.02256 14.246922 41.026825 4088.3914 -167.3518 -20.2227 -22.100348 187.70119 4247.0176 
34.25 4449.6567 358.03656 3.946741 4.9802737 331.68796 4191.5073 -27.581196 -9.771282 -11.048823 6.049529 4057.406 -393.75906 -20.811668 41.993465 414.53836 4212.898 
34.75 4849.816 160.0782 -8.000183 9.954433 131.95465 4552.2085 -48.290977 -75.4096 -27.680061 -1.9407519 4391.5913 -645.09283 -24.347797 161.79248 644.8209 4574.626 
35.25 5413.504 -43.6665 36.98035 -27.56638 -89.95843 5071.3237 -137.14896 -135.48514 -10.432035 67.506546 4921.396 -767.49896 -48.14053 268.43445 741.20123 5138.4756 
35.75 5744.485 -94.70989 106.62162 -100.96531 -161.01595 5384.2837 -231.45168 -138.8818 38.33768 170.49161 5281.2783 -678.9197 -91.493645 266.3506 645.09296 5512.6196 
36.25 5492.034 65.19617 131.55646 -154.56354 -3.9074986 5148.68 -224.27808 -71.18285 77.21243 197.54523 5098.7627 -435.4613 -123.10843 125.99197 419.70642 5317.8228 
36.75 4614.0293 338.81772 65.43569 -132.85626 291.093 4302.4165 -89.45892 23.213139 56.53959 93.21566 4255.919 -230.24306 -112.1834 -59.238754 240.32672 4451.6353 
37.25 3560.6853 498.06927 -54.036823 -42.17894 483.55972 3264.5654 41.886654 68.92628 -28.71836 -49.345154 3117.432 -313.9118 -65.61542 -122.7916 331.581 3301.9067 
37.75 3185.3345 288.7983 -107.45688 48.20151 296.90277 2869.7354 -38.96048 20.010262 -114.91087 -35.28491 2515.6243 -830.4611 -21.25744 36.591972 829.4522 2714.256 
38.25 4246.2886 -384.65732 17.331573 73.961784 -379.16895 3882.2136 -424.3846 -93.48165 -108.77759 259.48926 3303.2278 -1628.8834 -1.4030528 340.17313 1601.4197 3536.9248 
38.75 6694.746 -1268.6846 308.42987 39.800568 -1286.8118 6277.235 -961.33575 -175.30653 31.88374 744.79047 5605.843 -2227.721 14.067133 557.2823 2192.5796 5877.8374 
39.25 9348.623 -1761.5323 594.22314 6.7183905 -1805.8196 8895.812 -1333.9862 -133.31061 244.44862 1151.0983 8363.512 -2100.3174 54.04907 484.6177 2084.7827 8658.876 
39.75 10531.022 -1276.657 651.67926 15.474364 -1331.8484 10066.488 -1311.5074 37.692554 392.25693 1232.9563 9825.781 -1185.0374 98.641754 138.49413 1199.8693 10123.951 
40.25 9519.075 175.0883 395.25946 35.420334 129.64326 9052.428 -947.44934 233.466 367.88495 970.2836 8985.857 -187.13055 76.95339 -221.9025 219.48549 9278.102 
40.75 7675.7666 1697.9182 -15.688488 3.1603332 1675.5334 7197.055 -548.60315 314.3443 185.22829 592.5472 6896.204 -235.12292 -55.56893 -293.94006 263.93228 7194.5796 
41.25 7953.728 1985.619 -272.92004 -86.61781 1987.7904 7444.8794 -437.30466 225.55397 -25.670853 406.0375 6451.755 -1964.8077 -234.98091 1.0262839 1979.9934 6780.588 
41.75 12632.767 398.6217 -167.07304 -144.89758 418.435 12083.915 -710.35986 54.355118 -124.50517 568.2819 10266.315 -4744.405 -306.43375 427.7765 4750.269 10641.584 
42.25 20927.941 -2229.4844 222.40466 -64.93733 -2202.1157 20343.635 -1185.1057 -43.18701 -73.44456 982.5525 18102.568 -6853.9346 -155.21176 629.5877 6856.967 18516.84 
42.75 28760.861 -3943.7546 580.389 152.72272 -3919.5295 28153.146 -1550.1791 12.701916 48.647747 1375.6542 26224.254 -6713.577 161.95401 441.6767 6712.037 26651.545 
43.25 31488.418 -3146.9895 623.2091 362.51904 -3136.6313 30867.072 -1579.8551 152.00194 137.90294 1485.7627 29789.492 -4259.102 427.72446 32.834404 4247.1284 30206.47 
43.75 27701.684 -54.82595 339.9646 389.7852 -67.16341 27071.352 -1257.8804 234.75085 159.4506 1229.5112 26720.617 -1234.1108 439.4965 -263.32806 1213.4908 27125.465 
44.25 20803.04 3229.2952 -19.585129 208.15442 3191.3484 20165.072 -758.71893 203.97806 142.84967 750.18964 19772.254 36.813927 203.30557 -261.5691 -54.689777 20185.729 
44.75 16614.205 4285.1494 -195.24667 -4.3946548 4227.2563 15964.642 -332.9135 143.62306 99.85136 324.81274 14679.548 -1499.4396 -48.052593 -71.646935 1491.7455 15129.223 
45.25 18716.094 2356.9407 -152.54984 -20.166414 2290.923 18041.39 -168.4963 171.98285 -13.579769 182.49582 15618.861 -4705.851 -60.64636 56.332275 4697.7505 16120.025 
45.75 25483.262 -986.96497 -70.97725 203.7333 -1050.6427 24764.787 -285.5988 288.68213 -223.03085 342.8917 21796.84 -7126.5093 192.10245 6.688403 7093.576 22342.924 
46.25 31488.389 -3146.2258 -115.40467 452.86957 -3205.8884 30718.543 -509.4235 357.85727 -437.90106 586.7288 28193.893 -6959.844 467.43246 -106.64636 6885.504 28760.89 
46.75 32081.428 -2612.0747 -248.92653 463.677 -2677.3506 31275.502 -564.6987 262.80554 -484.7985 608.22955 29829.979 -4446.2837 494.77887 -111.37352 4339.4043 30392.107 
47.25 27094.926 -51.826473 -292.59848 221.36732 -140.3657 26279.523 -273.4371 65.633575 -285.83575 264.56732 25769.69 -1515.9735 270.82578 0.88914895 1404.446 26317.037 
47.75 20500.889 2508.6875 -155.3671 19.097836 2379.7715 19687.076 262.90363 -20.65003 4.2309966 -264.07532 19410.639 -112.01644 88.37664 68.227394 19.937908 19954.508 
48.25 16694.75 3486.5696 34.607346 160.09132 3312.5686 15866.581 673.37665 158.83969 95.22198 -568.3691 15165.482 -748.33154 227.25969 -29.676659 681.6448 15723.852 
48.75 17056.818 2811.3877 55.99121 583.6177 2610.739 16191.877 590.28864 521.9962 -153.83833 -339.45667 14880.886 -2477.0498 611.3836 -204.06116 2430.497 15455.988 
49.25 19726.172 1480.4677 -158.36731 844.8478 1294.3864 18825.121 14.982274 801.3281 -551.7951 307.2085 17150.572 -3993.1477 825.05066 -253.04135 3962.5886 17724.709 
49.75 22074.92 405.9112 -430.19382 550.65265 278.7925 21163.8 -571.589 789.5926 -724.50244 829.92725 19485.87 -4629.456 533.256 -116.39192 4608.495 20044.193 
50.25 22925.875 -132.86908 -509.42972 -167.82729 -185.36092 22029.082 -557.57104 536.39215 -486.33026 673.7125 20604.146 -4422.6343 -113.92779 24.42603 4388.707 21157.162 
50.75 22554.96 -101.40621 -327.324 -684.01184 -111.469826 21675.94 213.35829 291.45654 -55.19632 -197.68277 20649.977 -3616.1548 -554.8792 -47.443142 3535.2205 21220.264 
51.25 21333.598 699.57355 -59.134743 -474.52838 669.27844 20467.666 1188.3029 254.32222 146.5918 -1165.7755 19870.4 -2490.1023 -365.1888 -304.6617 2349.4214 20451.393 
51.75 19299.303 2280.9146 59.366425 297.35852 2185.4624 18455.098 1542.8081 384.99057 -69.31682 -1453.2992 18045.16 -1662.3806 272.1685 -474.43173 1500.442 18586.176 
52.25 17139.367 3770.7153 -44.69336 864.3254 3621.561 16325.417 1011.4704 466.11935 -434.26926 -891.1832 15489.584 -2124.5698 701.88684 -360.83154 2012.3469 15946.078 
52.75 16811.742 3604.6614 -248.68091 609.3302 3459.852 15996.018 277.28198 343.0525 -481.48657 -198.6618 14036.616 -4444.142 458.8101 -121.822945 4421.7935 14442.977 
53.25 20155.244 942.64716 -392.52304 -254.08911 852.4641 19256.068 393.7142 85.19217 -43.253803 -374.9787 16016.071 -7761.0483 -214.04161 -131.42801 7792.2554 16492.28 
53.75 26451.895 -2997.0088 -426.1104 -830.81274 -3038.1985 25399.158 1687.0759 -93.253624 539.62573 -1678.9886 21651.385 -9900.516 -570.7247 -529.428 9901.519 22309.693 
54.25 31858.24 -5384.103 -394.74164 -445.78888 -5430.7344 30674.879 3263.1265 -55.81546 746.16254 -3220.572 27720.61 -9012.847 -129.20346 -980.09546 8934.953 28554.703 
54.75 32240.908 -4085.463 -332.56104 604.30145 -4184.6987 31049.271 3765.3528 136.21208 418.2796 -3701.6143 29677.098 -5467.4805 777.4503 -996.94336 5345.4023 30553.594 
55.25 26684.223 242.1507 -224.86095 1292.664 97.95647 25611.736 2676.7983 295.6552 -69.648575 -2631.689 25323.318 -1890.867 1286.8727 -490.2144 1803.2322 26096.484 
55.75 19261.031 4334.321 -100.63893 883.1756 4194.846 18320.756 997.2 301.7759 -205.18617 -951.54596 17607.518 -1280.8075 856.4106 14.889798 1258.3535 18254.326 
56.25 15383.132 4998.9136 -81.09041 -274.0936 4898.29 14460.396 290.38986 160.32806 111.534904 -159.23279 12024.46 -4297.076 -155.27083 -78.40773 4288.125 12657.478 
56.75 17435.428 1796.1812 -276.95062 -1055.383 1714.7681 16396.217 1213.3069 -61.20407 477.51285 -943.28754 12250.76 -8657.155 -809.76154 -779.54144 8588.612 13001.796 
57.25 22818.547 -2673.2234 -616.91815 -675.18805 -2784.4524 21640.473 2878.7163 -315.30872 450.82864 -2543.9607 17108.035 -11024.408 -491.34677 -1424.9338 10890.431 17996.816 
57.75 26473.969 -5080.3184 -834.10547 538.1116 -5242.0063 25269.248 3743.2979 -563.73737 47.89428 -3510.3936 21896.676 -9781.685 513.8014 -1335.6154 9655.482 22814.662 
58.25 25237.604 -4078.9507 -692.772 1495.0677 -4259.501 24149.543 3080.7136 -720.083 -286.8414 -3054.7356 22542.822 -6154.464 1326.2529 -529.4251 6106.7085 23357.725 
58.75 20064.947 -1024.9274 -240.71776 1424.1838 -1178.8005 19140.396 1558.9739 -678.736 -192.01598 -1671.6835 18705.191 -2859.108 1317.8605 291.24734 2877.5083 19379.29 
59.25 14448.481 1614.1847 198.83368 550.15594 1492.5594 13610.637 433.54745 -432.18665 215.18681 -503.1378 13277.46 -1712.0331 633.0928 462.04022 1715.8398 13886.363 
59.75 11057.096 2393.5837 317.78543 -262.6184 2263.8186 10194.255 319.93326 -130.05658 496.29086 -227.75504 9336.236 -2422.9438 -71.34276 -1.2447171 2354.7854 9983.694 
60.25 9948.138 1650.9575 102.846375 -414.5012 1475.8667 9022.079 805.20605 27.310324 389.2388 -604.4174 7761.373 -3408.9482 -301.42426 -508.08328 3296.1106 8480.388 
60.75 9488.171 615.95276 -185.47069 -47.425 407.06366 8556.628 1108.389 -29.102999 60.20077 -955.7754 7375.2363 -3473.1511 -103.17217 -558.8552 3390.4824 8107.7974 
61.25 8443.741 116.15401 -292.03793 295.1573 -77.32961 7587.3657 916.2857 -179.68358 -141.29022 -912.64465 6788.902 -2662.583 150.15822 -203.0889 2646.2764 7451.271 
61.75 6939.1377 123.781654 -191.46616 295.40457 -19.239897 6181.6294 512.3718 -255.2738 -80.57735 -624.3837 5717.4863 -1762.2275 199.8863 149.67941 1777.4735 6275.782 
62.25 5736.3486 220.83023 -38.633045 87.64772 118.182594 5037.274 276.04337 -208.60394 79.96896 -402.16998 4710.7856 -1304.2544 96.221085 234.45236 1296.2825 5196.0576 
62.75 5132.5664 183.25348 39.21449 -38.626575 87.80911 4445.685 258.46854 -128.04497 141.54454 -339.2228 4152.181 -1182.9933 26.04739 137.94199 1141.2395 4613.236 
63.25 4760.1284 83.5424 51.20866 14.550108 -19.782444 4079.6748 270.31766 -102.18364 98.100655 -317.3708 3841.4617 -1036.287 75.609505 68.77247 995.42444 4297.815 
63.75 4204.232 43.32532 59.593803 133.82841 -56.25843 3552.2874 202.54672 -114.99738 69.18718 -242.4429 3409.1594 -729.6393 183.64455 76.185814 718.2016 3852.5027 
64.25 3469.287 73.65223 68.00639 200.88556 -11.86261 2853.0828 121.52969 -93.75713 96.199036 -149.4944 2791.1436 -403.5831 256.31067 67.28952 411.33325 3219.9507 
64.75 2811.5261 129.50658 35.529297 207.7778 47.316395 2211.9172 100.0065 -24.569311 100.95724 -99.93179 2187.969 -208.33527 259.8217 7.958193 208.78047 2622.0996 
65.25 2374.2234 187.8836 -31.82905 190.89671 92.294525 1771.1693 96.664 25.85141 32.75992 -81.52579 1754.8973 -149.19196 213.56622 -19.392258 137.58385 2214.312 
65.75 2127.448 223.99362 -66.74724 148.18675 120.77985 1521.8727 54.809437 0.7720698 -38.069435 -59.578148 1497.2863 -164.46344 144.64098 39.747375 160.25063 1977.355 
66.25 2030.5385 193.73114 -31.1136 74.87705 107.95461 1433.3336 20.961803 -72.302 -19.499044 -57.737793 1388.8062 -221.69832 81.5712 113.388504 238.58072 1866.9265 
66.75 2057.4216 100.51217 25.996355 19.534977 41.916836 1466.4548 81.693985 -118.95857 64.11228 -123.77428 1407.148 -291.9201 57.17824 104.81479 321.1386 1870.9847 
67.25 2087.9795 34.907417 32.572277 40.762974 -20.910652 1493.4269 209.8244 -107.997665 100.71868 -228.56108 1448.159 -313.27563 84.544586 36.465557 340.4498 1902.2644 
67.75 1961.3655 77.25656 -8.672785 117.510925 -8.730473 1368.2646 268.2452 -75.561035 43.12193 -270.7409 1357.4747 -256.70462 132.55301 16.901154 283.6841 1803.956 
68.25 1683.9768 175.23648 -27.685173 156.52689 59.30451 1116.4485 185.93625 -67.918686 -30.414944 -201.98753 1114.8234 -192.8586 148.8436 81.11346 232.65454 1539.2223 
68.75 1485.0548 188.77399 12.209822 107.28415 79.79515 957.85156 63.184364 -90.59949 -26.979483 -102.39728 911.35236 -225.78127 116.97656 139.61789 281.04977 1300.5757 
69.25 1529.3319 70.246315 63.836697 29.052738 0.767496 1025.966 48.57135 -119.1675 41.40304 -87.715546 914.1796 -349.22852 75.88714 108.16706 405.75308 1280.6919 
69.75 1693.9642 -64.957146 63.64055 17.404186 -103.498566 1182.071 154.56749 -137.28651 86.3433 -170.2039 1046.7882 -440.95132 75.126396 28.114256 484.1885 1421.6636 
70.25 1710.5729 -83.84427 19.595297 83.36424 -128.26266 1178.9739 245.74312 -142.81282 66.06662 -244.26448 1079.0538 -410.7052 116.52867 6.9769955 441.13516 1476.9525 
70.75 1514.2549 -2.706706 -1.9043119 143.1683 -73.95108 982.87195 212.34975 -134.64893 27.996313 -218.77567 932.1463 -309.7564 152.34625 72.81493 338.23184 1335.4987 
71.25 1300.8641 49.26728 32.00304 125.245125 -33.469444 793.67474 94.35139 -111.62288 28.578352 -118.85934 759.065 -249.84131 139.65822 142.9362 283.30276 1143.271 
71.75 1254.7852 7.208358 78.4647 53.73568 -60.397305 773.0795 16.491825 -88.984955 56.472202 -45.868492 726.6881 -258.93268 87.5633 142.20103 296.09875 1090.4689 
72.25 1320.5099 -57.02156 78.586395 7.547143 -106.11328 846.8719 34.787212 -91.50886 62.29372 -55.473217 798.9082 -265.65393 43.78318 96.70684 303.23108 1160.7266 
72.75 1322.3196 -50.001286 32.23201 21.533592 -100.57146 846.0713 93.51692 -123.13463 34.573936 -110.30818 821.6463 -217.21257 41.08583 83.68167 253.13394 1188.2167 
73.25 1212.5476 19.281794 -7.4839206 56.358788 -46.371353 742.95514 116.250786 -156.5524 11.538108 -142.31075 744.175 -151.25755 65.711044 124.40213 181.62679 1096.2478 
73.75 1101.5222 69.90494 -2.3019638 61.83468 -1.0701883 655.1621 94.28681 -162.82123 22.559357 -130.84015 660.3964 -131.35219 81.074005 167.10233 150.98746 976.3022 
74.25 1077.3754 64.10733 32.63984 38.486866 5.40386 661.62445 69.99973 -143.47755 50.20938 -105.52077 654.3186 -156.5475 72.07359 165.32178 166.20602 936.2465 
74.75 1109.4181 39.904476 56.97087 23.095222 -4.321069 718.06335 67.99959 -123.50835 59.58709 -95.51871 701.5189 -173.31879 56.413857 133.09511 181.91052 971.441 
75.25 1136.2477 40.236122 50.582542 31.846495 -1.3778807 756.76416 72.596596 -119.9284 43.168636 -98.92132 741.2905 -155.25415 53.651527 114.44082 170.59044 1014.43945 
75.75 1159.9635 59.58775 23.974916 43.313805 14.802366 781.6209 65.47156 -128.07623 21.951174 -100.424965 770.11694 -130.18433 58.507973 125.34976 149.27829 1041.8932 
76.25 1200.9773 71.87147 -1.7896209 36.155094 31.912153 821.0575 54.31638 -136.17136 14.021519 -96.889435 811.21674 -128.56654 53.816227 145.77979 141.91273 1069.0013 
76.75 1228.3151 72.685814 -11.613889 20.103292 44.484642 855.69415 54.5439 -138.2362 19.256702 -94.78665 846.53876 -142.4251 39.926132 153.7754 147.18495 1084.3604 
77.25 1202.0533 71.57416 -1.1972524 16.664639 47.993423 852.3492 60.736794 -130.27258 29.704865 -92.540825 841.6143 -148.5057 33.901955 146.44301 152.47177 1059.8458 
77.75 1154.0962 66.89268 19.803991 23.361837 36.4581 835.4722 53.83702 -108.47122 38.339275 -80.38472 816.61005 -146.77765 39.687565 131.34993 158.18315 1015.279 
78.25 1155.7218 54.447598 30.019918 17.891546 19.642162 858.5165 31.618107 -79.17296 36.31965 -57.91878 828.3863 -154.05193 38.080994 113.70268 172.11694 1008.7186 
78.75 1212.0575 46.83598 14.872692 -2.9531295 22.885279 917.8899 14.65785 -61.860706 16.324818 -40.030544 884.51465 -174.14139 17.689259 97.20024 192.71248 1052.4038 
79.25 1249.4889 57.518917 -13.3726425 -11.347619 51.51241 952.54724 16.561138 -68.654274 -13.293681 -37.484947 927.2984 -195.23933 -0.436404 86.4888 212.32399 1086.8127 
79.75 1224.7499 70.94598 -24.830683 12.1748905 71.245026 939.8646 22.027536 -83.87869 -28.422318 -39.18081 922.1365 -212.61739 10.3678665 82.17416 231.59584 1065.995 
80.25 1186.6771 55.684124 -7.3177757 42.47788 47.955055 931.949 6.202667 -77.53861 -13.976531 -23.56058 909.4719 -231.71263 37.489876 78.15824 254.8835 1024.8812 
80.75 1198.0907 11.060911 15.717355 36.177437 -1.0233432 971.5717 -28.100533 -41.096653 14.177888 11.394802 938.1575 -248.2893 38.020298 67.36591 274.58206 1025.9109 
81.25 1237.1174 -23.188618 12.86203 -7.0202427 -22.718363 1016.1305 -50.083363 0.87083405 23.080587 42.279274 982.2292 -245.84644 -0.06675652 48.08516 275.57224 1062.9164 
81.75 1230.3317 -16.058018 -14.951349 -34.82728 2.5687003 994.5019 -42.53432 21.027508 -0.2149501 49.959873 974.8465 -222.74872 -31.871687 24.251196 259.4582 1068.962 
82.25 1166.4382 14.021609 -35.08608 -8.445777 35.269012 916.319 -30.598986 22.13251 -32.956154 47.76399 911.56055 -206.35957 -13.255138 2.9511082 250.74289 1016.97375 
82.75 1120.6418 23.283232 -26.676964 40.67303 30.533308 870.73444 -51.191658 29.76348 -42.996998 65.11336 868.05066 -222.75945 32.278732 -8.47456 268.7866 965.18823 
83.25 1151.0182 -2.0680308 -9.299185 47.156418 -3.7152543 909.158 -99.89214 56.177673 -26.099339 105.81319 899.78394 -258.94604 38.68835 -8.9778385 300.937 978.3793 
83.75 1219.9595 -33.057453 -16.932018 0.016889378 -23.553148 979.9998 -129.05476 85.03964 -9.882066 137.80222 969.03564 -273.80075 -10.553741 -9.092222 315.37793 1040.6464 
84.25 1243.0901 -37.06432 -50.825474 -37.685436 -9.582335 998.112 -109.23405 96.21823 -20.727415 134.85478 994.69666 -248.59982 -52.624695 -22.813158 298.90057 1074.3881 
84.75 1200.8658 -13.847713 -75.03478 -12.534822 14.357955 955.421 -73.44556 94.75268 -52.44202 114.94414 958.6773 -213.10208 -29.321613 -48.961086 272.93253 1042.928 
85.25 1160.7521 10.917043 -62.984108 42.895638 21.057838 923.5999 -76.85287 104.22864 -73.18416 118.03106 923.34064 -210.18759 27.791683 -68.10551 267.754 996.5676 
85.75 1190.8004 15.718051 -34.523026 50.774963 13.697838 958.7065 -120.531784 133.66052 -63.216587 149.74051 948.35034 -243.98727 35.90803 -66.12615 287.86746 1008.65564 
86.25 1278.4471 1.1398387 -32.27861 -4.2844505 11.478127 1035.9923 -143.65607 163.24269 -39.71728 168.7794 1019.96277 -276.32605 -23.518702 -55.939022 309.5034 1086.1342 
86.75 1346.9353 -14.23586 -65.96629 -48.989433 20.087679 1086.4786 -105.50057 168.7595 -37.69197 143.46783 1073.8541 -274.5632 -73.393074 -63.43981 310.3093 1160.6285 
87.25 1340.656 -11.308545 -97.23134 -19.67339 29.625309 1075.9672 -46.56031 153.76135 -67.213425 100.07938 1069.9595 -249.56403 -44.72948 -92.69452 294.14258 1165.7006 
87.75 1279.668 9.957804 -87.598526 47.039135 31.841282 1032.0554 -39.897083 147.00589 -98.231544 92.6173 1027.8164 -238.13217 25.463366 -119.05854 283.27853 1107.6228 
88.25 1233.5936 25.324362 -49.558327 60.211384 25.545935 1005.60645 -91.094124 166.84059 -95.60852 129.27249 997.21545 -255.33423 41.43615 -122.9584 289.86243 1055.6794 
88.75 1248.2635 9.902835 -33.822697 -0.15528214 11.370449 1019.7346 -125.05561 197.09615 -64.759056 157.47748 1007.2053 -277.68204 -19.53767 -117.02645 302.0249 1065.6431 
89.25 1298.904 -27.780579 -66.06894 -50.87912 -5.5029306 1052.7413 -85.74922 206.08487 -48.94477 133.70062 1041.5084 -276.1728 -72.99794 -126.11861 300.86115 1118.6211 
89.75 1315.4219 -47.54169 -113.10118 -16.512201 -12.013863 1060.2192 -16.701254 186.23839 -76.13116 85.15579 1054.2426 -254.12482 -41.538334 -148.23918 285.44403 1140.6608 
90.5 1208.4001 -7.0054703 -107.92819 88.69341 3.971 977.09174 -33.275864 164.57767 -130.05576 92.37322 970.9261 -241.87415 61.52774 -150.7354 271.52972 1036.5646 
91.5 1121.3038 -24.73073 -53.986565 -25.647135 -33.179768 885.199 -123.07932 211.14192 -66.209404 156.0437 860.0966 -257.71252 -44.363472 -130.59372 270.49512 952.3054 
92.5 1266.0658 -89.00631 -128.18687 7.257546 -72.22486 1007.2803 -1.8604432 175.84691 -90.13528 76.24476 986.3407 -221.05643 -11.948693 -186.53464 238.4962 1100.4922 
93.5 1236.1829 7.8367643 -96.98019 72.731255 -15.1517935 996.9341 -92.926125 155.45079 -133.41272 134.84058 964.4957 -250.81287 38.33421 -131.00264 262.37808 1057.5724 
94.5 1207.1558 -71.750435 -85.967224 -68.07627 -88.94205 908.42474 -15.571012 178.91214 -47.73626 52.009296 851.9509 -218.03683 -83.419556 -137.42 219.77077 1036.3411 
95.5 1175.3677 -84.72859 -117.243004 98.899895 -81.1454 890.6389 94.10956 107.64045 -115.52188 -37.569504 853.6183 -197.92693 82.99291 -176.30257 194.89456 1009.9875 
96.5 1011.4256 -22.383165 -66.88232 44.90164 -65.31827 720.01996 -37.473606 143.3785 -92.572014 63.177612 666.4228 -225.4356 16.291563 -111.67351 225.80267 831.27185 
97.5 989.638 -86.17456 -81.32607 -45.34719 -103.88863 640.9922 75.335594 148.87279 -46.38061 -37.558445 580.42017 -156.23131 -58.795372 -149.19737 155.59956 830.59045 
98.5 995.39667 -64.993965 -60.041172 113.06857 -82.70358 673.31 60.16713 78.11809 -102.01898 -31.872849 636.18054 -204.6277 104.79403 -130.08397 188.13112 839.7966 
99.5 966.84204 -70.9517 -39.681526 6.0818734 -136.11334 615.10345 2.6335616 123.61977 -60.055004 18.730906 565.4253 -163.28362 -0.40990847 -96.88817 170.31113 808.7446 
100.5 901.2249 -66.02349 -39.326344 -1.7306589 -97.292145 520.2393 108.73762 77.26742 -58.443993 -83.449524 477.75293 -84.73334 -8.053214 -115.79558 94.871765 765.88086 
101.5 781.0282 0.86812615 -4.9330583 92.29949 -55.310722 411.3819 75.41239 60.64963 -56.078815 -62.59829 372.96198 -146.20529 99.02987 -78.74763 137.68677 632.691 
102.5 783.20557 -45.248734 -28.738802 3.3671484 -126.332726 415.577 49.63934 91.767426 -55.198612 -25.380566 368.912 -114.79425 13.379017 -75.23402 147.40352 639.09686 
103.5 835.8225 -82.28589 -3.8173902 28.429815 -130.24718 466.9045 64.22695 10.574504 -50.714245 -55.1812 422.18167 -52.315937 40.660225 -58.62653 71.04479 695.09235 
104.5 841.97577 5.7327785 4.2286577 57.011124 -82.65464 456.93774 62.281815 46.00246 -22.474567 -52.5793 411.59344 -48.984615 82.96375 -43.31721 52.5702 692.2345 
105.5 794.54694 0.054250658 -35.071503 -30.06181 -97.97128 392.6659 77.86925 49.772923 -64.66951 -53.34682 352.99057 -44.249805 -17.424213 -34.345325 86.11054 652.3513 
106.5 650.21387 -3.705173 8.332296 5.7673 -76.93811 269.49252 85.66353 2.4696364 -30.624516 -82.20958 224.84422 -58.124283 38.86248 -2.1137276 75.83396 496.1711 
107.5 666.99054 -6.3262963 1.4704676 17.867956 -134.41582 262.83395 68.4076 44.311256 -11.9391165 -52.470066 203.41568 -6.9594617 59.102398 -11.082673 24.027515 496.7769 
108.5 845.95624 57.50526 -27.049786 -14.06542 -76.988495 373.4451 44.168545 30.412989 -55.123547 -26.578932 311.8614 80.73104 0.009171963 15.807775 -37.52386 666.21216 
109.5 932.08716 108.80455 22.406305 42.425495 1.3117099 473.05963 37.218422 17.207802 -19.529354 -30.961086 411.82474 -80.651115 83.5348 36.068256 102.71789 748.92474 
110.5 969.8506 -17.947886 8.109731 -3.3531075 -181.98787 454.22607 73.67143 33.54496 -22.495174 -49.362247 390.2 -71.745895 45.19818 15.018004 89.83566 781.3488 
111.5 867.83496 4.77644 -11.1659565 -52.38024 -150.78058 298.68988 104.59 14.076476 -52.281765 -103.956985 225.13657 -15.656083 -28.642359 40.872364 43.748814 665.32 
112.5 705.1842 4.8741894 9.363557 -9.921974 -127.56144 189.45985 110.28011 -0.27973223 17.479105 -115.33254 54.44498 -15.151707 35.937275 39.956306 31.238379 444.6193 
113.5 725.84705 127.267784 -13.329805 -27.262117 -40.795692 194.62518 86.3771 46.036274 -6.069924 -77.96245 32.027683 -6.3726997 10.882677 61.498173 16.49282 427.04327 
114.5 1122.4939 -82.52065 12.348335 -36.165184 -218.26656 480.00528 26.589128 -7.192665 -85.12561 -32.358974 291.59958 -215.5811 -28.465448 81.81397 227.51364 795.1198 
115.5 1794.5869 -176.24234 15.227344 34.47731 -325.82254 963.5264 -6.037056 -23.89116 -14.156104 4.1328278 782.90497 -43.584293 98.61119 72.353645 57.21293 1469.8777 
116.5 3363.6777 -731.43115 139.15393 134.23558 -903.82263 2235.8748 -144.2873 -54.612797 -230.39824 112.64188 1725.4977 -612.7981 201.30887 14.426765 599.68994 2686.624 
117.5 6135.423 -3009.7456 -62.42359 417.3211 -3138.5886 4574.2476 -123.526184 -594.6926 -78.33359 83.81502 2760.7285 442.97717 394.26337 -416.08936 -486.84164 4158.3745 
118.5 7159.7026 -1208.8066 -959.5486 493.51575 -1380.5356 5282.8696 150.56693 -268.68918 907.9789 -132.67323 2592.2922 3269.2163 479.38452 -75.9337 -3302.3838 4289.5728 
119.5 6704.655 2322.5947 -519.96844 -27.882568 2181.523 4612.2144 -29.730927 1088.6213 374.00647 49.839996 1853.4893 200.72751 -7.592743 1223.1249 -278.408 3732.8577 
120.5 7835.1035 -1175.7174 970.757 -139.99176 -1269.1426 5430.32 -386.1465 548.0996 -1178.8191 361.4335 1892.9727 -3651.3767 -138.49164 720.5819 3540.3135 4096.229 
121.5 7971.2695 -4152.5527 542.6768 186.9007 -4346.4844 5521.9175 -248.24985 -931.5502 -603.9541 175.9043 2044.181 -616.70917 202.75208 -719.47424 537.7809 4281.2544 
122.5 5818.343 -1493.334 -549.72076 45.136322 -1597.9418 3581.8132 -108.55275 -541.7422 468.8161 11.085068 1899.7966 1552.7904 36.89911 -387.16678 -1663.8169 3893.1057 
123.5 4198.6494 -47.81122 -346.9439 -15.993988 -68.840164 2167.5518 -163.35818 105.676765 129.62543 116.27031 1746.5507 252.1936 -79.97397 211.85498 -362.04883 3551.725 
124.5 3147.4788 -258.24222 -120.04264 70.69696 -395.65204 1464.8524 -57.56933 -80.899155 -40.735775 51.653305 1288.784 -8.731751 32.22934 104.696556 -61.937225 2739.4946 
125.5 2205.4514 -34.721096 -220.91898 -114.500275 -63.974083 798.89417 -46.324093 -24.150688 65.30615 8.450245 647.81415 67.05797 -136.17534 159.55264 -184.42223 1787.2086 
126.5 1891.5857 -27.84723 -153.67473 -102.887085 26.807535 529.1117 -143.68921 47.486275 -106.87862 85.18949 326.81152 -199.16011 -168.2348 178.66934 69.68591 1439.3756 
127.5 1556.495 6.879427 -120.735725 9.877392 -57.154087 383.1739 -68.5905 -33.117683 -122.7232 28.663895 231.81612 -142.03322 -59.64113 151.83649 48.283016 1159.2755 
128.5 1157.5094 70.47702 -112.07016 12.232392 33.183502 214.1185 -26.0781 9.270831 -129.25569 -16.26284 134.2465 -96.93503 -33.35091 138.57188 -35.92662 789.8478 
129.5 1224.1743 91.62072 -161.1586 114.142746 93.8329 262.18137 5.4919357 -18.868399 -184.57709 -70.251755 154.91508 -144.1264 42.004707 15.627443 -2.2838826 819.9856 
130.5 1276.2516 101.80206 -226.42737 151.85376 84.55521 293.6864 58.291126 -34.340725 -153.65848 -111.941124 176.2721 -157.17647 37.92696 26.721067 75.60675 869.31305 
131.5 1108.7286 84.409424 -147.4095 133.9288 86.05059 174.42505 -6.4933662 63.67431 -145.13847 -28.734818 96.56151 -134.284 31.755152 77.487305 -0.15071964 733.7101 
132.5 1203.3987 164.50616 -113.171165 169.61522 147.93744 221.33652 -4.800566 129.4449 -180.69823 -49.25709 171.6411 -194.30426 78.41378 39.821472 -41.678474 855.3655 
133.5 1309.1179 130.68793 -156.50607 219.24817 136.69086 346.21207 4.448932 153.55774 -233.57253 -62.695515 263.7247 -271.3844 80.473274 38.16428 88.638145 930.2006 
134.5 1172.3845 31.741707 -104.99705 318.28827 73.96273 314.199 -6.2924137 173.00131 -252.73016 -0.11672306 201.91345 -236.91783 150.11888 -1.6672773 71.290306 761.9256 
135.5 1170.8805 21.095379 -48.956738 270.4598 29.716362 311.32376 79.04643 177.98105 -252.28656 -31.417767 196.72142 -211.65924 145.62709 -91.12228 -40.645588 755.46436 
136.5 1247.4033 -41.452057 -77.661644 115.75909 -31.677948 333.63043 85.54399 147.91226 -241.94757 -22.534925 202.01866 -150.36829 53.948483 -123.327545 -97.83498 808.9611 
137.5 1199.5408 -47.45848 -79.40272 79.04903 -39.567127 277.65295 86.337814 97.25838 -169.64183 -15.911257 139.28012 -30.709929 43.425255 -125.85316 -170.17157 755.32806 
138.5 1079.5883 63.03788 -10.664558 37.813816 29.358751 301.88358 134.64871 98.70279 -83.59684 -64.66278 136.94086 23.946262 1.5505061 -95.55975 -215.88159 646.31396 
139.5 998.3091 112.22995 41.394146 -17.77079 97.09654 403.27145 103.18518 132.14442 -26.936138 -72.84559 155.28079 44.040634 -50.095684 -37.923542 -216.95287 541.8127 
140.5 1020.7628 134.47372 42.095196 -39.761074 158.89656 404.4428 59.273766 140.33931 22.115768 -71.65217 57.637333 2.2290337 -73.39379 -23.872108 -159.8643 491.60477 
141.5 1011.1458 158.6295 51.13192 -0.5184525 173.84456 326.20517 30.91656 149.58995 -0.26563957 -29.148756 -133.29846 -116.97525 -58.142834 -23.52623 -62.469704 361.0943 
142.5 1006.75 88.579765 78.605034 109.777374 88.6302 346.21497 48.868412 145.70694 -89.55197 19.543533 -247.50516 -234.7937 17.640717 -9.17464 45.04131 217.14525 
143.5 1060.8013 -7.8146343 80.33332 109.962395 -13.92493 393.93802 108.384735 119.98573 -101.60588 20.206562 -258.80408 -336.1233 3.258114 -26.832945 173.61815 203.1981 
144.5 1049.2983 -30.163235 43.118828 77.80771 -81.62042 283.1234 192.10452 77.31466 -75.02244 -43.370872 -275.51428 -354.02948 -32.10944 -122.097786 216.94612 262.06448 
145.5 1014.9076 -11.320193 -20.661572 108.58107 -85.332306 157.87828 281.17978 -20.402685 -63.732193 -140.14935 -292.02936 -256.7217 -25.886866 -237.40482 174.58922 337.4398 
146.5 1024.6176 -23.988392 -78.11737 45.033424 -30.087332 150.84889 224.92583 -68.284325 32.336155 -93.93485 -335.77368 -168.16844 -98.86565 -213.9266 126.850845 330.34555 
147.5 1072.3909 -42.424973 -103.37727 30.67638 -44.36666 139.4386 136.83676 32.10046 93.61999 14.903254 -415.3573 -144.83676 -63.456726 -71.274956 29.854702 307.3144 
148.5 1130.524 -23.344149 -52.05978 145.55829 -116.2551 101.21972 249.67604 123.26589 -11.874989 -79.02076 -396.4016 -110.43481 139.38176 -1.8030031 5.8064227 441.42908 
149.5 1126.0808 -52.355446 96.14805 71.02139 -106.00247 46.648052 323.93942 117.654175 -80.86955 -233.3228 -318.19675 -48.32306 141.72746 -21.481586 114.623764 587.5924 
150.5 1153.846 -96.48724 219.70676 -107.33741 -29.315138 -123.12806 140.92992 102.447205 -39.8288 -172.54344 -368.09552 -53.286243 -26.990389 -43.41081 67.26782 642.06165 
151.5 1343.9178 -40.002003 182.23122 -29.644402 -3.9237175 -373.41953 40.637512 41.07105 -27.548403 -60.128727 -538.9696 -133.73941 2.3374388 -127.56978 -100.95432 803.6232 
152.5 1515.6705 0.16170058 61.68715 137.03368 -40.324493 -513.34534 176.25781 -43.050472 13.090763 -78.08592 -662.3893 -134.16943 169.93887 -214.52263 -48.734684 1027.6104 
153.5 1521.9553 -16.912767 69.82398 76.34379 -42.070347 -402.34988 215.145 37.41619 75.09164 -94.77785 -657.1485 -57.90081 226.95149 -110.46866 87.12121 982.3354 
154.5 1687.9282 71.2993 277.25024 -31.814507 7.908368 -112.70541 118.833755 193.12518 -70.7189 -163.47708 -694.72925 -91.13562 286.41888 14.511838 66.0227 730.9101 
155.5 2267.1094 212.86096 551.73663 19.351952 65.325615 127.24569 120.739075 81.047134 -371.37494 -459.36835 -967.41895 -181.95639 434.05023 -171.11327 167.75934 658.2201 
156.5 2832.8718 204.48253 612.27325 -69.10584 157.18108 223.41216 127.30848 -314.25232 -411.61542 -792.9301 -1341.752 -198.2946 336.95044 -564.55774 485.08112 673.0012 
157.5 3114.819 96.75199 237.78801 -421.16864 346.91013 261.4056 57.1184 -650.15967 -10.16782 -1027.6191 -1580.6107 -281.11984 -125.32731 -857.7747 543.2943 603.95135 
158.5 3500.1313 210.62192 -380.781 -642.4606 703.86786 317.10852 -108.291626 -738.1278 562.9564 -1021.4411 -1720.3933 -481.8901 -619.8118 -940.90216 347.99307 708.8052 
159.5 3955.016 691.10455 -884.98083 -567.4802 1109.1239 534.6184 -537.9342 -574.94855 1019.39496 -362.3901 -1858.7264 -649.61993 -852.8802 -748.4261 472.31674 814.01465 
160.5 4024.4404 1104.2917 -1117.649 -421.45807 1211.0737 1080.1383 -808.5991 -135.78821 1222.5632 452.08664 -1870.1692 -858.20276 -689.7238 -252.05508 904.5736 509.58594 
161.5 3815.499 938.23175 -826.18134 -238.84558 917.1346 1661.0544 -523.01276 481.46384 1010.94385 503.2141 -1683.5173 -1139.6823 -133.2276 388.83984 1167.5638 137.69316 
162.5 3661.046 473.24368 68.32317 19.594614 454.25656 1723.5294 -363.0127 993.21716 441.12808 316.88165 -1420.276 -1239.9596 490.29553 895.99286 1156.785 188.29129 
163.5 3527.447 275.14267 840.56525 129.71588 9.178735 1271.552 -527.9375 1068.5555 -49.727867 453.71387 -1167.8765 -1107.4515 786.7034 952.9043 967.80035 568.7044 
164.5 3162.0015 210.07445 856.86053 29.60949 -219.30963 718.5996 -239.40048 621.5074 -226.50185 185.2484 -873.57336 -844.2651 724.75604 466.0039 698.3425 993.50977 
165.5 2552.1516 -15.962989 478.369 -130.61273 -224.86884 281.95197 155.86134 89.76806 -199.44754 -308.01703 -479.90683 -469.5826 378.1805 -117.54116 553.3576 1319.3145 
166.5 2147.846 -185.25142 196.07698 -330.01865 -283.22327 93.23384 -127.235855 -69.8085 74.81129 -27.815283 -103.16248 -197.81241 -121.94332 -232.42378 422.82016 1516.8552 
167.5 2139.9006 -122.25007 72.83241 -397.11957 -288.21722 240.4994 -378.5448 6.6913023 453.35828 458.59427 68.54625 -189.76605 -273.719 26.24071 83.96781 1498.3041 
168.5 2143.4668 29.9773 170.35605 -143.45708 -52.198868 469.25076 -80.944824 83.57419 386.47495 336.9381 39.12138 -180.52887 114.613304 161.45364 -96.94617 1262.2963 
169.5 2038.4131 143.97324 383.24335 37.305122 -26.52466 469.2614 -4.327021 183.45055 -44.821667 164.89005 -20.893295 -62.511627 384.0425 111.26436 160.31096 1161.7605 
170.5 2018.7423 91.59208 370.84717 -137.09073 -359.9432 347.9559 -263.34186 215.96674 -106.35138 216.98769 15.788228 -26.102783 176.69029 139.59294 309.1282 1349.493 
171.5 1954.1254 -106.12435 175.40143 -206.25143 -381.24115 337.38202 -226.98589 147.20447 200.42538 102.47803 163.70872 7.7011147 15.098899 223.9261 42.09519 1430.403 
172.5 1659.8687 -137.049 105.210396 -36.137657 13.774791 358.35492 -20.128893 142.64352 263.2258 -15.890635 281.52542 95.93861 100.855034 178.66914 -93.4048 1174.5502 
173.5 1309.508 16.514725 154.81836 -76.940186 153.9368 225.4748 47.255733 129.69536 90.31429 -2.869155 179.65439 42.866283 72.29133 72.68416 107.280716 856.059 
174.5 1161.19 37.366245 165.72913 -266.83093 10.548571 26.78024 155.98431 21.901363 96.540276 -103.42134 -14.126484 -78.39346 -72.749084 63.392193 229.74806 778.91455 
175.5 1207.7876 -31.97715 120.97001 -308.90897 82.9473 4.99414 235.02563 10.692558 247.16122 -140.61665 12.305661 -90.49939 -147.55592 79.92485 211.78195 880.74817 
176.5 1229.3822 -15.432795 43.48755 -357.81802 230.7186 144.01625 72.66478 20.43409 243.90712 13.871333 152.44525 -137.38829 -154.386 -30.762772 228.34015 834.4477 
177.5 1244.6002 -43.952473 -44.073864 -400.89078 80.51268 185.18631 -106.76671 -150.27225 86.201935 44.86383 110.114784 -246.60054 -21.12538 -192.80754 179.17142 713.2426 
178.5 1508.8949 -86.55263 -63.741726 -201.21474 -88.02198 45.36268 -84.47499 -215.7851 -11.565811 -25.156647 35.08901 -191.88829 164.2749 -179.60626 52.787876 1016.9502 
179.5 1876.688 -19.238485 -12.067371 69.786316 -24.530088 -101.224525 8.841955 -41.99556 -5.3999596 9.975473 102.62553 -29.965899 203.73567 -30.254934 1.9161792 1573.5217 
