0.25 20586044 -72.78674 205.84311 3809.4192 -67.75354 20585548 39782.016 -217.48645 188.83234 -39782.01 20585542 837.5921 4257.8047 220.06122 -839.1831 20585158 
0.75 16509637 -359.4498 1552.3782 2965.278 -320.41534 16509016 34725.305 -1724.6775 1409.8048 -34725.33 16509014 6299.4805 3335.541 1745.619 -6317.011 16508804 
1.25 10356728 249.88321 2936.0474 1647.3068 334.5727 10355887 27244.428 -3673.4998 2591.0588 -27244.646 10355872 11878.386 1880.5447 3719.7925 -11941.577 10355975 
1.75 4795199.5 2762.5466 2988.2126 346.73132 2885.0168 4794091 20667.822 -4555.1816 2434.89 -20668.863 4794036 11745.505 419.6017 4616.5522 -11895.275 4794513 
2.25 1546999.4 6817.2954 1510.9839 -610.51996 6972.8765 1545646 16748.57 -3335.4988 803.96796 -16752.268 1545550.5 4778.7427 -679.7507 3386.4978 -5044.828 1546349.3 
2.75 662411.44 10897.089 -498.12335 -1125.4441 11096.894 660925.8 14876.483 -112.14564 -1270.917 -14886.359 660809.06 -4551.8213 -1287.4703 121.16717 4179.0522 661762.56 
3.25 1021601.25 13547.321 -1903.9235 -1187.2075 13804.001 1020146.06 13157.409 3915.9033 -2645.3235 -13177.468 1020044.4 -10090.336 -1385.6348 -3974.288 9669.657 1020940.7 
3.75 1421726.8 14227.49 -2398.817 -755.4816 14530.432 1420437.3 10209.754 7162.3154 -3016.83 -10241.3125 1420376 -8922.855 -949.5598 -7296.0767 8539.83 1421062 
4.25 1327711.4 13135.394 -2469.0745 156.72786 13444.43 1326624.8 6138.1475 8560.642 -2889.92 -6176.6978 1326602.4 -3141.55 -15.249725 -8753.826 2865.6921 1327055.3 
4.75 878915.75 10629.92 -2613.6106 1297.0208 10894.746 877978.7 2131.4102 8053.5576 -2801.8367 -2167.0183 877964.7 2479.385 1151.3734 -8267.543 -2627.2588 878279.1 
5.25 435603.1 7100.081 -2783.372 2166.879 7285.8564 434736.66 -629.8539 6406.6987 -2762.4578 607.44934 434696.13 4353.3745 2052 -6590.4316 -4400.9927 434990.03 
5.75 192987.4 3240.919 -2577.0984 2317.8513 3339.2366 192161.83 -1717.7773 4608.0483 -2431.8054 1713.046 192082.72 2266.767 2243.0933 -4715.108 -2261.575 192405.92 
6.25 121227.984 60.849266 -1815.4078 1719.9243 85.719574 120475.34 -1439.5476 3324.6638 -1662.2336 1449.0343 120374.805 -1314.4165 1693.3452 -3331.0266 1337.2477 120696.44 
6.75 113669.64 -1626.1171 -783.23456 819.6051 -1644.9044 113027.62 -419.6781 2701.2131 -717.73975 435.3716 112939.016 -3581.8333 839.6833 -2615.9717 3612.4063 113209.65 
7.25 110021.516 -1713.1396 59.1581 180.79842 -1735.539 109472.3 717.0177 2475.4387 7.178051 -702.1699 109419.62 -3302.055 234.83104 -2339.3 3347.6404 109643.06 
7.75 103015.61 -774.3682 478.95187 31.685717 -762.04443 102484.11 1469.5944 2241.8044 351.0515 -1458.5826 102464.79 -1158.8104 101.33575 -2113.128 1227.454 102705.89 
8.25 94031.89 396.40128 551.8817 149.04245 460.81665 93442.13 1588.5426 1723.8665 421.42038 -1580.8372 93429.15 1212.8417 217.25206 -1656.9131 -1123.9216 93759.32 
8.75 76864.445 1194.6029 451.40582 166.858 1295.7589 76196.08 1234.9199 948.245 366.70544 -1228.6658 76155.86 2472.1553 221.6086 -971.55225 -2378.2495 76595.43 
9.25 52127.43 1347.4259 275.15973 -37.791634 1447.4634 51421.44 917.5491 219.09808 227.0254 -911.33136 51333.56 2253.61 -2.6968184 -323.70407 -2175.3154 51842.297 
9.75 33290.723 939.6767 70.5536 -274.51572 1004.5634 32609.504 1076.3038 -119.05846 6.422763 -1070.093 32475.303 1089.3163 -259.43173 -26.407114 -1041.3304 32988.742 
10.25 32027.074 393.52286 -85.428955 -306.57584 413.75314 31409.393 1632.9075 36.525352 -215.44783 -1628.2424 31246.773 -116.352776 -306.1367 -174.31578 132.80275 31719.537 
10.75 44856.598 245.00255 -118.32071 -123.327644 236.46812 44299.387 2011.8013 463.07288 -321.5421 -2010.7759 44130.047 -650.1359 -127.868996 -564.2352 644.9133 44555.633 
11.25 57888.207 717.7239 -47.334087 74.35055 708.0925 57357.426 1696.6561 803.89 -283.73184 -1699.981 57195.734 -333.31372 75.45957 -871.6144 317.19083 57598.707 
11.75 60713.66 1475.5674 19.680515 117.83508 1489.7327 60172.23 775.8321 847.74774 -191.25447 -781.8538 60021.234 456.21194 131.74861 -905.1258 -479.4406 60431.992 
12.25 52883.844 1890.7646 -1.6770343 42.87905 1940.9319 52321.395 -107.05089 640.45874 -146.57474 100.7966 52176.523 1076.2477 69.84186 -703.8612 -1107.568 52602.887 
12.75 40188.86 1611.3214 -96.34585 8.011095 1691.2822 39635.195 -352.07138 370.61194 -171.84407 346.08606 39492.254 1070.8191 41.04505 -431.76785 -1108.0284 39906.89 
13.25 28957.621 842.8956 -193.67169 81.839874 929.4515 28464.576 77.36518 193.93643 -227.89926 -85.23013 28325.441 477.7145 110.700066 -225.82428 -512.4806 28683.936 
13.75 23316.713 86.82553 -250.02313 155.46657 152.61528 22916.316 712.0448 162.1303 -282.10538 -724.012 22788.041 -247.54803 173.39171 -142.35867 224.11206 23067.879 
14.25 23945.697 -319.32996 -261.43094 73.47391 -287.91745 23619.336 1060.9775 254.60445 -321.2952 -1076.3037 23507.64 -620.8004 82.24632 -185.66023 612.0086 23733.37 
14.75 27496.918 -382.30438 -223.35464 -175.0317 -378.23077 27186.234 982.075 413.83243 -321.27786 -997.1936 27089.986 -481.8019 -166.32967 -324.0431 486.58493 27317.47 
15.25 28687.115 -294.02072 -127.24026 -422.12454 -301.25415 28337.732 649.7044 549.7234 -254.31683 -661.6466 28249.914 -28.373714 -404.68344 -475.42392 46.606216 28522.988 
15.75 24751.688 -221.41653 -3.339921 -480.38126 -232.21907 24349.043 302.01678 564.5262 -138.82793 -311.63428 24262.875 413.65125 -453.73077 -527.2701 -380.87524 24583.48 
16.25 17830.438 -236.14807 73.45979 -323.181 -254.5294 17399.777 76.722336 418.74045 -47.36411 -88.60682 17313.572 617.60834 -296.70816 -413.2614 -574.3474 17649.459 
16.75 12388.562 -322.03748 51.333935 -96.798935 -351.0304 11969.218 4.3434167 173.86676 -38.201073 -23.625765 11885.605 524.6529 -83.11218 -174.21324 -484.10608 12199.76 
17.25 10648.366 -382.8523 -35.35518 40.201107 -412.82907 10269.255 40.85898 -47.647057 -89.59006 -69.4219 10190.7295 212.47711 34.638817 68.98969 -190.94325 10463.504 
17.75 11136.84 -302.70026 -94.373436 70.78836 -315.73026 10805.004 87.04932 -151.44238 -122.413864 -121.50503 10730.531 -147.02393 50.233334 206.02065 141.92435 10964.652 
18.25 11221.697 -74.94316 -68.76326 101.59462 -60.365585 10919.863 44.927235 -124.28971 -85.10692 -77.36075 10844.64 -360.41702 77.6241 204.77422 335.83408 11061.574 
18.75 9980.971 145.45506 10.392032 204.247 181.21497 9675.073 -96.2614 -18.36508 -1.6976709 74.999245 9592.626 -337.8822 187.58684 110.17694 310.62442 9823.381 
19.25 8393.884 179.13048 62.748707 307.65433 217.63898 8055.8496 -244.91104 94.65582 61.095078 240.81361 7961.473 -171.87762 301.6208 -0.7353165 157.38387 8227.277 
19.75 7619.2617 14.859419 37.42622 272.9532 39.428722 7254.2563 -299.24313 158.46274 58.37311 312.0354 7148.867 -54.528435 273.05695 -65.312386 58.98497 7439.819 
20.25 7804.6377 -180.73131 -45.553024 66.59346 -174.57298 7454.2266 -241.38724 151.52792 -0.29602355 264.50644 7346.008 -95.51197 65.96824 -64.28296 115.06638 7621.503 
20.75 8323.361 -250.94717 -114.68992 -173.84396 -254.88608 8032.134 -129.0424 94.42234 -62.38987 152.7131 7933.3896 -235.96169 -178.03082 -25.376368 261.18115 8153.7905 
21.25 8550.85 -197.5858 -101.69306 -264.3507 -198.82324 8324.2 -20.790773 32.686905 -68.62364 36.578766 8244.538 -340.5823 -268.97546 5.2645845 362.24988 8407.998 
21.75 8269.41 -126.22624 4.7732205 -152.21303 -118.46172 8065.4336 59.255318 -1.797098 3.5752382 -54.301483 8006.755 -336.03104 -152.21242 6.4540396 349.2489 8153.1323 
22.25 7611.2813 -100.4702 139.71591 46.25153 -88.93604 7375.931 98.86605 -14.204691 112.023285 -100.42655 7333.312 -241.48286 52.004055 -2.1842062 246.35962 7509.694 
22.75 6807.997 -102.16943 200.7005 172.87354 -97.396545 6518.302 84.7679 -27.794157 170.0555 -83.56643 6484.9033 -109.183136 179.7287 9.786107 108.55088 6707.1777 
23.25 5975.8164 -105.025345 128.70683 166.33862 -110.31164 5651.425 25.928875 -47.979897 116.36649 -14.045992 5622.1797 10.502035 168.00684 43.9187 -13.85391 5868.291 
23.75 5128.5313 -116.91729 -35.684883 77.600105 -122.85166 4808.043 -38.593224 -56.3583 -24.702356 61.23728 4779.8965 62.160942 72.27537 71.73289 -66.36081 5014.8984 
24.25 4391.531 -138.96246 -180.0386 -11.727478 -132.77507 4101.0625 -74.13846 -37.495934 -157.79822 98.72391 4071.5703 13.245132 -19.11432 69.003944 -16.478006 4276.645 
24.75 4042.0442 -138.54314 -212.33054 -55.43225 -119.476746 3781.0735 -79.260895 2.21231 -196.84584 94.31154 3747.3347 -85.110176 -56.90248 39.618126 85.4998 3929.7837 
25.25 4158.7783 -96.791916 -131.95781 -47.01564 -80.07098 3907.0073 -65.12859 45.7489 -131.83546 65.25451 3864.6895 -114.67407 -37.8869 4.535767 122.440285 4047.6907 
25.75 4324.058 -50.15702 -17.754387 -4.7362623 -53.612885 4059.4307 -22.63361 81.821304 -23.739307 12.354077 4002.2751 -16.512304 12.507934 -19.999126 36.428036 4205.8613 
26.25 3966.9065 -47.538048 44.53568 31.857483 -74.098175 3682.9653 65.14866 101.7261 52.196552 -75.457596 3605.1208 118.27194 48.85805 -27.313356 -81.56852 3830.327 
26.75 3092.7053 -84.11664 24.769522 20.491077 -118.108925 2803.752 180.07033 91.09253 55.94221 -182.27126 2705.363 132.94656 28.19738 -14.38402 -78.54211 2931.883 
27.25 2445.0652 -115.06261 -42.967693 -37.8813 -135.69397 2172.5803 261.54883 41.140713 -4.012497 -255.4404 2063.8496 -17.714443 -43.788357 16.087921 82.66352 2266.106 
27.75 2751.694 -123.57762 -96.62215 -79.51276 -122.24001 2500.9592 253.32698 -32.11193 -83.955826 -246.1606 2398.6877 -213.87973 -96.368385 50.852848 274.30933 2570.472 
28.25 3904.434 -129.86778 -93.3651 -33.32618 -116.02931 3654.1616 152.22174 -92.09563 -131.09822 -152.68478 3571.455 -303.95392 -53.5857 74.61649 344.57758 3736.4724 
28.75 5042.618 -128.96562 -37.945526 94.63069 -121.11233 4761.492 11.166936 -109.998085 -115.27833 -21.925228 4698.759 -255.06927 78.624054 84.67255 270.88693 4893.36 
29.25 5385.5283 -73.403496 24.40297 208.92285 -83.676384 5061.2554 -96.36642 -83.70112 -49.009457 81.94905 5005.949 -153.67514 200.78236 88.45336 154.06183 5248.1816 
29.75 4853.878 46.145004 46.581123 210.63239 21.334047 4504.944 -118.12373 -29.72215 24.519222 111.40772 4439.926 -97.459785 208.849 85.35553 99.57896 4714.6924 
30.25 3984.15 138.98676 19.887016 90.891304 115.03124 3642.6135 -53.51948 32.17431 68.515785 60.682945 3556.9094 -127.1166 90.9682 62.304073 143.98558 3830.7427 
30.75 3474.291 92.790855 -20.689754 -66.30872 82.41019 3159.3994 40.63269 81.749275 78.250824 -25.20744 3055.2156 -235.87196 -68.21853 14.814041 268.5494 3303.0996 
31.25 3779.0046 -80.6044 -31.473963 -164.61436 -80.14514 3488.774 85.79304 99.43457 71.978455 -75.5364 3381.249 -378.734 -168.77077 -35.938354 417.59998 3598.8098 
31.75 4808.0337 -223.752 -0.29601592 -169.0325 -228.98557 4532.3237 46.367138 81.16899 64.74342 -50.487164 4441.0547 -461.17633 -171.73111 -59.828037 493.98865 4635.686 
32.25 5833.848 -185.80739 46.559574 -110.863594 -210.54103 5568.5854 -34.572823 50.11882 57.160336 19.630354 5503.9927 -385.07568 -107.5993 -50.757687 405.56757 5681.7354 
32.75 5942.605 22.286528 71.569756 -43.83692 -17.176476 5688.556 -74.92098 37.522934 44.057735 61.30677 5641.674 -163.52617 -34.722084 -30.589933 174.79489 5805.6426 
33.25 4915.415 242.90129 56.95403 -4.1201067 209.99054 4667.0127 -35.55669 44.362724 23.851051 30.397972 4611.977 31.469141 2.9232745 -14.707237 -21.26646 4769.414 
33.75 3640.8271 322.33783 15.006806 1.6549989 313.80014 3382.4165 40.78939 32.217342 -0.70256543 -45.18179 3292.3716 -2.1595125 -5.180897 16.065275 15.738941 3456.4607 
34.25 3366.2542 224.76219 -21.593857 -11.83154 236.47389 3082.1929 74.553856 -35.257553 -21.327356 -96.08557 2948.089 -296.23743 -37.623405 94.340225 308.92194 3129.4949 
34.75 4430.695 24.308325 -19.266071 -24.36744 32.346863 4118.3325 28.463036 -142.13737 -21.026049 -78.69475 3957.7144 -660.65656 -58.669685 213.11948 664.51874 4155.505 
35.25 5893.2266 -158.37753 32.57767 -24.608322 -176.40729 5564.896 -58.086838 -220.5676 15.736278 -11.555773 5414.9697 -841.96625 -45.182472 303.8145 836.4169 5618.1978 
35.75 6483.4087 -201.38779 103.174545 -13.18351 -246.28145 6156.002 -105.46654 -207.49612 76.732056 44.50654 6052.996 -726.4185 -3.7119327 283.6981 722.1878 6251.5425 
36.25 5759.039 -31.708069 130.26027 6.5190115 -82.16366 5441.82 -64.593735 -103.88771 110.6159 37.860928 5391.9053 -412.38568 37.974102 139.81978 421.05353 5584.828 
36.75 4292.655 285.69455 70.12707 35.710373 254.90605 3983.4795 30.296206 17.987335 62.73312 -26.539438 3936.9817 -150.05113 56.383167 -30.03211 168.82161 4130.263 
37.25 3057.5554 497.06586 -43.32659 74.12407 495.20148 2747.545 64.75185 64.461 -60.95214 -72.21036 2600.413 -228.72964 50.68761 -73.73718 239.25258 2798.7788 
37.75 2944.9094 278.23615 -94.66955 113.25143 293.00006 2624.2832 -82.826996 -10.273612 -169.09424 8.581551 2270.1714 -818.0137 43.792442 88.47478 804.8848 2473.832 
38.25 4586.152 -482.8216 28.982962 147.33827 -473.89264 4246.0195 -429.56247 -162.02423 -144.53073 264.667 3667.037 -1764.0414 71.97348 368.80664 1735.12 3876.7888 
38.75 7891.7627 -1455.9368 319.44302 190.23102 -1467.2147 7523.5894 -827.05347 -273.3433 49.754116 610.5082 6852.2007 -2515.0264 164.4975 548.5739 2499.7017 7074.8555 
39.25 11424.296 -1957.3228 607.7435 263.58377 -1983.6456 11021.329 -1037.899 -231.12282 315.07687 855.01135 10489.0205 -2424.557 310.91446 448.40433 2447.8782 10734.539 
39.75 12832.206 -1411.0878 671.50055 354.8937 -1431.118 12392.852 -925.018 -21.412935 475.39438 846.4666 12152.146 -1368.1704 438.0612 102.773 1425.8104 12425.138 
40.25 10889.872 95.05723 425.18866 399.7929 103.417244 10418.556 -595.00146 236.91948 411.89795 617.8355 10351.986 -133.94235 441.32608 -229.24042 194.02092 10648.896 
40.75 7446.1133 1630.251 27.154804 335.8353 1674.1301 6949.3706 -341.57925 370.30536 161.52295 385.52298 6648.5176 -25.793669 277.10605 -263.14905 56.09966 6964.9272 
41.25 6732.968 1925.8202 -218.4528 189.87975 1993.2871 6214.2993 -414.2054 293.60162 -108.18825 382.93826 5221.179 -1787.6444 41.51656 55.609848 1780.6593 5559.828 
41.75 11826.452 366.16342 -109.12985 94.648605 435.6601 11284.816 -814.0285 90.95341 -229.44757 671.94995 9467.222 -4735.3174 -66.88778 478.23532 4707.602 9835.268 
42.25 21365.246 -2268.0881 270.81696 183.46034 -2214.5984 20797.54 -1297.5497 -54.79044 -157.8634 1094.9956 18556.484 -7008.258 93.18601 654.8418 6979.1284 18954.164 
42.75 29979.787 -4079.666 608.661 446.74432 -4051.181 29383.932 -1568.6549 -27.589544 15.135605 1394.129 27455.053 -6936.464 455.97543 443.5189 6911.1733 27870.477 
43.25 32460.504 -3416.996 630.8046 702.72754 -3416.8845 31837.486 -1480.3146 123.75731 160.26254 1386.2218 30759.912 -4456.9136 767.93256 35.929558 4430.128 31178.543 
43.75 28003.67 -346.84286 338.7831 740.60834 -376.89673 27358.95 -1101.9447 255.56415 214.23686 1073.5747 27008.217 -1331.8258 790.3198 -226.98683 1301.9137 27427.453 
44.25 20765.014 3107.3552 -9.832064 518.03143 3048.7527 20107.832 -652.56903 288.8788 190.3646 644.04 19715.01 131.81158 513.1827 -172.16898 -158.27827 20147.693 
44.75 16403.352 4421.111 -156.08316 217.1341 4342.9937 15741.12 -377.827 280.52118 108.18067 369.72552 14456.051 -1121.2086 173.47615 67.46463 1101.8562 14918.37 
45.25 17743.688 2637.7412 -75.98993 83.10071 2554.8787 17074.484 -422.41678 328.13977 -49.91056 436.41605 14651.95 -4055.8054 42.620884 220.94136 4033.29 15147.611 
45.75 23065.2 -769.7785 34.889656 189.45341 -846.0614 22377.867 -731.3342 425.73676 -285.82883 788.62683 19409.918 -6380.592 177.82262 164.15962 6336.274 19924.867 
46.25 27972.484 -3103.3784 -2.919017 362.40594 -3173.8713 27257.947 -1044.9843 450.7047 -504.65607 1122.2896 24733.313 -6370.7793 376.96878 17.98204 6296.426 25244.982 
46.75 28926.418 -2682.9612 -158.04106 365.3348 -2761.0063 28188.791 -1052.2523 312.52222 -542.5669 1095.783 26743.262 -4157.195 396.43674 -27.869019 4066.5881 27237.09 
47.25 25611.014 -111.29207 -243.85594 165.34637 -215.46089 24862.273 -637.0942 95.60935 -327.25684 628.225 24352.44 -1455.3365 214.80464 52.72765 1374.335 24833.125 
47.75 20603.855 2502.341 -151.73035 -6.9516387 2358.9163 19846.904 -19.594538 15.061522 -9.818704 18.423145 19570.475 -78.86611 62.327316 106.13622 25.260788 20057.486 
48.25 17073.926 3466.3289 8.257072 94.07314 3285.8142 16295.791 373.4316 207.0064 119.052765 -268.42407 15594.693 -602.2176 161.24155 8.5822735 577.0781 16103.029 
48.75 16573.867 2706.2693 23.719095 412.0831 2512.307 15760.265 249.15245 567.75055 -97.051544 1.6792736 14449.268 -2245.5073 439.84912 -160.73676 2242.6099 14973.033 
49.25 18524.246 1314.4957 -176.19594 571.45184 1148.4974 17677.174 -268.15033 825.39905 -486.30472 590.34094 16002.625 -3806.3606 551.65497 -208.46906 3821.6936 16522.78 
49.75 21268.277 279.63922 -424.95422 250.40858 181.67474 20402.51 -676.9661 787.37213 -676.2273 935.30383 18724.574 -4570.692 233.01189 -79.64759 4595.0894 19237.559 
50.25 23316.975 -148.33199 -483.10883 -409.93744 -167.5387 22441.07 -483.76865 520.1619 -461.82574 599.9093 21016.146 -4452.46 -356.03732 41.69786 4457.703 21548.258 
50.75 23794.738 -35.308575 -285.48993 -835.9694 -9.548351 22907.494 343.65115 275.75015 -41.018974 -327.9754 21881.53 -3630.8057 -706.83636 -59.61876 3578.2144 22460.055 
51.25 22355.412 756.92755 -5.169676 -557.0961 767.1749 21465.328 1262.5874 243.55109 163.7609 -1240.0598 20868.07 -2432.2917 -447.75693 -347.52347 2308.8242 21473.201 
51.75 19448.025 2278.2158 123.03477 259.93716 2230.6284 18583.957 1567.7852 375.4511 -51.389904 -1478.2761 18174.016 -1563.8158 234.74712 -536.1559 1411.4308 18734.9 
52.25 16766.975 3745.1543 22.350233 879.3932 3650.8367 15946.691 1069.4705 456.82834 -427.0891 -949.18353 15110.857 -2049.9104 716.95483 -422.6749 1943.2542 15573.692 
52.75 16781.94 3629.9897 -188.90614 697.4232 3544.0632 15966.659 401.28488 338.74484 -488.93057 -322.66467 14007.253 -4414.294 546.90283 -171.68486 4394.796 14413.181 
53.25 20891.488 1037.6868 -347.6841 -100.60036 1008.42633 19990.277 528.73926 87.94997 -56.452526 -510.00348 16750.275 -7743.16 -60.552994 -171.62114 7773.913 17228.52 
53.75 27572.404 -2895.0173 -393.3646 -655.2455 -2872.1602 26518.547 1778.9022 -90.85535 530.5158 -1770.8142 22770.744 -9864.885 -395.15714 -569.8193 9862.246 23430.209 
54.25 32707.145 -5350.914 -362.61435 -288.9692 -5327.9272 31536.576 3342.7395 -64.33828 739.47156 -3300.1863 28582.299 -8977.008 27.61621 -1024.0504 8894.847 29403.594 
54.75 32629.5 -4122.5356 -292.52914 736.9011 -4146.1035 31470.06 3904.0095 118.06479 403.67352 -3840.27 30097.895 -5466.9165 910.05005 -1034.7524 5344.614 30942.2 
55.25 26988.693 214.80623 -178.08672 1429.1682 150.85057 25954.904 2884.998 282.7459 -100.45257 -2839.89 25666.484 -1907.419 1423.3768 -509.73563 1827.144 26400.969 
55.75 19827.1 4397.763 -56.316723 1034.8534 4341.8765 18914.988 1178.9783 312.6965 -249.11179 -1133.3243 18201.742 -1218.4994 1008.088 19.039742 1211.8622 18820.377 
56.25 15980.769 5153.7227 -45.019157 -131.95798 5140.9155 15074.836 335.89267 200.57623 64.0383 -204.73563 12638.903 -4047.937 -13.135294 -54.712944 4060.9495 13255.115 
56.75 17422.838 1965.2272 -247.04567 -966.62646 1976.7421 16407.072 1102.1364 -1.7208934 435.09073 -832.1173 12261.616 -8200.556 -721.00476 -742.62415 8156.267 12989.196 
57.25 21838.81 -2568.9507 -588.2737 -667.04816 -2584.4922 20707.074 2685.968 -250.96942 418.28595 -2351.2114 16174.641 -10462.243 -483.20648 -1378.998 10351.333 17017.086 
57.75 24907.143 -5058.233 -806.0206 468.64456 -5127.3994 23766.375 3560.7068 -501.9889 27.508137 -3327.8032 20393.795 -9274.121 444.33472 -1286.45 9167.543 21247.836 
58.25 23923.363 -4103.556 -668.5522 1368.452 -4201.146 22894.906 2953.4312 -661.2099 -295.30173 -2927.4539 21288.2 -5818.448 1199.6377 -488.32367 5785.5596 22043.504 
58.75 19606.627 -1061.9111 -221.9262 1263.0033 -1146.1381 18722.084 1491.9832 -623.1088 -193.21355 -1604.6936 18286.861 -2717.952 1156.6788 311.70938 2745.8635 18920.957 
59.25 14810.297 1567.6301 215.07732 377.75467 1501.5918 13998.346 425.97366 -384.0016 212.81175 -495.56396 13665.166 -1722.3767 460.69165 457.32672 1730.9226 14248.176 
59.75 11782.7295 2329.4978 335.1632 -419.58453 2242.2488 10947.387 370.58636 -93.88533 485.4703 -278.40814 10089.367 -2529.7356 -228.30894 -24.008894 2463.9414 10709.331 
60.25 10662.833 1584.8563 121.44312 -534.1211 1441.1393 9771.329 895.2669 50.950962 368.41064 -694.4786 8510.619 -3569.7207 -421.04428 -536.55414 3460.841 9195.08 
60.75 10141.715 587.30585 -168.65817 -124.471634 401.5638 9241.489 1202.4404 -15.106579 32.53004 -1049.8271 8060.093 -3646.124 -180.21877 -584.4574 3572.6982 8761.341 
61.25 9136.989 154.89874 -278.98416 250.95822 -20.337502 8297.227 989.18256 -172.46008 -172.41017 -985.5419 7498.758 -2796.5598 105.959236 -223.82529 2795.9539 8144.522 
61.75 7641.8 222.77112 -181.45755 274.29932 95.474655 6888.1255 563.31726 -253.19908 -113.480896 -675.3292 6423.982 -1814.0416 178.7811 133.14087 1849.1044 6978.444 
62.25 6247.139 343.15192 -30.491568 88.46071 254.53944 5551.3755 312.5498 -209.88182 47.850826 -438.6765 5224.8853 -1267.2455 97.034096 222.26027 1278.8756 5706.847 
62.75 5290.053 292.26447 44.781017 -18.995846 209.36565 4612.974 275.04288 -130.12193 115.87514 -355.79712 4319.4688 -1092.5242 45.67815 130.16075 1066.6055 4770.7227 
63.25 4628.1587 163.66489 52.831924 34.589603 71.88323 3957.3958 257.26276 -103.79982 84.40601 -304.31592 3719.1833 -943.556 95.649 62.907978 913.99023 4165.845 
63.75 4024.6409 97.196495 58.1788 127.360435 8.473442 3370.4275 171.02966 -116.98316 67.31189 -210.92583 3227.301 -668.55396 177.17659 68.13112 665.2626 3672.9116 
64.25 3453.382 108.66126 67.00735 156.89108 32.430134 2819.79 104.30947 -96.35784 99.4643 -132.27419 2757.8506 -378.0775 212.31631 55.08243 392.22208 3204.0461 
64.75 2994.5615 150.94763 37.59543 145.28773 74.77965 2371.0684 117.498886 -24.897741 101.96948 -117.42421 2347.1199 -203.11249 197.33163 -6.0807476 208.33183 2805.1362 
65.25 2649.45 200.90172 -28.245201 143.05959 107.48824 2026.5779 128.13791 31.624733 29.352192 -112.99971 2010.3054 -146.30005 165.72899 -30.83762 137.48798 2489.5374 
65.75 2376.3215 235.06075 -66.71395 130.9262 131.70287 1757.8187 55.630146 12.27012 -43.476627 -60.39895 1733.2329 -151.68332 127.38045 33.16216 148.92804 2226.23 
66.25 2205.5566 207.21182 -38.57326 73.72722 121.20716 1598.1027 -28.66026 -61.046013 -25.226906 -8.115619 1553.5759 -193.83136 80.42135 109.86986 212.46709 2041.945 
66.75 2170.3982 115.33795 12.366316 7.8824925 57.145184 1568.4867 12.291605 -114.3249 56.482983 -54.371765 1509.1783 -251.84772 45.52573 100.7752 284.11087 1983.9614 
67.25 2165.9224 46.921486 18.612011 8.492938 -8.937018 1561.2306 172.86418 -110.6537 89.66508 -191.60074 1515.9625 -272.63626 52.27454 30.399569 303.32114 1980.2079 
67.75 2030.8866 84.783615 -17.908476 79.49281 -2.5224667 1430.9093 284.70203 -80.50204 31.09021 -287.19797 1420.1194 -230.9065 94.534966 10.716055 260.0811 1873.4773 
68.25 1776.7334 181.10674 -32.512314 134.47656 63.646362 1203.7354 226.29916 -70.374886 -38.474022 -242.35062 1202.11 -190.73393 126.793304 77.43037 230.74873 1631.9791 
68.75 1626.8667 196.87135 7.3003464 107.46383 88.31582 1090.2992 80.936874 -90.62426 -28.83325 -120.14982 1043.7996 -242.71518 117.15624 138.09181 297.44336 1442.3884 
69.25 1714.4135 81.49394 55.997192 38.496582 15.183412 1194.903 28.267063 -120.144226 43.073795 -67.41127 1083.1166 -371.0678 85.33101 105.22725 428.13763 1465.7733 
69.75 1880.5963 -52.21974 55.65408 19.35479 -86.55421 1348.5931 123.001915 -140.93501 87.446815 -138.63843 1213.3097 -455.24127 77.076965 20.78397 500.73196 1608.2949 
70.25 1852.949 -70.39933 17.175486 73.4662 -112.27064 1302.6227 237.86913 -146.95053 65.53328 -236.39047 1202.7034 -414.3695 106.63065 -3.3751628 447.8123 1619.329 
70.75 1598.3868 13.038131 3.29524 130.63098 -58.492302 1052.0282 232.07367 -135.71109 27.630608 -238.49954 1001.30255 -307.0172 139.80887 64.295815 337.94513 1419.6301 
71.25 1346.6443 68.56019 40.33241 121.54141 -15.9386015 826.28906 112.19423 -108.50141 29.324545 -136.70216 791.67957 -244.87236 135.95454 139.87137 279.71332 1189.0502 
71.75 1288.2161 27.798117 83.112335 61.514755 -40.406406 792.7747 3.6245747 -84.16883 56.62029 -33.00122 746.3827 -252.01788 95.3423 143.73033 289.7951 1123.9008 
72.25 1352.6044 -40.051334 76.859276 20.01512 -86.81044 865.468 -5.5571938 -89.04408 59.89568 -15.128811 817.50446 -255.83615 56.251163 99.312164 293.641 1192.8203 
72.75 1355.1906 -39.78529 26.948313 29.538074 -85.31581 868.6795 56.879173 -125.695984 30.476217 -73.67043 844.25476 -206.48093 49.090298 85.233246 242.34998 1221.0875 
73.25 1254.5597 24.385645 -12.41815 55.06895 -35.236504 778.9248 109.82916 -163.6846 8.874883 -135.88918 780.14453 -144.36308 64.42122 125.18737 174.53845 1138.2604 
73.75 1165.3958 74.242714 -6.037628 52.02537 8.472082 714.15344 114.48731 -171.14845 23.4336 -151.04065 719.3877 -131.44348 71.26472 166.88672 151.1919 1040.1758 
74.25 1163.9264 69.823586 28.939957 24.288248 14.64047 739.873 90.12205 -148.83081 53.73914 -125.64304 732.5673 -161.91472 57.874992 161.36281 172.43948 1022.79755 
74.75 1202.2632 44.759 53.981266 9.648353 2.6125672 797.53186 66.80392 -123.88447 63.259926 -94.32302 780.9868 -179.03271 42.96701 122.98121 189.12393 1064.2849 
75.25 1219.2655 40.74406 51.48612 24.040333 0.5259098 824.05914 52.93567 -117.094154 45.29957 -79.26036 808.5858 -157.97418 45.845383 100.95497 174.61874 1097.457 
75.75 1238.3035 56.04093 30.544525 44.05906 12.641258 846.22284 45.642754 -126.147736 22.427038 -80.59618 834.719 -131.12886 59.25331 116.733765 150.40431 1120.2329 
76.25 1299.5541 69.633705 7.3585367 43.750114 31.494732 909.96124 45.22429 -138.11353 13.361348 -87.79738 900.1203 -131.89491 61.41126 149.33054 144.09746 1167.578 
76.75 1367.1522 78.144165 -5.8958063 27.27364 52.54496 987.69946 48.87407 -143.52292 17.881319 -89.11678 978.54456 -150.96498 47.09651 168.59332 154.16605 1223.197 
77.25 1374.1407 86.690445 -2.1085846 14.106563 66.70791 1018.1515 44.26022 -135.88051 28.17808 -76.06425 1007.41675 -160.97835 31.34387 162.9223 164.4761 1231.9335 
77.75 1328.605 87.68239 15.127986 6.637042 61.592697 1003.4315 24.416672 -111.891014 37.473255 -50.964306 984.5692 -158.75595 22.962736 138.43703 171.75885 1189.7885 
78.25 1302.4462 74.493935 27.775412 -7.7996306 43.952503 999.30695 4.4565907 -80.22553 36.492947 -30.757246 969.17633 -161.25015 12.389785 107.352646 182.50157 1155.4426 
78.75 1323.18 62.17668 18.87883 -25.254396 41.514084 1024.4016 8.857299 -61.903893 16.915384 -34.229996 991.02655 -174.91464 -4.6120186 82.747536 196.50667 1163.5261 
79.25 1339.9739 68.50486 -4.6491075 -19.616043 64.65604 1038.9332 37.570652 -68.78173 -13.345096 -58.49446 1013.6841 -190.46825 -8.704846 73.762535 208.71593 1177.2977 
79.75 1314.4501 80.161 -16.261303 18.5958 82.31338 1024.3824 57.109432 -84.28877 -29.445196 -74.26267 1006.6542 -203.80353 16.788773 78.257385 221.918 1155.6954 
80.25 1282.438 64.72426 -2.8646507 53.70124 59.623135 1020.7565 35.579357 -78.19502 -15.279738 -52.937294 998.2796 -219.47005 48.7132 83.39023 241.31439 1120.6423 
80.75 1290.8267 19.274809 15.523397 39.613777 10.900715 1056.2937 -16.609604 -42.20962 13.42325 -0.096129894 1022.88007 -232.56288 41.45665 76.47916 259.01077 1118.6465 
81.25 1313.9387 -17.390156 10.381025 -16.911133 -12.902687 1084.7113 -55.666885 -0.7474734 22.971506 47.862774 1050.8099 -227.32109 -9.957655 54.53884 259.27203 1139.738 
81.75 1288.7542 -13.138004 -16.611982 -52.86494 8.613581 1044.0966 -57.07814 19.38437 -0.1454297 64.50367 1024.4409 -203.81432 -49.90939 24.562952 243.57689 1127.3849 
82.25 1217.379 15.412848 -33.91357 -23.644373 38.199337 956.76447 -47.360973 20.882954 -32.94044 64.52601 952.0064 -190.64163 -28.453726 -1.4321222 237.025 1067.9143 
82.75 1177.6635 25.213099 -22.549576 36.23177 32.58892 915.6294 -68.42083 28.362696 -42.799923 82.342545 912.9456 -213.5373 27.837461 -12.622102 259.6404 1022.2104 
83.25 1216.5977 1.5038759 -3.7690363 52.78137 -0.69975835 962.9303 -118.16428 53.26326 -25.524866 124.0854 953.5563 -257.70206 44.31326 -8.200586 298.47748 1043.959 
83.75 1282.142 -28.509087 -12.188223 8.15334 -19.381264 1033.0336 -147.22015 79.83107 -9.166379 155.96771 1022.0691 -279.7591 -2.4172945 -2.4275734 320.05402 1102.8285 
84.25 1286.8906 -33.304035 -48.25523 -34.722324 -5.2345476 1035.5757 -123.28409 89.67698 -20.16805 148.90479 1032.1609 -259.32248 -49.661633 -13.682466 308.88947 1118.1893 
84.75 1224.2283 -12.217782 -74.31056 -16.718885 18.074148 972.4805 -78.918976 89.10423 -51.81932 120.41753 975.73676 -225.6162 -33.505684 -42.451065 284.96863 1066.2909 
85.25 1179.9585 10.636598 -62.520924 35.8308 24.312246 933.0925 -72.20099 101.20409 -71.91777 113.37915 932.8337 -222.04582 20.72684 -67.05564 278.8401 1015.7733 
85.75 1229.4525 15.202872 -33.056194 46.79893 17.30878 983.42084 -108.804726 133.11565 -61.231415 138.01341 973.0651 -253.85054 31.932022 -69.148186 296.52197 1047.3086 
86.25 1349.2488 2.2584436 -30.239561 -2.7618415 16.050226 1091.582 -131.39276 163.37778 -37.990932 156.51602 1075.5526 -283.8087 -21.996082 -58.847004 315.58725 1156.9358 
86.75 1441.7949 -10.856147 -65.31344 -44.903885 25.56824 1169.2732 -99.26456 167.53325 -37.645187 137.23177 1156.648 -279.4912 -69.307526 -62.705456 313.8543 1255.4884 
87.25 1436.7762 -6.7566166 -99.79187 -18.540554 35.56364 1165.4056 -49.06777 150.25523 -69.476555 102.58688 1159.3982 -251.24162 -43.596634 -88.085754 294.47495 1261.8201 
87.75 1355.5818 13.736703 -93.3058 41.66776 37.888172 1104.9972 -48.053646 141.85558 -101.9747 100.77389 1100.7584 -235.39946 20.091984 -113.571785 279.38947 1183.5371 
88.25 1282.1995 27.06209 -56.152126 49.292038 31.659727 1050.92 -97.735344 161.71883 -99.105095 135.91373 1042.5289 -247.59453 30.516815 -120.37157 281.67303 1104.2854 
88.75 1278.4066 10.027807 -38.36805 -12.28104 17.682766 1043.131 -123.79441 193.65639 -66.644554 156.2164 1030.6017 -266.08853 -31.66343 -119.054855 291.25018 1095.786 
89.25 1326.8717 -27.484255 -67.13052 -59.845734 1.0869635 1070.335 -75.64081 204.86548 -49.060688 123.59216 1059.1024 -263.76685 -81.96454 -131.22385 290.53256 1146.5892 
89.75 1353.9537 -45.435978 -111.800964 -20.553005 -5.297777 1087.0217 -2.924007 186.1 -75.34665 71.37852 1081.0446 -244.49327 -45.579132 -152.86862 278.41104 1179.192 
90.5 1264.3455 -2.8996356 -107.77721 88.674736 9.856319 1022.9484 -25.598295 162.15001 -129.43912 84.69565 1016.7834 -240.05598 61.509045 -150.05188 271.63403 1092.5099 
91.5 1168.7046 -24.47466 -55.518066 -27.09286 -30.60745 922.60394 -118.869316 205.0743 -64.829575 151.8337 897.50183 -263.8217 -45.809196 -129.27469 278.40912 999.70557 
92.5 1298.1544 -87.84367 -122.17203 7.9495783 -68.63 1024.2654 13.2616 176.4098 -86.93606 61.1227 1003.3256 -231.12662 -11.256653 -192.34784 250.41301 1132.581 
93.5 1295.5765 18.0464 -90.930695 80.25551 -5.455605 1039.7689 -95.25102 159.70514 -133.28575 137.16536 1007.3305 -260.9431 45.858467 -131.49251 271.27982 1116.9656 
94.5 1293.9985 -68.13872 -88.3138 -59.838917 -84.98513 982.0053 -42.82014 176.03632 -49.871666 79.25842 925.53186 -221.80423 -75.18219 -130.54846 222.37932 1123.1838 
95.5 1240.2856 -91.052956 -115.26077 104.11234 -84.393555 944.4068 80.951035 104.18974 -111.97392 -24.410921 907.3863 -195.61957 88.2054 -175.45447 193.64996 1074.9061 
96.5 1043.0693 -16.106094 -60.23118 52.804523 -55.985424 740.0133 -38.13126 145.80717 -87.54478 63.835278 686.41626 -217.0065 24.194458 -112.37798 216.91817 862.9155 
97.5 1024.907 -77.37746 -84.00097 -35.584312 -92.90836 665.742 61.1314 151.61626 -48.092037 -23.354246 605.16986 -144.45566 -49.032516 -145.62242 143.32016 865.85956 
98.5 1054.6238 -76.66419 -65.079865 118.15782 -91.7982 725.26776 50.099323 78.17954 -102.28129 -21.80505 688.13873 -201.80994 109.88327 -128.7782 186.54744 899.0239 
99.5 1017.56085 -82.78934 -37.364067 10.012585 -143.85077 659.7063 11.303218 123.64599 -54.63839 10.0612755 610.0282 -164.23729 3.52081 -96.01942 171.47281 859.4632 
100.5 925.3397 -65.29305 -38.83448 6.522607 -92.2621 540.2403 115.96037 79.68173 -57.69821 -90.67236 497.75388 -78.30027 0.20005429 -115.19698 88.01939 789.9959 
101.5 815.3174 -5.6136427 -9.369189 97.69259 -58.29534 445.63385 80.04142 61.98541 -58.49628 -67.227264 407.2141 -147.99252 104.42303 -83.46116 139.41327 666.9801 
102.5 831.6746 -55.905087 -30.82036 0.18185496 -132.85974 462.22623 64.925385 90.05263 -53.330704 -40.666573 415.56137 -127.321915 10.193713 -80.41815 160.77138 687.5664 
103.5 866.40906 -87.42694 -3.963937 24.750834 -131.4211 490.32715 80.92421 11.356793 -48.99783 -71.878456 445.60428 -54.09168 36.981213 -61.770527 75.72413 725.6789 
104.5 869.0733 -0.9864919 2.4724255 57.731647 -87.346664 473.7756 73.95923 48.998806 -23.989157 -64.256676 428.431 -49.134666 83.684235 -48.596035 53.47432 719.3319 
105.5 836.47687 -4.177054 -36.836468 -27.220594 -100.53253 420.80704 84.1046 49.529778 -67.75703 -59.58218 381.1318 -58.10492 -14.582966 -39.318417 97.81649 694.2811 
106.5 682.41516 -7.7767463 7.3146353 10.94102 -77.62849 286.75735 83.94178 0.59903896 -32.834766 -80.48784 242.10904 -66.8099 44.03622 -3.2902334 84.366486 528.3724 
107.5 683.9365 -16.164078 -2.491865 25.810144 -139.93942 270.98212 73.8074 46.355125 -10.498836 -57.86984 211.56374 -4.5342627 67.044586 -12.664018 21.05804 513.7224 
108.5 867.1911 55.46157 -31.952003 -4.505575 -74.48077 394.09384 53.86026 34.71701 -55.2622 -36.270664 332.51016 79.60069 9.569004 12.769382 -38.08866 687.4464 
109.5 953.67957 111.391235 20.759256 45.000942 9.849563 497.4177 25.763945 17.657598 -25.364637 -19.506605 436.183 -83.92626 86.11025 34.346626 107.02203 770.5166 
110.5 984.2919 -26.586613 4.687983 -10.874538 -184.95773 467.1259 53.217216 33.432274 -25.05246 -28.908009 403.10016 -73.84313 37.676765 10.08159 92.758156 795.7902 
111.5 888.05804 -8.857715 -17.772942 -55.922752 -160.82231 308.01947 101.59703 17.260128 -50.253967 -100.96408 234.46623 -16.296734 -32.18493 35.00977 44.48863 685.5429 
112.5 740.0111 -7.826811 7.110216 -7.5634003 -135.58482 208.17628 116.10733 2.3471675 16.204678 -121.15979 73.16144 -5.935261 38.295868 42.16047 24.133915 479.44608 
113.5 752.2133 117.46894 -10.127129 -25.090689 -44.010883 204.25853 82.910904 50.458324 -9.012614 -74.49621 41.660957 10.222806 13.054105 62.604713 -0.07884884 453.4092 
114.5 1122.4772 -79.9123 11.950628 -41.595573 -211.08601 463.17346 9.287947 -2.5307646 -87.82364 -15.057785 274.76746 -207.1724 -33.89579 75.564804 217.92958 795.1036 
115.5 1813.6606 -182.53734 8.443779 5.352291 -329.62314 959.66675 -28.188683 -21.284294 -11.38788 26.284431 779.0452 -46.263813 69.48618 71.58459 62.42993 1488.9526 
116.5 3473.4238 -792.63635 135.85178 113.57808 -963.0052 2303.7322 -156.74623 -43.620464 -222.72888 125.10083 1793.3557 -607.0775 180.65137 18.049387 595.09485 2796.3694 
117.5 6352.176 -3129.5122 -59.370155 448.49884 -3257.8132 4742.3315 -113.5854 -587.51654 -80.38041 73.87413 2928.8154 492.05838 425.44122 -418.80206 -535.8948 4375.1294 
118.5 7364.1567 -1328.1437 -957.7012 545.5968 -1498.8574 5455.8677 197.9049 -282.18066 906.6898 -180.01111 2765.29 3395.0986 531.4656 -86.59688 -3423.8223 4494.0313 
119.5 6720.455 2295.6003 -527.4354 -1.1753235 2156.6016 4609.498 47.864113 1071.9685 387.92874 -27.75528 1850.7708 390.00436 19.11444 1203.2438 -465.04135 3748.6592 
120.5 7676.0635 -1069.3973 951.9679 -159.2536 -1163.0215 5254.4385 -320.47333 535.9675 -1162.1538 295.7602 1717.0941 -3475.7686 -157.7536 701.8202 3365.935 3937.1895 
121.5 7804.063 -3993.8657 526.22876 140.54526 -4187.6245 5340.2026 -237.32224 -941.62787 -589.412 164.97592 1862.4648 -517.5943 156.39651 -725.7952 441.86377 4114.046 
122.5 5750.2437 -1382.5177 -554.9409 41.359528 -1485.8958 3511.554 -144.2986 -541.7975 475.90674 46.830704 1829.535 1579.523 33.122284 -393.334 -1692.9021 3825.0063 
123.5 4230.0566 -3.5545502 -347.40134 28.879333 -25.804993 2212.4731 -198.72888 104.073135 126.27474 151.64093 1791.4734 241.59236 -35.100647 204.55646 -354.081 3583.1309 
124.5 3189.0066 -257.56314 -115.90734 100.447495 -393.65863 1510.8165 -79.99689 -84.99512 -38.83912 74.08049 1334.7477 -17.635178 61.97985 106.94895 -52.542366 2781.0244 
125.5 2225.7178 -40.79628 -215.53621 -108.20987 -67.48341 799.73584 -63.721813 -18.853773 66.37918 25.848099 648.65607 65.90016 -129.88513 162.76068 -187.8992 1807.4766 
126.5 1931.1567 -34.57147 -153.62198 -106.21483 20.356834 547.6197 -156.54813 45.656418 -112.160095 98.04862 345.31937 -208.09769 -171.56265 183.46333 76.72331 1478.9462 
127.5 1581.3009 -8.212184 -120.52645 0.98789024 -68.97226 397.22067 -74.37654 -38.785137 -120.8923 34.449898 245.8631 -144.8985 -68.530624 158.5245 50.29711 1184.0823 
128.5 1166.6415 72.015945 -115.00818 15.97755 36.229145 214.62404 -16.090038 10.968715 -129.5258 -26.250868 134.75198 -97.43365 -29.605764 137.08626 -41.631657 798.97955 
129.5 1237.8666 98.57625 -167.19382 111.553696 102.43453 271.48428 12.208425 -22.791656 -186.14113 -76.96823 164.2182 -152.31908 39.41573 17.549955 5.5312777 833.678 
130.5 1274.9335 103.195816 -224.27567 140.71257 93.27883 290.67352 56.87856 -33.615753 -152.003 -110.52852 173.25923 -160.3505 26.785797 29.538641 77.56994 867.99457 
131.5 1122.0519 93.86209 -145.23062 134.49149 99.50908 185.24274 -1.6632516 67.64733 -153.0769 -33.564926 107.379166 -140.37035 32.317783 72.78368 3.131694 747.03357 
132.5 1222.5686 166.04623 -111.32675 157.75319 154.48714 237.20326 -16.545683 126.63546 -185.26193 -37.511906 187.50781 -201.43683 66.55168 41.435436 -29.444258 874.53564 
133.5 1332.4716 130.35045 -149.51096 206.06104 142.68715 354.2015 -15.274154 158.63124 -235.41008 -42.972435 271.71423 -276.2853 67.28611 37.875256 94.99824 953.55365 
134.5 1211.5685 36.641975 -102.1407 320.63196 78.66695 333.2845 -20.772036 175.10117 -261.257 14.362884 220.99893 -246.06625 152.46242 -6.8707685 82.195885 801.1099 
135.5 1189.6771 20.215347 -42.198982 267.01868 31.205507 314.59286 55.505676 173.04655 -254.6675 -7.8770175 199.99059 -213.5707 142.18596 -90.696724 -33.57985 774.2611 
136.5 1271.2028 -40.366367 -65.93177 114.078606 -27.315145 338.18063 70.48691 149.61955 -247.59831 -7.478038 206.56877 -150.02998 52.26807 -126.21977 -100.89041 832.761 
137.5 1226.7998 -49.73243 -72.22139 86.103455 -40.81274 291.0288 72.41702 96.42041 -180.56255 -1.9904933 152.65613 -33.332996 50.47966 -126.42817 -169.40967 782.5873 
138.5 1092.0553 53.914024 -1.491615 43.20312 27.068758 304.35352 116.11003 97.16457 -87.95777 -46.12408 139.41092 23.796988 6.9398284 -89.80241 -214.76778 658.7808 
139.5 1014.79224 107.951324 49.621044 -14.419402 100.41564 404.92343 90.98336 137.44643 -32.54621 -60.643723 156.93274 42.71397 -46.7443 -36.101063 -217.79066 558.2961 
140.5 1030.0765 131.80984 44.802616 -37.856014 161.10603 400.8249 39.404057 142.94057 15.780354 -51.78249 54.01941 1.1069683 -71.48878 -20.78929 -157.17374 500.9185 
141.5 1022.8183 152.48451 53.589745 -0.6934757 174.10075 321.93857 15.40143 150.22705 0.2650396 -13.633698 -137.56526 -117.00379 -58.317825 -18.474836 -59.138508 372.76712 
142.5 1022.8566 86.67575 80.203636 115.92426 90.63409 345.26974 42.479145 151.19073 -89.002785 25.932753 -248.45035 -235.59477 23.787619 -7.8911543 45.721573 233.25174 
143.5 1065.6073 -6.3266616 79.14897 117.35282 -12.372273 390.37842 96.908424 122.601 -103.08357 31.682806 -262.36392 -337.02197 10.648522 -25.69153 176.39844 208.00404 
144.5 1052.6567 -31.59687 42.39713 76.24787 -81.92851 279.0518 183.48682 76.383865 -72.26867 -34.7532 -279.586 -353.56116 -33.669296 -120.896515 218.50888 265.42316 
145.5 1026.2345 -11.263958 -21.095827 109.783104 -84.91065 158.3156 280.63336 -19.22927 -59.98271 -139.6029 -291.592 -256.06537 -24.684824 -238.75085 171.90804 348.76663 
146.5 1036.7234 -23.839306 -80.24632 50.676662 -30.488247 153.66138 222.20032 -68.94663 34.81089 -91.20941 -332.96103 -168.94942 -93.22242 -214.6663 126.5452 342.45145 
147.5 1078.7996 -44.52998 -104.6493 32.707508 -45.074562 137.06595 130.91386 30.90718 96.63939 20.826128 -417.7298 -145.42151 -61.42561 -70.22387 30.87438 313.72244 
148.5 1134.0205 -24.749922 -51.699463 145.44128 -116.65589 94.89628 247.37375 124.41838 -10.16875 -76.71853 -402.72528 -110.90985 139.26471 -0.85060424 5.7538795 444.9258 
149.5 1131.8384 -53.881447 96.30171 73.40485 -107.79865 44.22106 322.3675 118.852005 -80.47967 -231.751 -320.6237 -50.3964 144.11092 -20.873728 115.98247 593.34973 
150.5 1162.1191 -98.855835 219.43666 -104.21789 -31.355099 -119.619995 133.54823 102.44831 -38.991646 -165.16173 -364.58752 -57.239384 -23.870867 -42.98173 70.783485 650.3348 
151.5 1350.5629 -42.07329 182.18124 -31.530985 -4.705946 -371.97696 28.012602 41.309933 -24.651493 -47.503773 -537.52704 -137.38834 0.45083672 -127.46652 -97.37619 810.2683 
152.5 1524.6879 0.21891549 61.03517 132.55153 -39.710293 -514.1041 169.90282 -41.726818 17.094507 -71.73104 -663.1479 -137.33095 165.45679 -214.44435 -45.054436 1036.6282 
153.5 1532.3853 -16.141909 67.94866 75.88604 -41.929714 -402.06726 217.22446 38.402817 77.892525 -96.857376 -656.8658 -61.34082 226.49371 -108.372765 91.68799 992.7656 
154.5 1694.4489 69.81813 276.5538 -29.737007 6.638175 -112.26309 117.32909 193.91365 -70.291534 -161.97249 -694.2869 -93.744026 288.49628 17.670002 69.10111 737.4314 
155.5 2271.8586 208.67783 554.01215 18.302135 63.234653 127.532135 111.86124 81.241325 -373.3302 -450.49045 -967.13257 -184.2306 433.00046 -171.72676 169.01387 662.9685 
156.5 2838.1118 199.63399 616.5208 -69.28672 154.91963 223.8544 122.50921 -318.67667 -414.7618 -788.13086 -1341.3103 -201.00865 336.7696 -570.73895 487.09387 678.2414 
157.5 3117.6794 93.470436 242.27684 -420.91733 344.98834 260.30206 61.451828 -660.9334 -13.0096655 -1031.9526 -1581.7146 -283.59235 -125.07583 -866.9781 546.9432 606.811 
158.5 3502.4368 209.9529 -376.43652 -644.1831 702.9272 311.9444 -103.504166 -750.13885 560.0176 -1026.2284 -1725.5576 -483.43805 -621.5344 -950.32465 351.14423 711.1098 
159.5 3962.4844 692.64557 -880.2518 -566.4407 1108.9255 529.2906 -536.79047 -583.3505 1014.9664 -363.5338 -1864.0543 -651.6027 -851.84045 -755.6079 475.56805 821.4833 
160.5 4030.7573 1105.9103 -1111.6237 -418.8594 1210.1674 1077.087 -807.308 -139.68797 1216.6069 450.7956 -1873.2198 -860.72064 -687.1253 -254.29146 909.30145 515.90356 
161.5 3815.8875 939.437 -817.8709 -238.36096 915.8009 1657.9829 -519.55035 481.73907 1003.26337 499.75183 -1686.5894 -1142.5352 -132.74301 390.58127 1173.0609 138.08102 
162.5 3662.9329 474.21973 77.590385 19.324266 452.9921 1720.2694 -360.5446 995.9655 432.49197 314.41364 -1423.536 -1243.6531 490.02518 898.79456 1161.9161 190.17967 
163.5 3532.3057 275.8808 847.5282 131.59235 8.407888 1270.3131 -528.0697 1071.1356 -56.781303 453.8457 -1169.1156 -1109.8513 788.57965 955.63043 970.21643 573.5625 
164.5 3162.7312 209.95056 859.597 31.17319 -220.0024 719.9728 -240.20952 622.5655 -229.93752 186.05737 -872.20026 -844.906 726.31976 467.12994 698.6565 994.2391 
165.5 2549.8318 -16.325813 478.48502 -132.21855 -225.38937 283.37466 156.59189 89.55169 -199.72493 -308.74738 -478.4841 -469.67398 376.57465 -118.70716 553.6998 1316.9946 
166.5 2148.086 -184.845 195.84595 -331.84122 -283.0854 93.04689 -127.48416 -70.90139 75.496086 -27.566967 -103.34938 -197.76723 -123.76575 -233.983 423.19458 1517.0939 
167.5 2141.3953 -122.50671 72.707306 -396.81607 -288.56226 240.42705 -380.85657 5.652677 453.51135 460.90613 68.47382 -189.96057 -273.4155 25.64239 84.176056 1499.7983 
168.5 2143.3003 29.346676 170.54231 -142.94452 -52.44515 469.83185 -80.81751 83.561676 385.96118 336.81082 39.70254 -181.4053 115.12579 161.23634 -96.16727 1262.1294 
169.5 2038.6781 143.75697 383.63724 36.96319 -26.505886 469.6716 -2.3416595 184.00885 -45.46694 162.90474 -20.483198 -63.135925 383.70056 111.32136 160.99309 1162.0251 
170.5 2020.1953 91.7824 370.8307 -136.95961 -359.9233 348.45737 -262.67224 216.01062 -106.7677 216.31815 16.28968 -26.422459 176.8214 139.79556 309.23303 1350.946 
171.5 1954.1628 -105.901855 175.007 -206.43263 -380.96722 337.82773 -227.06737 146.77226 200.2306 102.55951 164.15457 7.0332055 14.91756 223.57066 42.25378 1430.4409 
172.5 1659.2716 -136.94368 105.25707 -36.86794 14.1603775 358.35327 -19.572803 142.53455 263.09525 -16.446758 281.52365 95.893036 100.12472 178.23064 -93.33649 1173.9526 
173.5 1310.0208 16.739601 155.35118 -76.62467 154.1662 225.12909 47.77737 129.88907 90.14496 -3.390771 179.30862 42.93388 72.6069 72.75984 107.52887 856.5716 
174.5 1161.8215 37.354115 165.9852 -266.5018 10.609312 26.578545 155.49338 22.13602 96.345184 -102.93036 -14.328329 -78.594284 -72.419914 63.707806 229.67885 779.5463 
175.5 1207.8094 -32.138275 120.89677 -309.2411 83.082115 5.3838253 234.64696 10.853901 246.84607 -140.23796 12.695487 -90.576035 -147.88806 79.957565 211.42366 880.76953 
176.5 1229.4205 -15.348427 43.339725 -358.3889 230.78279 144.48244 72.8254 20.346466 243.6013 13.710613 152.91138 -137.32367 -154.95692 -30.842096 228.28857 834.48517 
177.5 1244.5807 -43.740646 -44.14126 -401.62543 80.6636 185.15018 -106.78361 -150.37506 86.13858 44.88073 110.078804 -246.44177 -21.859991 -192.7557 179.16531 713.2232 
178.5 1508.6647 -86.62204 -63.660915 -201.38315 -87.90277 45.26369 -84.54266 -215.791 -11.545787 -25.088924 34.99006 -191.88821 164.10664 -179.74399 52.811058 1016.72015 
179.5 1876.6324 -19.284496 -12.040753 69.81922 -24.521992 -101.22704 8.839935 -41.994217 -5.3990912 9.977436 102.62305 -29.984728 203.76855 -30.310196 1.9306812 1573.4652 
