0.25 32252806 0 0 -0.15614104 0 32252760 -0.15341187 0 0 0.15341187 32252760 0 -0.15614104 0 0 32252806 
0.75 26768964 0 0 -0.025618441 0 26768550 63.99469 0 0 -63.99469 26768550 0 -0.025618441 0 0 26768964 
1.25 18168254 0 0 -0.07111265 0 18167384 344.15552 0 0 -344.15552 18167384 0 -0.07111265 0 0 18168254 
1.75 9729426 0 0 -0.10646438 0 9728250 704.86566 0 0 -704.86566 9728250 0 -0.10646438 0 0 9729426 
2.25 3822453.3 0 0 -0.014899959 0 3821223 648.84625 0 0 -648.84625 3821223 0 -0.014899959 0 0 3822453.3 
2.75 974975.4 -0.000009167102 0 0.0043767616 0.0000038657436 973800.94 -48.794544 0 0 48.794544 973800.94 0 0.0043767616 0 0 974975.4 
3.25 249449.69 0.00013627062 0 0.01986171 -0.00013562149 248288.22 -800.8759 0 0 800.8759 248288.22 0 0.01986171 0 0 249449.69 
3.75 336074.3 0 0 0.011297231 -0.000008788431 334866.63 -690.8242 0 0 690.8242 334866.63 0 0.011297231 0 0 336074.3 
4.25 417642.5 -0.00006817692 0 -0.009156929 0.00006817692 416449.13 383.89435 0 0 -383.89435 416449.13 0 -0.009156929 0 0 417642.5 
4.75 325557.28 0 0 0.056310013 0 324538.13 1330.5359 0 0 -1330.5359 324538.13 0 0.056310013 0 0 325557.28 
5.25 197666.66 0.000017033828 0 -0.07442224 -0.000018153187 196938.33 950.5721 0 0 -950.5721 196938.33 0 -0.07442224 0 0 197666.66 
5.75 132741.28 -0.000000033289513 0 -0.02151831 0.0000015646071 132262.03 -611.8044 0 0 611.8044 132262.03 0 -0.02151831 0 0 132741.28 
6.25 109669.55 -0.0000043234754 0 -0.009315196 0.0000063291686 109267.21 -1814.4684 0 0 1814.4684 109267.21 0 -0.009315196 0 0 109669.55 
6.75 83529.22 0.000010613701 0 -0.000020732426 -0.000014420013 83039.71 -1308.7607 0 0 1308.7607 83039.71 0 -0.000020732426 0 0 83529.22 
7.25 55482.56 0.0000020805946 0 -0.0126314415 -0.0000024800688 54873.055 533.04034 0 0 -533.04034 54873.055 0 -0.0126314415 0 0 55482.56 
7.75 47515.57 0.000001004668 0 -0.0009165265 -0.000019052262 46890.445 1910.7745 0 0 -1910.7745 46890.445 0 -0.0009165265 0 0 47515.57 
8.25 56634.293 -0.0000026647215 0 -0.0163024 0.00001119932 56130.703 1456.7113 0 0 -1456.7113 56130.703 0 -0.0163024 0 0 56634.293 
8.75 58639.207 0.0000000871249 0 -0.0014777939 -0.00000083249785 58305.824 -348.39844 0 0 348.39844 58305.824 0 -0.0014777939 0 0 58639.207 
9.25 42747.39 0.00000012691626 0 -0.0058433698 0.0000031895515 42505.09 -1709.9432 0 0 1709.9432 42505.09 0 -0.0058433698 0 0 42747.39 
9.75 22642.559 0.0000022314375 0 -0.011623615 -0.000004168471 22354.549 -1371.2329 0 0 1371.2329 22354.549 0 -0.011623615 0 0 22642.559 
10.25 14527.456 0.000004569571 0 -0.013557931 -0.000009861434 14115.8545 198.23041 0 0 -198.23041 14115.8545 0 -0.013557931 0 0 14527.456 
10.75 17723.74 0.000000052279006 0 -0.016451394 0.00000023533883 17232.139 1419.0569 0 0 -1419.0569 17232.139 0 -0.016451394 0 0 17723.74 
11.25 20927.813 -0.0000040474106 0 -0.0133679435 0.000002315113 20477.363 1225.0804 0 0 -1225.0804 20477.363 0 -0.0133679435 0 0 20927.813 
11.75 18795.295 -0.00000038647045 0 -0.0067407154 -0.000009308061 18475.79 -11.092302 0 0 11.092302 18475.79 0 -0.0067407154 0 0 18795.295 
12.25 15247.891 -0.0000000014690136 0 -0.0000754106 0.0000002669277 15042.517 -1039.3998 0 0 1039.3998 15042.517 0 -0.0000754106 0 0 15247.891 
12.75 14063.376 -0.0000009601944 0 -0.0021490501 0.0000011495284 13871.508 -1014.68713 0 0 1014.68713 13871.508 0 -0.0021490501 0 0 14063.376 
13.25 13506.09 0.0000002638454 0 0.0005104641 -0.00000012522578 13236.633 -176.20714 0 0 176.20714 13236.633 0 0.0005104641 0 0 13506.09 
13.75 10941.565 -0.000004266259 0 -0.0054895305 -0.0000004462876 10588.927 590.105 0 0 -590.105 10588.927 0 -0.0054895305 0 0 10941.565 
14.25 7661.5283 0.000008466135 0 -0.0030112872 -0.000009791082 7300.041 676.1988 0 0 -676.1988 7300.041 0 -0.0030112872 0 0 7661.5283 
14.75 6494.798 -0.000004240447 0 -0.0015222541 0.0000035033968 6205.246 212.57764 0 0 -212.57764 6205.246 0 -0.0015222541 0 0 6494.798 
15.25 7294.7876 -0.000001144067 0 0.00022712602 0.0000005370535 7093.4937 -244.43198 0 0 244.43198 7093.4937 0 0.00022712602 0 0 7294.7876 
15.75 7609.173 0.0000005923843 0 0.0008397454 -0.0000000949922 7440.346 -320.75986 0 0 320.75986 7440.346 0 0.0008397454 0 0 7609.173 
16.25 6643.889 0.0000005154673 0 0.0013760682 0.000000265796 6436.5913 -96.87137 0 0 96.87137 6436.5913 0 0.0013760682 0 0 6643.889 
16.75 5926.1323 -0.0000021453693 0 0.0028726486 -0.0000043539208 5661.0273 108.36463 0 0 -108.36463 5661.0273 0 0.0028726486 0 0 5926.1323 
17.25 6193.7646 0.0000011323635 0 0.001737085 -0.000005450637 5917.426 101.4865 0 0 -101.4865 5917.426 0 0.001737085 0 0 6193.7646 
17.75 6012.536 0.0000005289263 0 0.00014428854 0.0000000004557107 5786.209 -47.537754 0 0 47.537754 5786.209 0 0.00014428854 0 0 6012.536 
18.25 4283.0728 0.00000006488853 0 -0.0014512474 -0.0000010960837 4116.969 -143.72331 0 0 143.72331 4116.969 0 -0.0014512474 0 0 4283.0728 
18.75 2366.844 -0.00000052046613 0 -0.00075917126 0.0000010025288 2208.645 -74.76061 0 0 74.76061 2208.645 0 -0.00075917126 0 0 2366.844 
19.25 2311.7175 -0.00000030065678 0 -0.00035506254 0.0000001682571 2103.4202 102.349556 0 0 -102.349556 2103.4202 0 -0.00035506254 0 0 2311.7175 
19.75 3868.9622 -0.0000065602126 0 0.0011274959 0.000008629037 3611.9514 226.05435 0 0 -226.05435 3611.9514 0 0.0011274959 0 0 3868.9622 
20.25 4794.1045 0.0000025303807 0 0.00080626376 -0.0000018269042 4550.1465 169.71939 0 0 -169.71939 4550.1465 0 0.00080626376 0 0 4794.1045 
20.75 3895.9656 0.0000019323038 0 0.00029794147 -0.000002377713 3721.4336 -45.043808 0 0 45.043808 3721.4336 0 0.00029794147 0 0 3895.9656 
21.25 2396.5327 0.0000004619149 0 0.0040573464 -0.0000022316747 2281.8318 -248.56932 0 0 248.56932 2281.8318 0 0.0040573464 0 0 2396.5327 
21.75 1955.2659 0.00000043076463 0 -0.0007768994 0.0000003855117 1834.7488 -258.6667 0 0 258.6667 1834.7488 0 -0.0007768994 0 0 1955.2659 
22.25 2498.4885 0.00000023783468 0 -0.00075009867 0.0000022665447 2316.9143 -50.968636 0 0 50.968636 2316.9143 0 -0.00075009867 0 0 2498.4885 
22.75 2767.0625 0.00000012399035 0 -0.007499501 -0.0000013979644 2530.1707 202.35959 0 0 -202.35959 2530.1707 0 -0.007499501 0 0 2767.0625 
23.25 2284.3748 0.0000020753362 0 -0.00037701943 -0.0000010923691 2046.4126 284.0637 0 0 -284.0637 2046.4126 0 -0.00037701943 0 0 2284.3748 
23.75 1766.0256 0.000002977916 0 -0.00062120473 -0.0000035083383 1576.9761 132.97366 0 0 -132.97366 1576.9761 0 -0.00062120473 0 0 1766.0256 
24.25 1772.7345 0.0000013278744 0 0.0034835867 -0.0000010594779 1640.2495 -107.07307 0 0 107.07307 1640.2495 0 0.0034835867 0 0 1772.7345 
24.75 1928.6663 -0.000000007972906 0 -0.00008010471 -0.0000008798071 1821.0254 -232.44923 0 0 232.44923 1821.0254 0 -0.00008010471 0 0 1928.6663 
25.25 1729.9269 0.00000027873466 0 0.0001418004 -0.00000012987464 1604.6987 -161.91069 0 0 161.91069 1604.6987 0 0.0001418004 0 0 1729.9269 
25.75 1404.6487 0.0000001350355 0 0.00016610094 -0.0000008055235 1237.1908 17.026566 0 0 -17.026566 1237.1908 0 0.00016610094 0 0 1404.6487 
26.25 1454.8572 0.0000010588775 0 -0.00016115051 0.0000008430157 1252.854 151.42427 0 0 -151.42427 1252.854 0 -0.00016115051 0 0 1454.8572 
26.75 1753.5603 0.00000004070163 0 -0.0010846156 0.00000058009584 1551.9723 153.22879 0 0 -153.22879 1551.9723 0 -0.0010846156 0 0 1753.5603 
27.25 1703.1631 0.00000003098236 0 -0.0006265238 0.0000011520409 1538.9219 46.704666 0 0 -46.704666 1538.9219 0 -0.0006265238 0 0 1703.1631 
27.75 1182.9535 -0.000000000109702136 0 -0.0007561925 -0.00000039672304 1064.0427 -75.55174 0 0 75.55174 1064.0427 0 -0.0007561925 0 0 1182.9535 
28.25 777.9092 0.0000013343056 0 -0.0044337986 -0.0000023982159 674.6628 -128.82664 0 0 128.82664 674.6628 0 -0.0044337986 0 0 777.9092 
28.75 940.58673 0.0000003952398 0 -0.00010890292 -0.0000014788558 811.96484 -88.53384 0 0 88.53384 811.96484 0 -0.00010890292 0 0 940.58673 
29.25 1361.5597 0.0000000068188237 0 0.00031951693 0.0000005118182 1192.7997 4.5600853 0 0 -4.5600853 1192.7997 0 0.00031951693 0 0 1361.5597 
29.75 1444.0907 0.0000012682972 0 0.00014069454 -0.0000017823749 1257.6494 80.473145 0 0 -80.473145 1257.6494 0 0.00014069454 0 0 1444.0907 
30.25 1117.6256 -0.00000016385064 0 0.00053099287 0.0000022467784 948.2766 90.68378 0 0 -90.68378 948.2766 0 0.00053099287 0 0 1117.6256 
30.75 824.09436 -0.000000027268182 0 0.00029254274 -0.0000010712065 687.608 38.607105 0 0 -38.607105 687.608 0 0.00029254274 0 0 824.09436 
31.25 820.9495 0.00000022301373 0 -0.000007926389 -0.00000013900977 707.2448 -30.162678 0 0 30.162678 707.2448 0 -0.000007926389 0 0 820.9495 
31.75 885.729 0.000000002415847 0 -0.0002709217 0.0000001390849 774.81036 -66.67017 0 0 66.67017 774.81036 0 -0.0002709217 0 0 885.729 
32.25 769.89215 0.00000036107855 0 0.00008512869 -0.0000010459236 647.1227 -53.84877 0 0 53.84877 647.1227 0 0.00008512869 0 0 769.89215 
32.75 610.7734 0.000000011210321 0 0.00035500055 0.00000062674127 469.9569 -11.825156 0 0 11.825156 469.9569 0 0.00035500055 0 0 610.7734 
33.25 678.0715 -0.00000009447102 0 0.00038979301 0.0000010826254 520.7546 25.784422 0 0 -25.784422 520.7546 0 0.00038979301 0 0 678.0715 
33.75 907.076 0.000000016839813 0 0.00048193766 -0.00000040649624 744.4926 39.615196 0 0 -39.615196 744.4926 0 0.00048193766 0 0 907.076 
34.25 964.0202 -0.0000005197561 0 0.00057287543 0.0000007838666 814.1481 32.160595 0 0 -32.160595 814.1481 0 0.00057287543 0 0 964.0202 
34.75 733.5846 -0.0000000051110702 0 0.00036349075 -0.0000014016452 608.11786 15.161521 0 0 -15.161521 608.11786 0 0.00036349075 0 0 733.5846 
35.25 483.58167 -0.00000017148703 0 0.0002959088 0.00000018065363 376.69714 -3.0601585 0 0 3.0601585 376.69714 0 0.0002959088 0 0 483.58167 
35.75 475.95975 0.0000005813068 0 0.00029224152 -0.0000014739305 369.67944 -17.336014 0 0 17.336014 369.67944 0 0.00029224152 0 0 475.95975 
36.25 616.6923 0.00000010807736 0 0.00025067068 0.00000016503361 497.79196 -21.630655 0 0 21.630655 497.79196 0 0.00025067068 0 0 616.6923 
36.75 638.9559 -0.00000020653965 0 -0.00024619623 -0.0000004451578 507.51868 -13.902775 0 0 13.902775 507.51868 0 -0.00024619623 0 0 638.9559 
37.25 506.36984 -0.000000051957976 0 -0.00020623325 0.0000010962051 368.44107 -2.5814586 0 0 2.5814586 368.44107 0 -0.00020623325 0 0 506.36984 
37.75 434.67377 0.000000601617 0 -0.00041503136 0.0000007020137 292.97665 0.7024151 0 0 -0.7024151 292.97665 0 -0.00041503136 0 0 434.67377 
38.25 538.00446 -0.00000048619273 0 -0.00064480375 0.00000036802132 394.0073 -3.5366964 0 0 3.5366964 394.0073 0 -0.00064480375 0 0 538.00446 
38.75 653.14233 0.000000007884519 0 -0.0008101433 0.000002502631 513.8217 -2.408107 0 0 2.408107 513.8217 0 -0.0008101433 0 0 653.14233 
39.25 590.60846 -0.000000004880204 0 -0.0008335582 -0.0000010377978 465.6362 10.731664 0 0 -10.731664 465.6362 0 -0.0008335582 0 0 590.60846 
39.75 415.5212 -0.0000011180967 0 -0.00071638625 0.00000173908 306.4739 24.97214 0 0 -24.97214 306.4739 0 -0.00071638625 0 0 415.5212 
40.25 343.12778 0.0000011478061 0 -0.0007129948 -0.00000076868133 240.16115 25.635798 0 0 -25.635798 240.16115 0 -0.0007129948 0 0 343.12778 
40.75 423.51828 -0.000000001972543 0 -0.00040510285 0.0000010391049 314.91397 13.158633 0 0 -13.158633 314.91397 0 -0.00040510285 0 0 423.51828 
41.25 485.94986 0.00000003099202 0 -0.00046696878 -0.00000032111603 367.69196 -0.7488085 0 0 0.7488085 367.69196 0 -0.00046696878 0 0 485.94986 
41.75 404.63333 -0.000000026398858 0 -0.00038171865 0.00000020298666 278.4934 -11.488553 0 0 11.488553 278.4934 0 -0.00038171865 0 0 404.63333 
42.25 279.51376 0.00000025437703 0 -0.00013858004 -0.00000071547265 145.96736 -23.832336 0 0 23.832336 145.96736 0 -0.00013858004 0 0 279.51376 
42.75 278.59882 0.00000031955415 0 0.00013112558 0.00000062566164 137.22467 -35.514595 0 0 35.514595 137.22467 0 0.00013112558 0 0 278.59882 
43.25 393.50903 0.0000001198216 0 0.00006115302 0.00000070498896 249.46646 -32.613003 0 0 32.613003 249.46646 0 0.00006115302 0 0 393.50903 
43.75 462.64145 -0.0000000083556495 0 0.00018948207 -0.00000016257972 326.71207 -8.85396 0 0 8.85396 326.71207 0 0.00018948207 0 0 462.64145 
44.25 405.34024 0.00000021893786 0 0.0005324705 -0.0000010971032 284.49332 20.387716 0 0 -20.387716 284.49332 0 0.0005324705 0 0 405.34024 
44.75 318.86914 -0.00000016671576 0 -0.0014937853 -0.0000006269823 209.3663 34.062202 0 0 -34.062202 209.3663 0 -0.0014937853 0 0 318.86914 
45.25 319.1966 0.0000000720679 0 0.00080534816 -0.00000037364262 211.31854 29.626673 0 0 -29.626673 211.31854 0 0.00080534816 0 0 319.1966 
45.75 377.27316 0.00000057366697 0 0.00094576733 -0.0000002639917 264.63754 19.842512 0 0 -19.842512 264.63754 0 0.00094576733 0 0 377.27316 
46.25 378.09924 0.00000004678011 0 0.00072123593 0.00000052884303 259.60593 9.548886 0 0 -9.548886 259.60593 0 0.00072123593 0 0 378.09924 
46.75 292.6989 -0.000000056566165 0 0.0005625228 0.00000010233928 167.61072 -9.001719 0 0 9.001719 167.61072 0 0.0005625228 0 0 292.6989 
47.25 212.49669 0.00000011937107 0 0.00049802556 -0.0000005240529 78.666954 -35.213646 0 0 35.213646 78.666954 0 0.00049802556 0 0 212.49669 
47.75 217.82996 0.00000002244157 0 0.00047663768 0.00000015593892 75.96024 -50.452377 0 0 50.452377 75.960236 0 0.00047663768 0 0 217.82996 
48.25 278.99127 -0.000000018908223 0 0.0003605204 0.00000067750585 134.94633 -40.043694 0 0 40.043694 134.94633 0 0.0003605204 0 0 278.99127 
48.75 311.8664 -0.00000046842246 0 0.00012967587 0.0000009368974 171.96019 -15.216238 0 0 15.216238 171.96019 0 0.00012967587 0 0 311.8664 
49.25 287.77744 0.00000011884483 0 -0.00015983949 -0.00000028063337 153.12045 0.47827873 0 0 -0.47827873 153.12045 0 -0.00015983949 0 0 287.77744 
49.75 250.50423 0.00000020025878 0 0.00003900003 0.00000015425817 117.93936 1.9771072 0 0 -1.9771072 117.93936 0 0.00003900003 0 0 250.50423 
50.25 244.32117 0.00000004884632 0 -0.00022408967 0.0000006195143 111.48744 5.057279 0 0 -5.057279 111.48744 0 -0.00022408967 0 0 244.32117 
50.75 263.0692 0.00000005032464 0 -0.00044810734 -0.0000001686417 129.87337 17.714281 0 0 -17.714281 129.87337 0 -0.00044810734 0 0 263.0692 
51.25 271.51102 0.0000005947748 0 -0.00072773744 -0.00000044916362 137.19037 25.611444 0 0 -25.611444 137.19037 0 -0.00072773744 0 0 271.51102 
51.75 250.73476 -0.00000015776354 0 -0.0007538867 0.000000010114513 112.72684 14.515445 0 0 -14.515445 112.72684 0 -0.0007538867 0 0 250.73476 
52.25 212.98512 -0.00000008276077 0 -0.00056538684 0.0000000048192272 69.84354 -5.133218 0 0 5.133218 69.84354 0 -0.00056538684 0 0 212.98512 
52.75 185.64677 -0.000000026916158 0 -0.00022846305 -0.00000027321474 38.74713 -10.445229 0 0 10.445229 38.74713 0 -0.00022846305 0 0 185.64677 
53.25 188.27188 -0.000000096991506 0 0.00004238507 -0.00000028370866 38.752373 1.9306004 0 0 -1.9306004 38.752373 0 0.00004238507 0 0 188.27188 
53.75 216.02762 -0.000000017579922 0 0.0004646031 -0.00000008389885 61.504288 11.47038 0 0 -11.47038 61.504288 0 0.0004646031 0 0 216.02762 
54.25 240.27768 -0.00000009595779 0 0.00058164285 -0.00000033265792 76.776726 3.5661001 0 0 -3.5661001 76.776726 0 0.00058164285 0 0 240.27766 
54.75 234.63483 -0.00000029150317 0 0.0006877619 -0.0000004470906 61.08098 -10.1922035 0 0 10.1922035 61.08097 0 0.0006877619 0 0 234.63483 
55.25 206.66046 -0.00000010966041 0 0.0008748536 -0.00000029849068 24.986986 -9.887575 0 0 9.887575 24.986988 0 0.0008748536 0 0 206.66046 
55.75 194.20378 -0.00000011955599 0 0.00051732507 0.00000057809336 4.9081063 3.9823213 0 0 -3.9823213 4.9081025 0 0.00051732507 0 0 194.20378 
56.25 220.63019 -0.00000033492418 0 0.00046618935 -0.0000008647955 20.938494 12.217258 0 0 -12.217258 20.938494 0 0.00046618935 0 0 220.63019 
56.75 261.56815 0.00000019230413 0 0.000063831256 -0.0000007209469 49.75987 4.79748 0 0 -4.79748 49.75987 0 0.000063831256 0 0 261.56815 
57.25 270.7803 0.00000014386478 0 0.00052495947 0.00000089667435 50.66388 -5.8806014 0 0 5.8806014 50.663876 0 0.00052495947 0 0 270.7803 
57.75 237.27306 -0.00000025585888 0 -0.00042433804 -0.00000008928944 16.04845 -3.6876936 0 0 3.6876936 16.048447 0 -0.00042433804 0 0 237.27306 
58.25 200.10683 -0.00000002707984 0 -0.0004841105 0.0000005882053 -17.710123 8.996471 0 0 -8.996471 -17.710127 0 -0.0004841105 0 0 200.10681 
58.75 199.57918 -0.00000026957446 0 -0.0003336393 0.00000039764623 -14.415605 16.0953 0 0 -16.0953 -14.415605 0 -0.0003336393 0 0 199.57918 
59.25 226.95164 0.00000014464224 0 -0.0004975631 0.000000164863 18.333614 10.332146 0 0 -10.332146 18.333614 0 -0.0004975631 0 0 226.95164 
59.75 236.75027 0.00000023462383 0 -0.00018055912 0.0000004296796 40.506207 1.2645403 0 0 -1.2645403 40.506207 0 -0.00018055912 0 0 236.75027 
60.25 204.05525 0.0000004768249 0 -0.00022691407 0.00000042961935 29.443615 0.23526289 0 0 -0.23526289 29.443615 0 -0.00022691407 0 0 204.05525 
60.75 153.34459 0.00000025516556 0 -0.00011743064 0.00000012481952 5.0039563 5.6302876 0 0 -5.6302876 5.0039563 0 -0.00011743064 0 0 153.34459 
61.25 126.00841 -0.0000002914565 0 -0.0001005691 -0.00000006743502 2.1567872 7.8738046 0 0 -7.8738046 2.1567872 0 -0.0001005691 0 0 126.00841 
61.75 131.59836 -0.000000029103957 0 -0.000021814953 -0.00000008762066 29.0926 3.995358 0 0 -3.995358 29.092598 0 -0.000021814953 0 0 131.59836 
62.25 142.32007 -0.00000012235941 0 0.000027964767 0.00000002134794 61.295834 0.28861418 0 0 -0.28861418 61.295834 0 0.000027964767 0 0 142.32007 
62.75 130.8889 -0.000000018608015 0 0.00006335165 0.00000018932141 72.84491 1.3689783 0 0 -1.3689783 72.84491 0 0.00006335165 0 0 130.8889 
63.25 100.91564 -0.000000013809844 0 0.00012296932 -0.000000016296804 63.33999 3.3058338 0 0 -3.3058338 63.33999 0 0.00012296932 0 0 100.91564 
63.75 76.58212 0.000000017248718 0 0.00014873638 0.00000005892968 51.779705 0.5403493 0 0 -0.5403493 51.779705 0 0.00014873638 0 0 76.58212 
64.25 71.80857 -0.000000014725483 0 0.00011061244 0.000000057461396 51.795963 -4.708745 0 0 4.708745 51.795963 0 0.00011061244 0 0 71.80857 
64.75 78.3522 0.000000032447097 0 0.00008958839 -0.000000014968718 59.807304 -4.9929824 0 0 4.9929824 59.807304 0 0.00008958839 0 0 78.3522 
65.25 81.41566 0.000000045796305 0 0.0000154192 0.0000001549747 65.02217 1.3272946 0 0 -1.3272946 65.02217 0 0.0000154192 0 0 81.41566 
65.75 77.461334 -0.0000000006474552 0 -0.000047080313 0.000000022637321 63.409004 6.5133195 0 0 -6.5133195 63.409004 0 -0.000047080313 0 0 77.461334 
66.25 72.99278 0.00000014545799 0 -0.000047710604 0.00000006967877 58.827175 3.0897129 0 0 -3.0897129 58.827175 0 -0.000047710604 0 0 72.99278 
66.75 71.5928 0.00000000025151867 0 -0.000037341968 -0.000000073577056 54.797955 -5.8227706 0 0 5.8227706 54.79796 0 -0.000037341968 0 0 71.5928 
67.25 69.28595 -0.0000000025249625 0 -0.00001983236 -0.000000077085 50.593925 -9.405355 0 0 9.405355 50.593925 0 -0.00001983236 0 0 69.28595 
67.75 62.754967 -0.00000012732824 0 0.00001527972 0.000000156931 45.52648 -2.189304 0 0 2.189304 45.52648 0 0.00001527972 0 0 62.754967 
68.25 56.426155 0.00000013662715 0 0.000019593572 -0.00000011915544 42.800716 8.8211 0 0 -8.8211 42.800716 0 0.000019593572 0 0 56.426155 
68.75 57.39969 -0.00000012751109 0 0.00003749468 0.0000001339774 46.022793 11.75698 0 0 -11.75698 46.022793 0 0.00003749468 0 0 57.39969 
69.25 65.038124 0.0000000010849982 0 -0.0000030099886 -0.000000013389768 53.014763 3.228095 0 0 -3.228095 53.014763 0 -0.0000030099886 0 0 65.03813 
69.75 69.735954 0.0000001341111 0 0.00000728786 0.000000008113233 56.178005 -8.024546 0 0 8.024546 56.178005 0 0.00000728786 0 0 69.735954 
70.25 63.534542 0.000000010843117 0 0.000017982558 -0.00000000859848 50.341503 -10.829561 0 0 10.829561 50.341503 0 0.000017982558 0 0 63.534542 
70.75 49.990658 -0.00000002501228 0 0.0000038630433 0.000000009512587 39.12259 -3.259275 0 0 3.259275 39.12259 0 0.0000038630433 0 0 49.990658 
71.25 41.226112 0.000000013660127 0 0.000013292032 0.00000008360387 31.978848 6.289266 0 0 -6.289266 31.978848 0 0.000013292032 0 0 41.226112 
71.75 45.17374 -0.000000066744555 0 0.000008207582 0.00000007740166 34.783497 8.61432 0 0 -8.61432 34.783497 0 0.000008207582 0 0 45.17374 
72.25 57.208916 0.00000024988623 0 0.000010894136 -0.00000024688825 44.04579 2.7798169 0 0 -2.7798169 44.04579 0 0.000010894136 0 0 57.20891 
72.75 65.08502 -0.0000000048296607 0 0.000017862889 0.00000001183186 50.691845 -4.3434114 0 0 4.3434114 50.691845 0 0.000017862889 0 0 65.08502 
73.25 61.369625 -0.0000000013388831 0 0.00004427865 -0.000000031361218 48.99617 -6.083225 0 0 6.083225 48.99617 0 0.00004427865 0 0 61.369625 
73.75 50.168407 0.000000048353023 0 0.00006221142 0.0000000098472945 41.395454 -2.2552896 0 0 2.2552896 41.395454 0 0.00006221142 0 0 50.168407 
74.25 41.97583 -0.000000004090303 0 0.0000879962 0.00000005987883 35.037933 2.1568685 0 0 -2.1568685 35.037933 0 0.0000879962 0 0 41.975834 
74.75 43.048786 -0.00000007498796 0 0.00007918986 0.00000011211114 34.54351 3.1114237 0 0 -3.1114237 34.54351 0 0.00007918986 0 0 43.048786 
75.25 50.263878 -0.0000000010310268 0 0.0000356825 0.00000003395608 38.402428 1.3068261 0 0 -1.3068261 38.402428 0 0.0000356825 0 0 50.263878 
75.75 55.55367 0.000000005417611 0 0.000008912922 -0.00000023369229 41.704 0.25816548 0 0 -0.25816548 41.704 0 0.000008912922 0 0 55.55367 
76.25 54.216434 -0.000000060738465 0 -0.000004336514 0.00000019345168 41.406723 1.7194374 0 0 -1.7194374 41.406723 0 -0.000004336514 0 0 54.216434 
76.75 48.640766 -0.00000000040103243 0 -0.000013092665 0.0000000046988715 38.69867 3.7403498 0 0 -3.7403498 38.69867 0 -0.000013092665 0 0 48.640766 
77.25 44.75197 0.000000004909029 0 -0.000020783596 -0.000000042686597 36.844017 3.1279895 0 0 -3.1279895 36.844017 0 -0.000020783596 0 0 44.75197 
77.75 45.743504 -0.000000024339103 0 -0.00000989008 -0.00000003600183 37.46934 -0.7258515 0 0 0.7258515 37.46934 0 -0.00000989008 0 0 45.743504 
78.25 49.381477 0.000000104924645 0 -0.000004111132 -0.00000004517075 39.119225 -4.802219 0 0 4.802219 39.119225 0 -0.000004111132 0 0 49.381477 
78.75 50.784092 0.0000000039905834 0 -0.0000027255749 0.00000005897801 39.03878 -5.1908007 0 0 5.1908007 39.03878 0 -0.0000027255749 0 0 50.784092 
79.25 47.296806 -0.0000000019130955 0 0.000002471978 -0.00000020225313 35.99044 -0.82614756 0 0 0.82614756 35.99044 0 0.000002471978 0 0 47.296806 
79.75 40.76724 0.00000000011368706 0 0.000007802347 -0.00000004220529 31.361244 5.326931 0 0 -5.326931 31.361244 0 0.000007802347 0 0 40.76724 
80.25 35.591194 -0.000000002948218 0 -0.000021153037 0.00000015817088 27.819479 8.62103 0 0 -8.62103 27.819479 0 -0.000021153037 0 0 35.591194 
80.75 34.79477 0.000000019283341 0 -0.000048968428 -0.000000034795864 27.022053 6.4313397 0 0 -6.4313397 27.022053 0 -0.000048968428 0 0 34.79477 
81.25 37.69955 0.00000002268658 0 -0.0000663299 0.000000026435025 28.412212 0.102406554 0 0 -0.102406554 28.412212 0 -0.0000663299 0 0 37.69955 
81.75 40.841568 -0.0000000004998303 0 -0.000067385765 -0.00000005495891 29.902184 -6.2341604 0 0 6.2341604 29.902184 0 -0.000067385765 0 0 40.841568 
82.25 40.958878 0.0000000039708 0 -0.00004249041 0.000000025315183 29.62746 -8.751178 0 0 8.751178 29.62746 0 -0.00004249041 0 0 40.958874 
82.75 37.438244 0.000000043507427 0 -0.000018444613 -0.000000047230067 27.27545 -6.4388328 0 0 6.4388328 27.27545 0 -0.000018444613 0 0 37.438244 
83.25 32.4707 0.0000000011742325 0 0.000025421163 0.000000069126784 24.096737 -1.3559262 0 0 1.3559262 24.096737 0 0.000025421163 0 0 32.4707 
83.75 29.152128 0.00000007700321 0 0.000054887314 -0.00000006109627 21.818928 3.17787 0 0 -3.17787 21.818928 0 0.000054887314 0 0 29.152128 
84.25 29.214258 0.00000003115209 0 0.000068890746 0.000000009639074 21.419489 4.8650904 0 0 -4.8650904 21.419489 0 0.000068890746 0 0 29.214258 
84.75 32.028988 0.00000000384167 0 0.000038513597 0.0000000541051 22.61796 3.59985 0 0 -3.59985 22.61796 0 0.000038513597 0 0 32.028988 
85.25 35.355183 0.0000000012254469 0 0.000015955233 -0.00000005938812 24.289007 1.0074288 0 0 -1.0074288 24.289007 0 0.000015955233 0 0 35.355183 
85.75 37.01589 -0.0000000014231704 0 -0.000005474141 0.00000015613625 25.328957 -0.9846604 0 0 0.9846604 25.328957 0 -0.000005474141 0 0 37.01589 
86.25 36.235954 -0.00000006937248 0 -0.000004328045 -0.000000042511672 25.310043 -1.4113789 0 0 1.4113789 25.310043 0 -0.000004328045 0 0 36.235954 
86.75 33.839966 -0.0000000013859625 0 0.000014027528 0.00000011492022 24.541716 -0.61645657 0 0 0.61645657 24.541716 0 0.000014027528 0 0 33.839966 
87.25 31.41433 0.000000017257035 0 0.000023822447 -0.000000030243108 23.639837 0.31476006 0 0 -0.31476006 23.639837 0 0.000023822447 0 0 31.41433 
87.75 30.17538 -0.000000002874307 0 0.000027864133 0.0000001065357 23.00887 0.45739388 0 0 -0.45739388 23.00887 0 0.000027864133 0 0 30.17538 
88.25 30.311285 -0.000000044410292 0 -0.00002603732 0.000000056457907 22.608923 -0.35724992 0 0 0.35724992 22.608923 0 -0.00002603732 0 0 30.311285 
88.75 31.082846 0.00000006039923 0 -0.0000386287 -0.00000015637983 22.089151 -1.5486022 0 0 1.5486022 22.089151 0 -0.0000386287 0 0 31.082846 
89.25 31.45839 -0.000000015630393 0 -0.00005301319 -0.000000011296496 21.12029 -2.2599022 0 0 2.2599022 21.12029 0 -0.00005301319 0 0 31.45839 
89.75 30.778904 -0.0000000005256091 0 0.028499195 -0.00000013483775 19.653204 -1.9218179 0 0 1.9218179 19.653204 0 0.028499195 0 0 30.778904 
90.5 28.02124 0.000000044220002 0 -0.0004750827 0.000000009044977 17.177721 0.39588732 0 0 -0.39588732 17.177721 0 -0.0004750827 0 0 28.021236 
91.5 24.60199 -0.0000000013793192 0 -0.000009572376 -0.00000003802643 15.3987255 3.5100753 0 0 -3.5100753 15.3987255 0 -0.000009572376 0 0 24.60199 
92.5 24.741795 -0.0000000082822496 0 0.000010911619 -0.000000000587836 15.986574 2.947612 0 0 -2.947612 15.986574 0 0.000010911619 0 0 24.741795 
93.5 26.513266 0.00000000045068546 0 0.000023434512 -0.00000003754886 16.758112 -0.33359784 0 0 0.33359784 16.758112 0 0.000023434512 0 0 26.513266 
94.5 26.68695 -0.000000082700694 0 0.0000052963937 0.00000011476888 16.115908 -2.8722103 0 0 2.8722103 16.115908 0 0.0000052963937 0 0 26.68695 
95.5 25.731867 -0.000000035528938 0 -0.000006863491 -0.000000043477954 15.276992 -2.9782398 0 0 2.9782398 15.276992 0 -0.000006863491 0 0 25.731867 
96.5 25.504116 -0.000000016361062 0 0.000011034499 -0.000000069083 15.472115 -1.3240857 0 0 1.3240857 15.472115 0 0.000011034499 0 0 25.504116 
97.5 25.10856 -0.000000016388666 0 0.000019775152 -0.00000008564158 15.226111 0.4705834 0 0 -0.4705834 15.226111 0 0.000019775152 0 0 25.10856 
98.5 22.977018 0.000000033453382 0 -0.00001623571 -0.00000004386184 13.080259 1.162657 0 0 -1.162657 13.080259 0 -0.00001623571 0 0 22.977018 
99.5 20.542534 -0.0000000022459898 0 0.00020452008 -0.0000000064661 10.544403 0.96734726 0 0 -0.96734726 10.544403 0 0.00020452008 0 0 20.542534 
100.5 20.072573 -0.0000000024535627 0 -0.000004871478 -0.000000005767478 9.708407 1.0695395 0 0 -1.0695395 9.708407 0 -0.000004871478 0 0 20.072573 
101.5 20.564774 -0.000000001172906 0 -0.000018494691 -0.000000013120071 9.806488 1.5089554 0 0 -1.5089554 9.806488 0 -0.000018494691 0 0 20.564774 
102.5 19.609861 -0.00000003119741 0 -0.0000089327605 0.00000006322531 8.860099 1.1984868 0 0 -1.1984868 8.860099 0 -0.0000089327605 0 0 19.609861 
103.5 18.003942 -0.00000000057473154 0 0.000013264661 0.00000006609548 7.372011 0.4628483 0 0 -0.4628483 7.372011 0 0.000013264661 0 0 18.003942 
104.5 17.835491 -0.000000034620932 0 0.000011004219 0.000000037029544 6.8739767 0.70899606 0 0 -0.70899606 6.8739767 0 0.000011004219 0 0 17.835491 
105.5 18.228962 0.000000067105965 0 0.0000016578985 -0.000000005456807 6.8180857 1.3654807 0 0 -1.3654807 6.8180857 0 0.0000016578985 0 0 18.228962 
106.5 17.465862 -0.000000033724817 0 0.000006735616 0.000000025864711 6.0383515 0.9631537 0 0 -0.9631537 6.0383515 0 0.000006735616 0 0 17.465862 
107.5 16.530588 -0.000000030121413 0 -0.00002270925 0.000000013198987 5.048729 0.3605706 0 0 -0.3605706 5.048729 0 -0.00002270925 0 0 16.530588 
108.5 16.919102 -0.00000000038114292 0 -0.0000140383345 0.000000009095319 4.7951527 0.6292354 0 0 -0.6292354 4.7951527 0 -0.0000140383345 0 0 16.919102 
109.5 17.284779 0.000000034734846 0 0.0000012668861 -0.000000095086804 4.39013 0.6979991 0 0 -0.6979991 4.39013 0 0.0000012668861 0 0 17.284779 
110.5 16.613937 -0.0000000059116707 0 0.000017915607 0.000000003054799 3.168569 0.30450884 0 0 -0.30450884 3.168569 0 0.000017915607 0 0 16.613937 
111.5 16.58012 0.0000000005609915 0 0.000014520914 0.00000007279676 2.6233928 0.46601373 0 0 -0.46601373 2.6233928 0 0.000014520914 0 0 16.58012 
112.5 17.00476 0.000000009284285 0 -0.000001637437 -0.00000004805601 2.6149604 0.6415256 0 0 -0.6415256 2.6149604 0 -0.000001637437 0 0 17.00476 
113.5 16.498962 -0.000000024129871 0 0.000020459142 -0.000000031249403 1.4203663 0.41338152 0 0 -0.41338152 1.4203663 0 0.000020459142 0 0 16.498962 
114.5 16.655903 -0.00000004274292 0 -0.00004928706 -0.0000000030917597 0.16123831 0.7824618 0 0 -0.7824618 0.16123807 0 -0.00004928706 0 0 16.655903 
115.5 17.86443 0.000000006689707 0 -0.00005757235 -0.000000017423549 -0.16035092 1.206784 0 0 -1.206784 -0.16035104 0 -0.00005757235 0 0 17.86443 
116.5 18.266874 0.0000000013974871 0 -0.000065186425 0.000000023936082 -0.7295202 0.7298893 0 0 -0.7298893 -0.7295202 0 -0.000065186425 0 0 18.266874 
117.5 18.78703 0.0000000048602207 0 0.000023469238 -0.00000002728892 -0.59867334 0.09637138 0 0 -0.09637138 -0.59867334 0 0.000023469238 0 0 18.78703 
118.5 19.51943 0.00000009436372 0 0.000047521447 -0.000000013420851 0.5127504 -0.7066158 0 0 0.7066158 0.51275027 0 0.000047521447 0 0 19.51943 
119.5 18.950903 0.0000000042754382 0 -0.000026289934 0.000000022603624 0.8939897 -1.7255534 0 0 1.7255534 0.89398956 0 -0.000026289934 0 0 18.950903 
120.5 18.10306 -0.00000000816807 0 -0.000010225603 0.000000009034935 1.1698756 -1.8398464 0 0 1.8398464 1.1698757 0 -0.000010225603 0 0 18.10306 
121.5 16.65796 -0.00000001952444 0 -0.0000072123494 -0.000000039009443 1.4311557 -1.4459674 0 0 1.4459674 1.4311554 0 -0.0000072123494 0 0 16.65796 
122.5 13.883886 -0.00000000015773671 0 0.000038472157 0.00000002010521 1.0228281 -1.0206288 0 0 1.0206288 1.0228281 0 0.000038472157 0 0 13.883886 
123.5 11.160031 -0.000000007770096 0 -0.000054013566 -0.000000009943392 0.87711364 -0.2674541 0 0 0.2674541 0.8771136 0 -0.000054013566 0 0 11.160031 
124.5 8.687258 -0.0000000058093685 0 -0.000043827506 -0.000000021323224 1.0024112 -0.04191311 0 0 0.04191311 1.0024114 0 -0.000043827506 0 0 8.687258 
125.5 6.936251 -0.0000000017295472 0 0.00001995287 -0.000000039430173 1.1844404 -0.1712735 0 0 0.1712735 1.1844404 0 0.00001995287 0 0 6.936251 
126.5 6.5651016 0.0000000007542081 0 0.000070290705 0.000000022364755 1.8390076 -0.27495348 0 0 0.27495348 1.8390076 0 0.000070290705 0 0 6.5651016 
127.5 6.661695 0.0000000015287007 0 0.00007124061 0.00000000008813217 2.4589312 -0.6470638 0 0 0.6470638 2.458931 0 0.00007124061 0 0 6.661695 
128.5 6.8978567 -0.0000000017203117 0 0.000024914967 -0.0000000090349035 2.5353925 -0.5220479 0 0 0.5220479 2.5353925 0 0.000024914967 0 0 6.8978567 
129.5 6.943537 -0.000000008230018 0 0.0000033361744 0.00000003658093 2.1512346 -0.19209257 0 0 0.19209257 2.1512346 0 0.0000033361744 0 0 6.943537 
130.5 6.616031 -0.0000000013370667 0 0.000009479563 -0.000000027956013 1.4421817 0.0059934035 0 0 -0.0059934035 1.4421817 0 0.000009479563 0 0 6.616031 
131.5 6.45219 0.000000007662727 0 0.00000079880215 0.000000006343052 0.8642873 0.19605266 0 0 -0.19605266 0.8642873 0 0.00000079880215 0 0 6.45219 
132.5 6.464951 0.00000000043157575 0 0.000013464446 0.0000000013062769 0.80757266 -0.004716611 0 0 0.004716611 0.80757266 0 0.000013464446 0 0 6.464951 
133.5 6.5184174 0.0000000017928425 0 0.000010370996 0.0000000043702846 0.78484845 -0.03838692 0 0 0.03838692 0.78484833 0 0.000010370996 0 0 6.5184174 
134.5 6.323611 0.000000019398174 0 -0.00002162997 -0.0000000021534572 0.41794166 0.051137235 0 0 -0.051137235 0.41794178 0 -0.00002162997 0 0 6.323611 
135.5 6.1045766 -0.0000000041836037 0 0.0000077703 -0.00000001528959 -0.14816679 0.10659772 0 0 -0.10659772 -0.14816679 0 0.0000077703 0 0 6.1045766 
136.5 6.2391467 -0.000000012837093 0 0.000023481505 -0.000000020626876 -0.80736524 0.1816632 0 0 -0.1816632 -0.80736524 0 0.000023481505 0 0 6.2391467 
137.5 6.730538 -0.0000000038863512 0 -0.000016580927 -0.000000010947436 -1.1464456 0.08682649 0 0 -0.08682649 -1.1464463 0 -0.000016580927 0 0 6.730538 
138.5 7.1643214 -0.00000001565326 0 -0.000016032442 0.0000000007189756 -1.5567694 0.11244133 0 0 -0.11244133 -1.5567694 0 -0.000016032442 0 0 7.1643205 
139.5 7.1240706 -0.000000010716064 0 0.0000007127903 0.000000015459506 -2.2459607 0.10574191 0 0 -0.10574191 -2.2459607 0 0.0000007127903 0 0 7.1240706 
140.5 7.009905 0.000000005931663 0 -0.0000023551538 0.000000017773937 -2.6705847 0.057404324 0 0 -0.057404324 -2.6705847 0 -0.0000023551538 0 0 7.009905 
141.5 6.716132 0.000000014494083 0 -0.0000036495558 0.000000016014269 -2.770862 0.023493769 0 0 -0.023493769 -2.770862 0 -0.0000036495558 0 0 6.716132 
142.5 6.029389 0.000000006522799 0 0.00044749415 0.000000018277957 -2.3549068 0.08523003 0 0 -0.08523003 -2.3549068 0 0.00044749415 0 0 6.029389 
143.5 4.861269 -0.0000000028571512 0 0.0000117885675 0.0000000034920673 -1.7566983 0.19219424 0 0 -0.19219424 -1.7566983 0 0.0000117885675 0 0 4.861269 
144.5 3.7128778 -0.0000000027003062 0 0.000009317153 -0.0000000020749795 -0.95329416 0.18128327 0 0 -0.18128327 -0.95329416 0 0.000009317153 0 0 3.7128778 
145.5 2.9846241 0.0000000014762116 0 0.000007651917 0.0000000032297136 -0.07857097 0.12985495 0 0 -0.12985495 -0.07857097 0 0.000007651917 0 0 2.9846241 
146.5 2.3876534 0.0000000057209926 0 0.000006481693 -0.0000000006676857 0.29407653 0.064694926 0 0 -0.064694926 0.29407653 0 0.000006481693 0 0 2.3876534 
147.5 2.0621407 0.0000000023797488 0 0.000006114096 -0.000000013121103 0.33800146 0.063894175 0 0 -0.063894175 0.33800146 0 0.000006114096 0 0 2.0621407 
148.5 1.9277265 -0.000000000021661645 0 0.000008516908 -0.0000000028985119 0.1750882 0.050823882 0 0 -0.050823882 0.1750882 0 0.000008516908 0 0 1.9277265 
149.5 1.9553024 -0.0000000011758603 0 0.000005194294 -0.000000006382555 0.12759103 0.1046451 0 0 -0.1046451 0.12759103 0 0.000005194294 0 0 1.9553024 
150.5 1.9137518 -0.00000000065114625 0 -0.00000009125354 -0.000000008689068 0.07262502 0.10886979 0 0 -0.10886979 0.07262502 0 -0.00000009125354 0 0 1.9137518 
151.5 1.8721308 0.00000000049103527 0 0.000002898838 -0.000000006091174 0.016366193 0.049124934 0 0 -0.049124934 0.016366193 0 0.000002898838 0 0 1.8721308 
152.5 1.8119867 0.00000000041673845 0 0.0000050749836 0.0000000030535467 -0.07623059 0.0321753 0 0 -0.0321753 -0.07623061 0 0.0000050749836 0 0 1.8119867 
153.5 1.708471 0.0000000011185404 0 -0.00000044260844 0.0000000069526878 -0.259289 0.04928038 0 0 -0.04928038 -0.259289 0 -0.00000044260844 0 0 1.708471 
154.5 1.7681534 -0.00000000046394688 0 0.0000032888352 -0.0000000041387027 -0.35900527 0.064447254 0 0 -0.064447254 -0.35900527 0 0.0000032888352 0 0 1.7681534 
155.5 1.867989 0.0000000019102089 0 -0.000006023595 -0.0000000010872502 -0.61917275 0.06817982 0 0 -0.06817982 -0.61917275 0 -0.000006023595 0 0 1.8679887 
156.5 2.001831 -0.0000000036376713 0 -0.0000023784955 -0.0000000002872463 -0.9538333 0.09658895 0 0 -0.09658895 -0.9538333 0 -0.0000023784955 0 0 2.001831 
157.5 2.0675397 -0.0000000021207214 0 0.0000056173117 0.0000000022788267 -1.1760399 0.058656015 0 0 -0.058656015 -1.1760399 0 0.0000056173117 0 0 2.0675397 
158.5 1.9737277 -0.0000000010081179 0 0.0000028161805 -0.0000000018664392 -1.2589529 0.017935555 0 0 -0.017935555 -1.2589529 0 0.0000028161805 0 0 1.9737275 
159.5 1.7179074 0.000000001031607 0 -0.0000011697783 0.00000000090201413 -1.211825 -0.0029249873 0 0 0.0029249873 -1.2118251 0 -0.0000011697783 0 0 1.7179074 
160.5 1.3633459 0.0000000003852015 0 -0.0000059951817 0.0000000017032251 -1.0189117 -0.016617348 0 0 0.016617348 -1.0189117 0 -0.0000059951817 0 0 1.3633459 
161.5 0.93674505 -0.0000000024754974 0 -0.000001444665 -0.0000000028057965 -0.72139937 -0.027303638 0 0 0.027303638 -0.72139937 0 -0.000001444665 0 0 0.93674505 
162.5 0.551824 -0.0000000017835142 0 -0.000004044011 -0.0000000013043195 -0.415053 -0.026027374 0 0 0.026027374 -0.415053 0 -0.000004044011 0 0 0.551824 
163.5 0.28175285 -0.00000000043506676 0 -0.000002250401 -0.0000000015083504 -0.18295151 -0.015360431 0 0 0.015360431 -0.18295151 0 -0.000002250401 0 0 0.28175285 
164.5 0.1134294 0.00000000033431793 0 -0.00000042643862 0.0000000003611127 -0.0649859 -0.010033708 0 0 0.010033708 -0.0649859 0 -0.00000042643862 0 0 0.1134294 
165.5 0.058179658 -0.000000000009643124 0 -0.00000030804603 0.00000000012064799 -0.003342365 -0.0013612839 0 0 0.0013612839 -0.003342365 0 -0.00000030804603 0 0 0.058179658 
166.5 0.04259816 -0.000000000008873692 0 -0.0000006072574 -0.00000000014552225 0.006429826 0.0009920276 0 0 -0.0009920276 0.006429825 0 -0.0000006072574 0 0 0.04259816 
167.5 0.041983034 0.00000000006045589 0 -0.00000087162215 0.00000000010121949 -0.011473343 -0.0026463214 0 0 0.0026463214 -0.011473343 0 -0.00000087162215 0 0 0.04198304 
168.5 0.046935048 -0.00000000001745824 0 -0.00000042368666 -0.000000000038236893 -0.014318282 -0.0019362711 0 0 0.0019362711 -0.014318282 0 -0.00000042368666 0 0 0.046935048 
169.5 0.030228222 -0.0000000000019907828 0 -0.0000002215771 0.000000000008946188 -0.013422014 0.00046034402 0 0 -0.00046034402 -0.013422013 0 -0.0000002215771 0 0 0.030228222 
170.5 0.021340339 0.0000000000010237506 0 0.00000014801262 -0.000000000012695069 -0.0014630543 -0.0011513918 0 0 0.0011513918 -0.0014630548 0 0.00000014801262 0 0 0.021340339 
171.5 0.01126595 0.000000000014971729 0 -0.0000000029314178 0.0000000000048681384 -0.0007944146 0.0002958287 0 0 -0.0002958287 -0.0007944146 0 -0.0000000029314178 0 0 0.01126595 
172.5 0.0078264335 -0.0000000000009515216 0 -0.000000104592175 -0.000000000021460311 0.0010709984 -0.00085013674 0 0 0.00085013674 0.0010709983 0 -0.000000104592175 0 0 0.0078264335 
173.5 0.00798851 -0.000000000008233974 0 -0.00000034216367 0.000000000004528464 0.0024287337 0.000012769458 0 0 -0.000012769458 0.0024287337 0 -0.00000034216367 0 0 0.00798851 
174.5 0.005055175 0.0000000000003385461 0 -0.00000056743386 -0.0000000000061761074 -0.0013051267 0.00048575888 0 0 -0.00048575888 -0.0013051267 0 -0.00000056743386 0 0 0.005055175 
175.5 0.004656815 -0.000000000006611603 0 -0.00000017704811 -0.000000000008530335 -0.0007213805 -0.00032700037 0 0 0.00032700037 -0.0007213805 0 -0.00000017704811 0 0 0.004656815 
176.5 0.0022756832 0.000000000005143198 0 -0.00000024943162 0.0000000000060043455 -0.0007288994 0.0000058600076 0 0 -0.0000058600076 -0.0007288994 0 -0.00000024943162 0 0 0.0022756832 
177.5 0.00092377653 -0.0000000000014246023 0 -0.00000002442188 -0.0000000000012695244 -0.000079592064 0.000016116423 0 0 -0.000016116423 -0.000079592064 0 -0.00000002442188 0 0 0.00092377653 
178.5 0.00022919831 0.00000000000003474303 0 0.00000010124889 -0.00000000000025395956 -0.000021475957 0.00009067483 0 0 -0.00009067483 -0.000021475957 0 0.00000010124889 0 0 0.00022919831 
179.5 0.00003351682 0.000000000000009796495 0 0.0000000074620505 0.000000000000076267484 -0.0000022423023 0.0000035569446 0 0 -0.0000035569446 -0.0000022423021 0 0.0000000074620505 0 0 0.00003351682 
