0.25 30000062 0 0 -0.31209528 0 30000030 0.22089481 0 0 -0.22089481 30000030 0 -0.31209528 0 0 30000062 
0.75 24962584 0 0 -0.23502731 0 24962352 0.1769886 0 0 -0.1769886 24962352 0 -0.23502731 0 0 24962584 
1.25 17063990 0 0 -0.087020874 0 17063328 0.06425285 0 0 -0.06425285 17063328 0 -0.087020874 0 0 17063990 
1.75 9308957 0 0 -0.017913818 0 9307765 0.22659016 0 0 -0.22659016 9307765 0 -0.017913818 0 0 9308957 
2.25 3852008.5 0 0 -0.0025167465 0 3850418.8 0.1677475 0 0 -0.1677475 3850418.8 0 -0.0025167465 0 0 3852008.5 
2.75 1157680.9 0.0000020306602 0 0.047926903 0.0000307928 1156039.9 0.24630964 0 0 -0.24630964 1156039.9 0 0.047926903 0 0 1157680.9 
3.25 373203.72 0.000014913702 0 0.018945694 -0.000011984224 371872.34 0.30769444 0 0 -0.30769444 371872.34 0 0.018945694 0 0 373203.72 
3.75 337367.22 0 0 -0.020555496 0.0000020972393 336468.16 0.18025112 0 0 -0.18025112 336468.16 0 -0.020555496 0 0 337367.22 
4.25 347404.75 0 0 -0.053164482 0 346749.8 0.15934917 0 0 -0.15934917 346749.8 0 -0.053164482 0 0 347404.75 
4.75 264843.66 0 0 -0.07354379 0 264122.47 0.09729165 0 0 -0.09729165 264122.47 0 -0.07354379 0 0 264843.66 
5.25 189031.73 -0.0000000052014864 0 -0.060656995 -0.000000092586454 188099.02 0.036732182 0 0 -0.036732182 188099.02 0 -0.060656995 0 0 189031.73 
5.75 164357.55 0.0000021305289 0 -0.03957501 -0.0000021305289 163354.4 -0.0034361482 0 0 0.0034361482 163354.4 0 -0.03957501 0 0 164357.55 
6.25 143656 0 0 -0.010251284 0.0000042610577 142863.17 -0.002461791 0 0 0.002461791 142863.17 0 -0.010251284 0 0 143656 
6.75 93129.24 0.0000010652644 0 -0.0057685375 -0.0000031957934 92700.78 -0.0040826797 0 0 0.0040826797 92700.78 0 -0.0057685375 0 0 93129.24 
7.25 41297.152 0 0 -0.0004587099 0.0000002663161 41125.02 -0.0001347065 0 0 0.0001347065 41125.02 0 -0.0004587099 0 0 41297.152 
7.75 27959.885 -0.0000000005201486 0 0.016856821 0.00000011547301 27775.025 0.0038010124 0 0 -0.0038010124 27775.025 0 0.016856821 0 0 27959.885 
8.25 48271.74 -0.00000006241784 0 0.060575366 0.0000011568108 47867.984 0.014551401 0 0 -0.014551401 47867.984 0 0.060575366 0 0 48271.74 
8.75 64370.97 0.0000340843 0 0.1188705 -0.000035424204 63749.098 0.0314703 0 0 -0.0314703 63749.098 0 0.1188705 0 0 64370.97 
9.25 54019.906 0 0 0.16771889 0.0000079894835 53352.02 0.051359892 0 0 -0.051359892 53352.02 0 0.16771889 0 0 54019.906 
9.75 29383.031 -0.000000000000010658141 0 0.18009597 0.0000020805944 28860.031 0.06169641 0 0 -0.06169641 28860.031 0 0.18009597 0 0 29383.031 
10.25 12997.739 -0.0000021326096 0 0.22700955 -0.0000000062419874 12695.253 0.09655781 0 0 -0.09655781 12695.253 0 0.22700955 0 0 12997.739 
10.75 11342.415 0.00000026631608 0 -0.008293182 -0.0000007823037 11190.874 0.0014774129 0 0 -0.0014774129 11190.874 0 -0.008293182 0 0 11342.415 
11.25 15745.477 0 0 -0.055858374 0.00000006657903 15597.608 -0.024506927 0 0 0.024506927 15597.608 0 -0.055858374 0 0 15745.477 
11.75 18396.1 -0.00000079894835 0 -0.08080375 0.0000011817777 18129.205 -0.04165817 0 0 0.04165817 18129.205 0 -0.08080375 0 0 18396.1 
12.25 18742.822 0.0000003828294 0 -0.06700665 0.0000008327581 18330.986 -0.040164083 0 0 0.040164083 18330.986 0 -0.06700665 0 0 18742.822 
12.75 17795.268 -0.0000064163582 0 -0.03538251 0.000002184689 17315.04 -0.023130013 0 0 0.023130013 17315.04 0 -0.03538251 0 0 17795.268 
13.25 14458.176 0.00000013172765 0 -0.010159135 -0.0000046369946 14030.513 -0.0061045885 0 0 0.0061045885 14030.513 0 -0.010159135 0 0 14458.176 
13.75 8991.754 -0.000000041611383 0 -0.0009441972 0.0000018975037 8700.393 0.00093081594 0 0 -0.00093081594 8700.393 0 -0.0009441972 0 0 8991.754 
14.25 5090.8604 -0.000004244413 0 0.000034622848 0.0000041736726 4931.959 0.00006477535 0 0 -0.00006477535 4931.959 0 0.000034622848 0 0 5090.8604 
14.75 5583.8413 -0.0000010652725 0 0.0021793554 0.0000010486115 5477.7715 0.0032168124 0 0 -0.0032168124 5477.7715 0 0.0021793554 0 0 5583.8413 
15.25 8392.936 -0.0000025632926 0 0.006994682 0.0000025008746 8242.983 0.022743138 0 0 -0.022743138 8242.983 0 0.006994682 0 0 8392.936 
15.75 9304.304 0.0000005326322 0 0.009330837 -0.000009038623 9056.677 0.05755284 0 0 -0.05755284 9056.677 0 0.009330837 0 0 9304.304 
16.25 7440.2656 0 0 0.009309782 0.0000010715062 7108.3086 0.102032036 0 0 -0.102032036 7108.3086 0 0.009309782 0 0 7440.2656 
16.75 5529.887 -0.0000042593674 0 0.00551147 0.0000023480811 5176.781 0.16548184 0 0 -0.16548184 5176.781 0 0.00551147 0 0 5529.887 
17.25 5333.3354 0.000000037450704 0 -0.0014028177 0.00000051234645 5031.3213 -0.37723136 0 0 0.37723136 5031.3213 0 -0.0014028177 0 0 5333.3354 
17.75 5433.336 0.000001847568 0 -0.00040880404 0.0000039531296 5223.2954 -0.0060353596 0 0 0.0060353596 5223.2954 0 -0.00040880404 0 0 5433.336 
18.25 4148.497 -0.0000031957934 0 0.00016577542 0.0000042818638 4019.2349 -0.0011544973 0 0 0.0011544973 4019.2349 0 0.00016577542 0 0 4148.497 
18.75 2451.235 -0.00000026612105 0 -0.0016208589 0.0000002748335 2349.2932 -0.010354362 0 0 0.010354362 2349.2932 0 -0.0016208589 0 0 2451.235 
19.25 2437.4514 -0.0000000311439 0 -0.0045502763 -0.0000010725464 2302.1626 -0.01368301 0 0 0.01368301 2302.1626 0 -0.0045502763 0 0 2437.4514 
19.75 4049.0642 0.0000015874938 0 -0.0034241974 -0.0000015620063 3849.6907 -0.00988297 0 0 0.00988297 3849.6907 0 -0.0034241974 0 0 4049.0642 
20.25 5090.659 -0.00000016384685 0 -0.0020797104 -0.0000003484996 4839.796 -0.00427509 0 0 0.00427509 4839.796 0 -0.0020797104 0 0 5090.659 
20.75 4261.109 -0.0000011614919 0 0.00012674928 0.00000008049304 3998.253 0.00008217245 0 0 -0.00008217245 3998.253 0 0.00012674928 0 0 4261.109 
21.25 2634.8203 -0.0000020633322 0 0.00022482872 0.000002084333 2398.042 -0.0017607361 0 0 0.0017607361 2398.042 0 0.00022482872 0 0 2634.8203 
21.75 1828.0901 -0.00000014986776 0 0.0006195307 0.0000010383469 1635.8801 -0.000028714538 0 0 0.000028714538 1635.8801 0 0.0006195307 0 0 1828.0901 
22.25 1947.5405 -0.00000013319057 0 0.0014711916 -0.0000024984404 1796.9363 0.0042263865 0 0 -0.0042263865 1796.9363 0 0.0014711916 0 0 1947.5405 
22.75 2086.7395 -0.0000005638411 0 0.006332215 0.0000021617377 1959.9064 0.024574984 0 0 -0.024574984 1959.9064 0 0.006332215 0 0 2086.7395 
23.25 1981.3882 0.0000026964506 0 0.013402443 -0.000003107368 1854.094 0.08483118 0 0 -0.08483118 1854.094 0 0.013402443 0 0 1981.3882 
23.75 2118.3516 0.0000014064819 0 0.056889698 -0.0000010886711 1970.3221 0.6846758 0 0 -0.6846758 1970.3221 0 0.056889698 0 0 2118.3516 
24.25 2518.405 0.0000012483569 0 -0.0026331618 -0.00000083743925 2343.5364 -0.11576077 0 0 0.11576077 2343.5364 0 -0.0026331618 0 0 2518.405 
24.75 2472.3523 -0.0000008167634 0 -0.0000023795292 -0.0000013499157 2280.9001 -0.024833709 0 0 0.024833709 2280.9001 0 -0.0000023795292 0 0 2472.3523 
25.25 1684.8623 -0.00000001560446 0 -0.00018969737 0.000000038491002 1493.8785 -0.003281504 0 0 0.003281504 1493.8785 0 -0.00018969737 0 0 1684.8623 
25.75 899.8519 -0.000001800682 0 -0.00017634779 0.0000020458174 720.3061 -0.00006479025 0 0 0.00006479025 720.3061 0 -0.00017634779 0 0 899.8519 
26.25 936.37756 0.00000003445985 0 -0.000081814826 0.0000019553688 769.13556 0.0005940497 0 0 -0.0005940497 769.13556 0 -0.000081814826 0 0 936.37756 
26.75 1576.9678 -0.00000008322378 0 -0.000047832727 -0.0000007396026 1418.8175 0.0008633658 0 0 -0.0008633658 1418.8175 0 -0.000047832727 0 0 1576.9678 
27.25 1930.0515 -0.000000999108 0 -0.00018093549 -0.000000059979655 1779.819 0.0004220158 0 0 -0.0004220158 1779.819 0 -0.00018093549 0 0 1930.0515 
27.75 1638.9395 -0.00000058516724 0 0.0002136901 0.00000035526153 1496.8506 -0.0004824847 0 0 0.0004824847 1496.8506 0 0.0002136901 0 0 1638.9395 
28.25 1182.0251 -0.000000536192 0 0.0005607903 0.0000008161945 1046.3569 0.0011767 0 0 -0.0011767 1046.3569 0 0.0005607903 0 0 1182.0251 
28.75 1026.4974 -0.000001056682 0 0.000620842 0.00000017450989 893.8751 0.0045722723 0 0 -0.0045722723 893.8751 0 0.000620842 0 0 1026.4974 
29.25 1032.7689 0.00000023718776 0 0.00030314922 -0.0000007328894 900.6999 0.004760571 0 0 -0.004760571 900.6999 0 0.00030314922 0 0 1032.7689 
29.75 887.10114 -0.0000009820405 0 -0.000083554536 0.0000015145755 753.4415 0.00043875445 0 0 -0.00043875445 753.4415 0 -0.000083554536 0 0 887.10114 
30.25 701.0974 -0.0000011026826 0 0.00013557263 0.000001125569 561.38153 0.056002934 0 0 -0.056002934 561.38153 0 0.00013557263 0 0 701.0974 
30.75 809.9203 0.0000011902303 0 0.00011907518 -0.0000017335256 658.8314 -0.03444534 0 0 0.03444534 658.8314 0 0.00011907518 0 0 809.9203 
31.25 1166.8896 -0.00000014148044 0 -0.00069493055 0.00000012158475 1004.5545 -0.021438837 0 0 0.021438837 1004.5545 0 -0.00069493055 0 0 1166.8896 
31.75 1334.0553 -0.00000032951417 0 -0.0005345568 -0.000000010793076 1169.2319 -0.007832332 0 0 0.007832332 1169.2319 0 -0.0005345568 0 0 1334.0553 
32.25 1084.1699 0.00000094849105 0 -0.000017128885 -0.0000018081668 928.62195 -0.00014306256 0 0 0.00014306256 928.62195 0 -0.000017128885 0 0 1084.1699 
32.75 698.0505 0.000000014499143 0 0.00018115342 0.00000007678694 557.5592 0.00086520985 0 0 -0.00086520985 557.5592 0 0.00018115342 0 0 698.0505 
33.25 548.9216 -0.000000092318245 0 0.00023588538 0.00000005852486 420.7183 -0.0004400015 0 0 0.0004400015 420.7183 0 0.00023588538 0 0 548.9216 
33.75 625.4867 -0.00000082469563 0 -0.0001750635 0.0000015375596 503.41608 -0.0011145342 0 0 0.0011145342 503.41608 0 -0.0001750635 0 0 625.4867 
34.25 656.28064 0.000000057476427 0 -0.00002802629 -0.00000007997281 535.9672 -0.00012791716 0 0 0.00012791716 535.9672 0 -0.00002802629 0 0 656.28064 
34.75 561.68646 -0.00000022476924 0 0.00012089219 0.000001505245 440.4873 0.00025277585 0 0 -0.00025277585 440.4873 0 0.00012089219 0 0 561.68646 
35.25 535.1699 -0.000000019375538 0 -0.0000031609088 -0.00000046254192 410.37134 0.0027308874 0 0 -0.0027308874 410.37134 0 -0.0000031609088 0 0 535.1699 
35.75 688.2642 -0.000000011443269 0 0.00048546866 -0.0000004291877 558.423 0.018813308 0 0 -0.018813308 558.423 0 0.00048546866 0 0 688.2642 
36.25 842.1254 0.000000057996573 0 0.006341001 0.0000008357569 709.6394 0.08511178 0 0 -0.08511178 709.6394 0 0.006341001 0 0 842.1254 
36.75 774.744 0.00000050561704 0 -0.020920258 0.00000090115736 644.40076 -0.16606484 0 0 0.16606484 644.40076 0 -0.020920258 0 0 774.744 
37.25 536.0675 -0.000000042603425 0 -0.0041283593 -0.00000048668005 410.0573 -0.025212597 0 0 0.025212597 410.0573 0 -0.0041283593 0 0 536.0675 
37.75 372.85242 -0.00000004826004 0 -0.0006271004 0.0000008257563 248.59355 -0.004094529 0 0 0.004094529 248.59355 0 -0.0006271004 0 0 372.85242 
38.25 397.10944 -0.00000010103074 0 0.0000007316776 -0.00000014790915 270.93304 -0.00030548987 0 0 0.00030548987 270.93304 0 0.0000007316776 0 0 397.10944 
38.75 476.86038 -0.00000011819159 0 -0.000084014144 0.00000085689203 348.64865 -0.0005440656 0 0 0.0005440656 348.64865 0 -0.000084014144 0 0 476.86038 
39.25 466.3519 0.00000020155761 0 0.00010556821 -0.0000003111139 339.11673 0.00029817596 0 0 -0.00029817596 339.11673 0 0.00010556821 0 0 466.3519 
39.75 410.7671 -0.000000022626466 0 0.000068997964 0.00000008543442 286.2607 0.00003243424 0 0 -0.00003243424 286.2607 0 0.000068997964 0 0 410.7671 
40.25 443.5167 0.00000015721494 0 -0.000023831322 0.00000044700272 320.06946 -0.0017232879 0 0 0.0017232879 320.06946 0 -0.000023831322 0 0 443.5167 
40.75 560.3648 0.00000000549407 0 -0.0002468829 -0.00000032154938 435.46384 -0.0026722671 0 0 0.0026722671 435.46384 0 -0.0002468829 0 0 560.3648 
41.25 610.2519 0.0000000826955 0 0.00026261434 0.0000005069093 483.80093 0.0021428615 0 0 -0.0021428615 483.80093 0 0.00026261434 0 0 610.2519 
41.75 505.13416 0.000000004031152 0 0.0023208447 0.00000042210067 379.05167 0.018045377 0 0 -0.018045377 379.05167 0 0.0023208447 0 0 505.13416 
42.25 341.414 -0.000000053835386 0 0.0058544036 0.00000007301588 216.78363 0.057682 0 0 -0.057682 216.78363 0 0.0058544036 0 0 341.414 
42.75 269.83435 0.0000001193091 0 -0.0040787626 0.0000009728731 145.87753 -0.068164416 0 0 0.068164416 145.87753 0 -0.0040787626 0 0 269.83435 
43.25 306.32977 0.000000041758184 0 -0.000061014667 0.00000018161316 182.16037 -0.004944833 0 0 0.004944833 182.16037 0 -0.000061014667 0 0 306.32977 
43.75 338.37283 -0.00000066455493 0 0.0003082836 0.00000064127835 214.32722 -0.00019126249 0 0 0.00019126249 214.32722 0 0.0003082836 0 0 338.37283 
44.25 295.6546 0.0000000013001175 0 0.00010455772 0.00000013042754 171.97609 0.00038670748 0 0 -0.00038670748 171.97609 0 0.00010455772 0 0 295.6546 
44.75 239.9943 -0.000000057460177 0 0.000067505985 -0.000000030932597 114.94528 0.0010342365 0 0 -0.0010342365 114.94528 0 0.000067505985 0 0 239.9943 
45.25 264.2052 0.0000000030071234 0 0.00016633049 0.00000009712145 134.85747 0.0008816819 0 0 -0.0008816819 134.85747 0 0.00016633049 0 0 264.2052 
45.75 355.69144 0.000000023590568 0 -0.000119205564 0.00000055752315 221.02383 -0.0010068733 0 0 0.0010068733 221.02383 0 -0.000119205564 0 0 355.69144 
46.25 411.76575 0.0000000041936983 0 -0.00023270771 -0.0000006364994 274.35873 -0.002750244 0 0 0.002750244 274.35873 0 -0.00023270771 0 0 411.76575 
46.75 374.7415 0.000000008582453 0 -0.0009203935 -0.00000010830471 238.8366 -0.0028292486 0 0 0.0028292486 238.8366 0 -0.0009203935 0 0 374.7415 
47.25 299.9737 0.00000059901623 0 -0.0005280413 -0.00000037938344 167.95584 0.0044348137 0 0 -0.0044348137 167.95584 0 -0.0005280413 0 0 299.9737 
47.75 274.3351 -0.0000000007395863 0 0.0003268686 0.00000050835575 145.3282 0.0226086 0 0 -0.0226086 145.3282 0 0.0003268686 0 0 274.3351 
48.25 303.35388 0.0000005266505 0 0.01527825 -0.00000020469476 174.8525 0.27145523 0 0 -0.27145523 174.8525 0 0.01527825 0 0 303.35388 
48.75 313.84647 -0.0000005586721 0 -0.0012141839 0.0000008064579 183.92981 -0.010345339 0 0 0.010345339 183.92981 0 -0.0012141839 0 0 313.84647 
49.25 257.68777 -0.000000028803235 0 -0.0001199767 -0.0000006189768 125.39591 -0.00094608706 0 0 0.00094608706 125.39591 0 -0.0001199767 0 0 257.68777 
49.75 175.75801 0.00000010910119 0 0.000018198043 0.0000004639726 40.1023 -0.0003954537 0 0 0.0003954537 40.102295 0 0.000018198043 0 0 175.75801 
50.25 145.04468 0.000000036605453 0 0.000044047832 0.00000016872325 4.8274693 -0.000008227304 0 0 0.000008227304 4.8274693 0 0.000044047832 0 0 145.0447 
50.75 184.41304 -0.00000010798569 0 0.00015659072 -0.00000023155354 39.584476 0.000010241754 0 0 -0.000010241754 39.584476 0 0.00015659072 0 0 184.41304 
51.25 237.84302 -0.00000010194915 0 0.00023570657 -0.00000021951185 90.619606 -0.00013058446 0 0 0.00013058446 90.619606 0 0.00023570657 0 0 237.84302 
51.75 247.49757 0.00000018679839 0 -0.000022523105 0.00000008676727 101.29168 -0.00049269944 0 0 0.00049269944 101.29168 0 -0.000022523105 0 0 247.49757 
52.25 219.84389 0.000000043026045 0 -0.000109136105 0.00000054952073 76.52104 -0.0010894313 0 0 0.0010894313 76.52104 0 -0.000109136105 0 0 219.84389 
52.75 207.58296 -0.0000001224526 0 0.00028354116 -0.000000036668673 65.63703 0.0029387246 0 0 -0.0029387246 65.63703 0 0.00028354116 0 0 207.58295 
53.25 238.82132 -0.00000016755695 0 0.0013660518 0.0000007051469 94.2521 0.028721282 0 0 -0.028721282 94.2521 0 0.0013660518 0 0 238.82132 
53.75 283.23422 0.00000035891884 0 -0.007022828 0.00000004929223 132.1129 -0.5062279 0 0 0.5062279 132.1129 0 -0.007022828 0 0 283.23422 
54.25 291.12274 -0.00000023422943 0 -0.000030346215 0.00000037484836 131.2825 -0.018602168 0 0 0.018602168 131.2825 0 -0.000030346215 0 0 291.12274 
54.75 252.85335 0.00000017841099 0 -0.000033266842 0.0000005059095 83.42077 -0.0009231046 0 0 0.0009231046 83.42077 0 -0.000033266842 0 0 252.85335 
55.25 208.02553 -0.00000022041297 0 -0.000029429793 0.00000084416877 28.094193 0.0005564373 0 0 -0.0005564373 28.094193 0 -0.000029429793 0 0 208.02553 
55.75 199.00758 0.00000017054371 0 0.0000382429 0.0000007655928 7.4182425 -0.00006509945 0 0 0.00006509945 7.4182425 0 0.0000382429 0 0 199.00758 
56.25 225.65361 0.00000005149473 0 -0.000049850787 0.000000027177803 22.24542 -0.00005794596 0 0 0.00005794596 22.24542 0 -0.000049850787 0 0 225.65361 
56.75 250.39114 0.00000021882003 0 -0.000007532537 0.00000017519258 37.138496 -0.00011414848 0 0 0.00011414848 37.138496 0 -0.000007532537 0 0 250.39114 
57.25 242.3742 -0.00000053992545 0 -0.0000027641654 -0.00000061133215 22.977463 -0.00024351478 0 0 0.00024351478 22.977463 0 -0.0000027641654 0 0 242.3742 
57.75 209.1585 -0.00000036202752 0 -0.0000007599592 0.00000022379804 -12.486457 0.00005513802 0 0 -0.00005513802 -12.486457 0 -0.0000007599592 0 0 209.1585 
58.25 184.19101 0.00000030268993 0 0.000042140484 0.00000022982034 -36.585182 0.0011869259 0 0 -0.0011869259 -36.585182 0 0.000042140484 0 0 184.19101 
58.75 188.58195 0.0000003005809 0 0.0029309345 0.00000017125893 -28.37096 0.0374915 0 0 -0.0374915 -28.37096 0 0.0029309345 0 0 188.58195 
59.25 209.84122 0.00000016671575 0 -0.00081173156 0.00000034909286 0.8159219 -0.011236108 0 0 0.011236108 0.8159219 0 -0.00081173156 0 0 209.84122 
59.75 217.3814 -0.0000002483689 0 0.000038538128 0.00000020051935 21.888931 -0.0002683606 0 0 0.0002683606 21.888931 0 0.000038538128 0 0 217.3814 
60.25 194.93382 0.000000074714485 0 0.00007877499 0.000000118406994 18.826864 0.0024473034 0 0 -0.0024473034 18.826864 0 0.00007877499 0 0 194.93382 
60.75 155.59781 -0.000000066428676 0 0.0000011324883 -0.000000036406377 3.0971508 0.00073989853 0 0 -0.00073989853 3.0971546 0 0.0000011324883 0 0 155.59781 
61.25 126.666916 0.00000029266488 0 0.00004749 0.000000395426 -0.6435331 0.000017868355 0 0 -0.000017868355 -0.6435331 0 0.00004749 0 0 126.666916 
61.75 122.36805 -0.0000000572834 0 0.000041692518 0.00000006430134 19.59137 -0.00020572124 0 0 0.00020572124 19.59137 0 0.000041692518 0 0 122.36805 
62.25 131.99927 -0.00000004915404 0 -0.000026980066 -0.00000020818133 51.92296 -0.002047227 0 0 0.002047227 51.92296 0 -0.000026980066 0 0 131.99927 
62.75 132.89075 -0.000000024165061 0 0.000014077872 0.0000002909475 73.1543 -0.00020126533 0 0 0.00020126533 73.1543 0 0.000014077872 0 0 132.89076 
63.25 113.1568 0.000000018904153 0 -0.0000036247075 0.00000000856618 70.7737 0.019726291 0 0 -0.019726291 70.7737 0 -0.0000036247075 0 0 113.1568 
63.75 82.07117 -0.00000001001286 0 -0.00068445504 0.00000009446589 53.100655 -0.1059777 0 0 0.1059777 53.100655 0 -0.00068445504 0 0 82.07117 
64.25 60.014194 0.000000108239675 0 -0.00018053874 0.00000012426678 39.736267 -0.0057296865 0 0 0.0057296865 39.736267 0 -0.00018053874 0 0 60.014194 
64.75 59.3907 -0.00000012360285 0 0.000049667433 0.00000017205288 43.18366 0.0007904107 0 0 -0.0007904107 43.18366 0 0.000049667433 0 0 59.3907 
65.25 74.4201 -0.00000000006908196 0 0.000019140432 0.000000107837366 58.881794 0.0000368285 0 0 -0.0000368285 58.881794 0 0.000019140432 0 0 74.4201 
65.75 87.652954 -0.00000013367821 0 -0.00000909809 0.00000012015433 71.25232 0.000059261452 0 0 -0.000059261452 71.25232 0 -0.00000909809 0 0 87.652954 
66.25 85.60043 0.00000007581166 0 -0.000014882535 -0.00000011118588 68.46019 -0.0000011660159 0 0 0.0000011660159 68.46019 0 -0.000014882535 0 0 85.60043 
66.75 69.23051 0.000000005794781 0 -0.00003363192 0.000000062031795 52.235813 -0.0008662641 0 0 0.0008662641 52.235813 0 -0.00003363192 0 0 69.23051 
67.25 51.38643 0.000000011906529 0 -0.000035196543 -0.000000021902625 35.237022 -0.0004912708 0 0 0.0004912708 35.237022 0 -0.000035196543 0 0 51.38643 
67.75 45.033916 -0.000000030981354 0 0.00015495718 0.0000000067212964 29.820255 0.002279887 0 0 -0.002279887 29.820255 0 0.00015495718 0 0 45.033916 
68.25 52.98185 0.000000035597672 0 -0.0004742688 0.000000026787655 38.415512 -0.009510271 0 0 0.009510271 38.415512 0 -0.0004742688 0 0 52.98185 
68.75 66.860504 -0.000000026495078 0 0.0000028673094 0.000000043676245 52.789063 -0.00007945299 0 0 0.00007945299 52.789063 0 0.0000028673094 0 0 66.860504 
69.25 74.76499 0.00000000553065 0 0.000002315268 -0.000000072363676 61.44144 -0.00006471528 0 0 0.00006471528 61.44144 0 0.000002315268 0 0 74.76499 
69.75 70.54477 -0.0000002696091 0 0.000006761402 0.00000026990693 58.406487 -0.000090383925 0 0 0.000090383925 58.406487 0 0.000006761402 0 0 70.54477 
70.25 57.67942 -0.000000108544455 0 -0.000002540648 0.000000009724352 46.8551 -0.0000022556633 0 0 0.0000022556633 46.8551 0 -0.000002540648 0 0 57.67942 
70.75 45.730534 -0.0000000022044093 0 0.0000069327652 0.000000031918155 35.741234 0.000022734283 0 0 -0.000022734283 35.741234 0 0.0000069327652 0 0 45.730534 
71.25 42.91666 0.00000014691761 0 -0.0000033369288 -0.0000001568187 32.86419 0.00008107023 0 0 -0.00008107023 32.86419 0 -0.0000033369288 0 0 42.91666 
71.75 50.49743 -0.00000014849482 0 -0.0000020405278 0.00000028261113 39.610966 -0.000033168355 0 0 0.000033168355 39.610966 0 -0.0000020405278 0 0 50.49743 
72.25 62.536823 0.00000000026007418 0 0.0000016540289 -0.000000025519793 50.657654 0.0012809309 0 0 -0.0012809309 50.657654 0 0.0000016540289 0 0 62.536823 
72.75 70.503006 -0.00000021015633 0 -0.000042424537 0.0000002856998 58.15342 -0.00133952 0 0 0.00133952 58.15342 0 -0.000042424537 0 0 70.503006 
73.25 69.07182 -0.000000049924115 0 -0.000003758818 0.000000095715485 57.08506 0.00020822929 0 0 -0.00020822929 57.08506 0 -0.000003758818 0 0 69.07182 
73.75 59.243755 0.00000008614148 0 0.000009946525 -0.00000007886754 48.233322 0.00036692526 0 0 -0.00036692526 48.233322 0 0.000009946525 0 0 59.243755 
74.25 47.12691 -0.00000016098956 0 -0.00001527369 0.00000012462792 37.141277 -0.000010431744 0 0 0.000010431744 37.141277 0 -0.00001527369 0 0 47.12691 
74.75 39.66701 0.00000003387468 0 -0.0000012870878 0.0000001227551 30.214315 0.00012530084 0 0 -0.00012530084 30.214315 0 -0.0000012870878 0 0 39.66701 
75.25 40.341236 0.0000000011540799 0 0.0000023655593 -0.000000037499472 30.726877 0.00016187411 0 0 -0.00016187411 30.726877 0 0.0000023655593 0 0 40.341236 
75.75 47.453335 0.00000016503343 0 0.0000028200448 -0.00000015320056 37.203842 -0.00004946813 0 0 0.00004946813 37.203842 0 0.0000028200448 0 0 47.453335 
76.25 55.703987 0.00000006586382 0 0.0002652509 -0.00000018974048 44.832714 0.005082379 0 0 -0.005082379 44.832714 0 0.0002652509 0 0 55.703987 
76.75 59.636448 0.000000050634743 0 -0.00006886176 -0.000000024072623 48.617966 -0.001376164 0 0 0.001376164 48.617966 0 -0.00006886176 0 0 59.636448 
77.25 56.676544 0.0000000125602675 0 0.000004434958 0.000000086104414 46.160156 0.00039743725 0 0 -0.00039743725 46.160156 0 0.000004434958 0 0 56.676544 
77.75 48.14435 -0.00000008151298 0 0.000009605952 0.00000013932265 38.569355 0.00025951854 0 0 -0.00025951854 38.569355 0 0.000009605952 0 0 48.14435 
78.25 38.04711 -0.00000003496374 0 0.0000093868 -0.000000011719597 29.374517 -0.000003975816 0 0 0.000003975816 29.374517 0 0.0000093868 0 0 38.04711 
78.75 30.70063 -0.0000000002682019 0 0.0000027650967 0.0000000007070767 22.41853 0.0001689978 0 0 -0.0001689978 22.41853 0 0.0000027650967 0 0 30.70063 
79.25 28.629549 0.000000024772078 0 0.000002572313 0.0000000048926485 20.02988 0.000044520944 0 0 -0.000044520944 20.02988 0 0.000002572313 0 0 28.629549 
79.75 31.71653 -0.000000009133079 0 -0.000008701347 0.00000003137159 22.276495 -0.00006461516 0 0 0.00006461516 22.276495 0 -0.000008701347 0 0 31.71653 
80.25 37.707382 0.000000040641186 0 0.0000038691796 -0.000000041871967 27.351664 -0.00017504487 0 0 0.00017504487 27.351664 0 0.0000038691796 0 0 37.707382 
80.75 43.5241 0.000000030171922 0 -0.0000025724294 -0.000000041592344 32.629242 0.000015284168 0 0 -0.000015284168 32.62924 0 -0.0000025724294 0 0 43.5241 
81.25 46.644123 -0.00000000044598614 0 -0.0000021038577 -0.0000000042495727 35.808037 -0.000043006614 0 0 0.000043006614 35.808037 0 -0.0000021038577 0 0 46.644123 
81.75 45.98856 -0.0000000059410725 0 0.0000012003584 0.0000000110673835 35.719654 0.000056837685 0 0 -0.000056837685 35.719654 0 0.0000012003584 0 0 45.98856 
82.25 42.093414 0.000000000005587475 0 -0.0000013092103 -0.0000000106330775 32.597935 -0.000179708 0 0 0.000179708 32.597935 0 -0.0000013092103 0 0 42.093414 
82.75 36.64655 -0.0000000004881474 0 -0.000013011973 0.000000040245993 27.805822 -0.00031807832 0 0 0.00031807832 27.805822 0 -0.000013011973 0 0 36.64655 
83.25 31.675825 -0.0000000019261757 0 0.00004499429 0.00000008168569 23.18003 0.003729687 0 0 -0.003729687 23.18003 0 0.00004499429 0 0 31.675825 
83.75 28.7441 -0.0000000028100222 0 -0.00008001528 0.000000034161165 20.268234 -0.0021456403 0 0 0.0021456403 20.268234 0 -0.00008001528 0 0 28.7441 
84.25 28.452574 -0.00000012525423 0 0.000004237885 -0.000000008468663 19.768784 0.00001789808 0 0 -0.00001789808 19.768784 0 0.000004237885 0 0 28.452574 
84.75 30.367762 -0.00000006004872 0 -0.0000064405613 0.00000007970464 21.368387 -0.00016418332 0 0 0.00016418332 21.368387 0 -0.0000064405613 0 0 30.367762 
85.25 33.340073 0.000000006977306 0 -0.000010912307 -0.000000026962388 24.008165 0.000106917694 0 0 -0.000106917694 24.008165 0 -0.000010912307 0 0 33.340073 
85.75 36.04279 0.0000000051527227 0 -0.000031795353 -0.000000053754103 26.41386 -0.0013316441 0 0 0.0013316441 26.41386 0 -0.000031795353 0 0 36.04279 
86.25 37.471138 0.0000000011093794 0 0.00013896823 0.00000005702535 27.616962 0.0038076118 0 0 -0.0038076118 27.616962 0 0.00013896823 0 0 37.471138 
86.75 37.206356 0.000000008343077 0 -0.0021536164 0.000000019672559 27.241186 -0.042710938 0 0 0.042710938 27.241186 0 -0.0021536164 0 0 37.206356 
87.25 35.424026 -0.00000003601877 0 0.000010867603 0.00000007767029 25.498991 0.00014951918 0 0 -0.00014951918 25.498991 0 0.000010867603 0 0 35.424026 
87.75 32.699364 0.000000099894955 0 0.000020219944 -0.00000010535042 22.968567 0.00043962104 0 0 -0.00043962104 22.968567 0 0.000020219944 0 0 32.699364 
88.25 29.72721 -0.0000000005689126 0 0.000015228987 -0.00000001162207 20.301601 -0.000028134324 0 0 0.000028134324 20.301601 0 0.000015228987 0 0 29.72721 
88.75 27.0978 0.00000004220315 0 -0.000045001507 -0.000000071246134 18.005838 -0.00074142346 0 0 0.00074142346 18.005838 0 -0.000045001507 0 0 27.0978 
89.25 25.187937 -0.00000003700344 0 0.00016918406 0.000000033316184 16.358753 0.0035535537 0 0 -0.0035535537 16.358753 0 0.00016918406 0 0 25.187937 
89.75 24.155495 0.0000000024370541 0 -0.0010713842 -0.000000020836538 15.433003 -0.022365239 0 0 0.022365239 15.433003 0 -0.0010713842 0 0 24.155495 
90.5 24.172403 0.00000006301882 0 -0.000036612153 -0.0000000478338 15.249256 0.0009598569 0 0 -0.0009598569 15.249256 0 -0.000036612153 0 0 24.172403 
91.5 26.288937 0.0000000006451063 0 -0.000020655338 0.000000035153718 16.632774 0.00017912174 0 0 -0.00017912174 16.632774 0 -0.000020655338 0 0 26.288937 
92.5 29.289705 -0.0000000012048755 0 -0.00001071021 -0.000000053699257 18.925749 0.000008940697 0 0 -0.000008940697 18.925749 0 -0.00001071021 0 0 29.289705 
93.5 31.172695 0.0000000011845575 0 0.00000010058284 0.0000000048377893 20.584082 0.000103749335 0 0 -0.000103749335 20.584082 0 0.00000010058284 0 0 31.172695 
94.5 30.121288 -0.0000000010926805 0 0.000065900385 0.000000006311311 19.752445 0.0011546761 0 0 -0.0011546761 19.752445 0 0.000065900385 0 0 30.121288 
95.5 26.365583 -0.0000000013735175 0 0.00003191922 0.00000005468113 16.291115 0.0005937107 0 0 -0.0005937107 16.291115 0 0.00003191922 0 0 26.365583 
96.5 22.650887 0.0000000024046718 0 -0.00000628829 0.000000022981025 12.757511 -0.00023217499 0 0 0.00023217499 12.757511 0 -0.00000628829 0 0 22.650887 
97.5 20.888292 -0.00000003585471 0 -0.0001576487 -0.00000004237485 11.221485 -0.0028580744 0 0 0.0028580744 11.221485 0 -0.0001576487 0 0 20.888292 
98.5 19.890984 0.0000000100311475 0 0.0000037007267 0.00000003501454 10.43725 0.000009940555 0 0 -0.000009940555 10.43725 0 0.0000037007267 0 0 19.890984 
99.5 18.625706 0.0000000014873 0 0.0243923 0.000000042652186 8.953958 0.7309921 0 0 -0.7309921 8.953958 0 0.0243923 0 0 18.625706 
100.5 18.221169 -0.0000000015439373 0 0.0000032931566 0.000000012389342 8.150819 0.00010663085 0 0 -0.00010663085 8.150819 0 0.0000032931566 0 0 18.221169 
101.5 19.315311 -0.000000007074834 0 0.00001787208 0.000000017783597 8.765856 0.030170258 0 0 -0.030170258 8.765856 0 0.00001787208 0 0 19.315311 
102.5 19.821688 0.00000002943513 0 -0.000007481547 -0.00000001995587 8.865453 -0.000022378284 0 0 0.000022378284 8.865453 0 -0.000007481547 0 0 19.821688 
103.5 19.326584 0.0000000028590397 0 -0.00021549477 0.000000037967546 8.071349 -0.007966605 0 0 0.007966605 8.071349 0 -0.00021549477 0 0 19.326584 
104.5 19.270538 0.000000004502409 0 -0.000015658443 0.000000017961257 7.739861 -0.0005442351 0 0 0.0005442351 7.739861 0 -0.000015658443 0 0 19.270538 
105.5 19.292233 0.0000000006765996 0 -0.000038494356 0.000000022083967 7.3920465 -0.00071679056 0 0 0.00071679056 7.3920465 0 -0.000038494356 0 0 19.292233 
106.5 18.532352 -0.000000024162528 0 -0.000013652258 0.00000003033929 6.4745436 0.00052014366 0 0 -0.00052014366 6.4745436 0 -0.000013652258 0 0 18.532352 
107.5 18.009924 0.000000031186634 0 -0.00004047528 0.000000032877114 5.799905 -0.000013119541 0 0 0.000013119541 5.7999043 0 -0.00004047528 0 0 18.009924 
108.5 18.13846 0.0000000037159646 0 -0.00012691319 0.000000049161912 5.236803 -0.0016629938 0 0 0.0016629938 5.236803 0 -0.00012691319 0 0 18.13846 
109.5 17.892181 0.00000000046237422 0 -0.000022932887 -0.000000072520955 4.385498 0.0018581674 0 0 -0.0018581674 4.385498 0 -0.000022932887 0 0 17.892181 
110.5 17.2432 -0.000000009043426 0 -0.0000027045608 0.0000000091861665 3.6483855 -0.00009223819 0 0 0.00009223819 3.6483855 0 -0.0000027045608 0 0 17.2432 
111.5 16.826262 0.00000001617388 0 0.00001917826 0.000000026953755 3.2145016 0.000057563186 0 0 -0.000057563186 3.2145016 0 0.00001917826 0 0 16.826262 
112.5 16.489452 0.000000024182974 0 0.0000002682209 -0.000000023486058 2.7622094 -0.00003639236 0 0 0.00003639236 2.7622094 0 0.0000002682209 0 0 16.489452 
113.5 16.42452 0.000000007088802 0 -0.000021219254 -0.00000002184853 1.7334768 -0.00009086728 0 0 0.00009086728 1.7334772 0 -0.000021219254 0 0 16.42452 
114.5 17.195599 0.00000003879003 0 -0.000009149313 0.0000000019173847 0.5469322 -0.00007774681 0 0 0.00007774681 0.5469323 0 -0.000009149313 0 0 17.195597 
115.5 18.17053 -0.000000026853272 0 0.00000047683716 0.000000019234744 -0.2907492 0.00023433566 0 0 -0.00023433566 -0.2907492 0 0.00000047683716 0 0 18.17053 
116.5 18.814209 -0.00000001748644 0 0.0005418658 -0.000000030112236 -1.0238916 0.0034650564 0 0 -0.0034650564 -1.0238916 0 0.0005418658 0 0 18.814209 
117.5 19.418331 0.000000033701976 0 0.000054001808 0.000000009397214 -1.0108701 0.000069856644 0 0 -0.000069856644 -1.0108701 0 0.000054001808 0 0 19.418331 
118.5 19.451843 -0.0000000706818 0 0.000005364418 0.00000008230336 -0.4478867 -0.00005298853 0 0 0.00005298853 -0.4478867 0 0.000005364418 0 0 19.451843 
119.5 18.684248 -0.000000031886657 0 0.000027298927 -0.00000007295937 0.10911322 0.000006645918 0 0 -0.000006645918 0.10911322 0 0.000027298927 0 0 18.684248 
120.5 17.278904 -0.0000000123535315 0 0.000018000603 -0.000000020614952 1.1310049 -0.000004887581 0 0 0.000004887581 1.131005 0 0.000018000603 0 0 17.278904 
121.5 14.949096 -0.00000003419076 0 0.0000346303 -0.00000016722284 1.9467546 -0.000029921532 0 0 0.000029921532 1.9467546 0 0.0000346303 0 0 14.949096 
122.5 12.307585 0.000000014840762 0 -0.000004529953 -0.000000026301745 2.4297462 -0.000032186508 0 0 0.000032186508 2.4297462 0 -0.000004529953 0 0 12.307585 
123.5 9.824872 -0.000000004379294 0 -0.000012114644 -0.000000027675881 2.7115858 -0.000034332275 0 0 0.000034332275 2.7115858 0 -0.000012114644 0 0 9.824872 
124.5 7.856384 -0.0000000011675725 0 -0.00001552701 0.00000005631646 2.5295367 -0.000021979213 0 0 0.000021979213 2.5295367 0 -0.00001552701 0 0 7.856384 
125.5 6.93635 -0.000000016379873 0 -0.000010788441 0.0000000125391715 2.4686604 0.0000073239207 0 0 -0.0000073239207 2.4686604 0 -0.000010788441 0 0 6.93635 
126.5 6.723882 0.0000000003845234 0 -0.0000028023496 -0.000000016876895 2.3719168 0.0000144168735 0 0 -0.0000144168735 2.3719168 0 -0.0000028023496 0 0 6.723882 
127.5 6.8789325 0.0000000061597483 0 0.000010709278 0.000000024915579 2.347969 -0.00038078986 0 0 0.00038078986 2.347969 0 0.000010709278 0 0 6.8789325 
128.5 6.7410035 0.0000000050540514 0 0.000001411885 0.0000000114558425 2.345919 -0.000015638769 0 0 0.000015638769 2.345919 0 0.000001411885 0 0 6.7410035 
129.5 6.168427 0.00000000045622534 0 -0.0000011660159 -0.0000000011112722 2.0709789 0.000010594726 0 0 -0.000010594726 2.0709789 0 -0.0000011660159 0 0 6.168427 
130.5 5.6300936 -0.0000000033302623 0 -0.000004221103 0.00000002045943 1.7924509 -0.000002792105 0 0 0.000002792105 1.7924509 0 -0.000004221103 0 0 5.6300936 
131.5 5.4071045 -0.0000000147782035 0 -0.000003210269 0.000000012814951 1.4425957 0.00000040698797 0 0 -0.00000040698797 1.4425957 0 -0.000003210269 0 0 5.4071045 
132.5 5.7395535 0.0000000004228113 0 -0.00000059604645 -0.000000005756939 1.3133534 0.000004491303 0 0 -0.000004491303 1.3133534 0 -0.00000059604645 0 0 5.7395535 
133.5 6.0904307 -0.00000000071926815 0 0.0000013629906 -0.0000000053335567 1.2301464 -0.000029426534 0 0 0.000029426534 1.2301462 0 0.0000013629906 0 0 6.0904307 
134.5 6.227185 -0.00000000053183175 0 -0.0000029385556 -0.000000028136284 1.0875307 -0.000008435454 0 0 0.000008435454 1.0875307 0 -0.0000029385556 0 0 6.227185 
135.5 6.0762787 0.00000000065093175 0 -0.000005510141 -0.000000021459707 0.98751545 -0.0000054043776 0 0 0.0000054043776 0.98751545 0 -0.000005510141 0 0 6.0762787 
136.5 5.7929273 -0.00000000023531135 0 -0.0000016521662 -0.00000002896692 0.88063794 -0.0000061510364 0 0 0.0000061510364 0.88063794 0 -0.0000016521662 0 0 5.7929273 
137.5 5.6119733 0.0000000038028256 0 -0.000004719943 -0.000000016761325 0.66668904 -0.00004407135 0 0 0.00004407135 0.66668904 0 -0.000004719943 0 0 5.6119742 
138.5 5.4209557 -0.00000000055449934 0 0.00000050477684 0.0000000064078858 0.073627606 0.0000019492581 0 0 -0.0000019492581 0.073627606 0 0.00000050477684 0 0 5.4209557 
139.5 5.360564 0.00000000016813392 0 0.0000006489863 0.000000022073296 -0.41370052 0.00008019293 0 0 -0.00008019293 -0.41370052 0 0.0000006489863 0 0 5.360564 
140.5 5.3428364 -0.0000000008035892 0 -0.0000006619957 0.0000000059177085 -0.5231862 -0.000019702129 0 0 0.000019702129 -0.5231862 0 -0.0000006619957 0 0 5.3428364 
141.5 5.3786206 -0.000000001761248 0 -0.0000022269087 -0.000000007596669 -0.49668723 -0.00000006344635 0 0 0.00000006344635 -0.49668723 0 -0.0000022269087 0 0 5.3786206 
142.5 5.3471847 -0.0000000017237544 0 0.0000018905848 0.00000000006628977 -0.8031904 -0.00000530784 0 0 0.00000530784 -0.8031904 0 0.0000018905848 0 0 5.3471847 
143.5 5.305703 -0.0000000059464056 0 -0.0000012207893 -0.000000013315315 -1.4068382 0.00003535379 0 0 -0.00003535379 -1.4068383 0 -0.0000012207893 0 0 5.305703 
144.5 5.442212 -0.00000000030839425 0 -0.00000871333 -0.00000001416878 -1.8429949 -0.000006561142 0 0 0.000006561142 -1.842995 0 -0.00000871333 0 0 5.442212 
145.5 5.712307 0.0000000025080409 0 0.0000066207444 0.000000009169404 -2.29891 -0.0000025915806 0 0 0.0000025915806 -2.29891 0 0.0000066207444 0 0 5.7123075 
146.5 6.114606 -0.0000000056880953 0 -0.0000022896406 0.0000000043811834 -3.0666373 0.000004435975 0 0 -0.000004435975 -3.0666373 0 -0.0000022896406 0 0 6.114606 
147.5 6.5548573 -0.000000008039953 0 0.00000025883492 -0.0000000038178145 -4.0200987 -0.00005395536 0 0 0.00005395536 -4.0200987 0 0.00000025883492 0 0 6.5548573 
148.5 6.7908387 -0.000000004822423 0 0.0000016505655 -0.0000000041737613 -4.7528963 -0.000028977054 0 0 0.000028977054 -4.7528963 0 0.0000016505655 0 0 6.7908387 
149.5 6.563211 -0.0000000096207335 0 -0.00000032468233 -0.0000000060388703 -4.9348984 -0.0000067266883 0 0 0.0000067266883 -4.9348984 0 -0.00000032468233 0 0 6.563211 
150.5 5.767947 -0.000000008977389 0 0.0000003786554 -0.000000021001764 -4.5309668 -0.0000056055433 0 0 0.0000056055433 -4.5309668 0 0.0000003786554 0 0 5.767947 
151.5 4.514227 0.0000000046401856 0 0.0000019450963 0.000000008114104 -3.6523771 -0.000001571083 0 0 0.000001571083 -3.6523774 0 0.0000019450963 0 0 4.514227 
152.5 3.0671365 0.00000000052681504 0 0.0000035585253 0.000000001090648 -2.554286 0.00000035727862 0 0 -0.00000035727862 -2.554286 0 0.0000035585253 0 0 3.0671365 
153.5 1.7964796 0.000000005187201 0 0.0000015339137 0.000000007578156 -1.4661674 -0.00000029461808 0 0 0.00000029461808 -1.4661674 0 0.0000015339137 0 0 1.7964796 
154.5 0.8835589 -0.0000000002709954 0 0.0000008890729 0.000000000755456 -0.6378265 -0.000000055279088 0 0 0.000000055279088 -0.6378265 0 0.0000008890729 0 0 0.8835589 
155.5 0.33635628 -0.0000000007747388 0 0.0000018283918 -0.0000000006904177 -0.20445926 -0.00000046113564 0 0 0.00000046113564 -0.20445928 0 0.0000018283918 0 0 0.33635628 
156.5 0.17551345 -0.00000000016940391 0 0.00000053973963 -0.00000000027715444 -0.02383696 0.0000005208112 0 0 -0.0000005208112 -0.02383696 0 0.00000053973963 0 0 0.17551345 
157.5 0.17867197 -0.000000000043700245 0 -0.000000020664743 0.00000000004190253 -0.0317963 0.00000068311647 0 0 -0.00000068311647 -0.0317963 0 -0.000000020664743 0 0 0.17867197 
158.5 0.19210552 -0.0000000003684588 0 0.0000004516287 -0.00000000037807732 -0.08711803 -0.00000023963185 0 0 0.00000023963185 -0.08711803 0 0.0000004516287 0 0 0.19210552 
159.5 0.17576963 0.00000000014432344 0 0.000000965294 0.00000000014159324 -0.09215342 0.00000006705886 0 0 -0.00000006705886 -0.09215342 0 0.000000965294 0 0 0.17576963 
160.5 0.14082664 -0.000000000012857715 0 0.0000005059119 -0.00000000014659338 -0.052620176 0.0000001297849 0 0 -0.0000001297849 -0.05262018 0 0.0000005059119 0 0 0.14082664 
161.5 0.08097665 -0.00000000017027293 0 0.00000027010537 -0.00000000017255869 -0.026609253 0.00000019349955 0 0 -0.00000019349955 -0.026609253 0 0.00000027010537 0 0 0.08097665 
162.5 0.050502677 0.000000000009079744 0 0.00000031123636 -0.00000000006714564 -0.0014342617 -0.00000003528112 0 0 0.00000003528112 -0.0014342617 0 0.00000031123636 0 0 0.050502677 
163.5 0.047285 0.0000000000015238761 0 0.00000016989725 0.00000000009211493 0.007218837 0.00000013235694 0 0 -0.00000013235694 0.007218837 0 0.00000016989725 0 0 0.047285 
164.5 0.04595541 -0.0000000000029257133 0 0.00000019978233 -0.00000000013867739 -0.009644301 0.000000094667485 0 0 -0.000000094667485 -0.009644301 0 0.00000019978233 0 0 0.04595541 
165.5 0.05119217 0.000000000014254562 0 0.00000013192766 0.00000000006768535 -0.014928132 -0.00000013517274 0 0 0.00000013517274 -0.014928132 0 0.00000013192766 0 0 0.05119217 
166.5 0.037575323 0.00000000003310456 0 0.00000019895742 -0.000000000018453152 -0.012361886 0.0000002969282 0 0 -0.0000002969282 -0.012361886 0 0.00000019895742 0 0 0.03757532 
167.5 0.025945282 0.0000000000123576566 0 -0.000000025672307 -0.000000000019897653 -0.0003059544 -0.00000007308313 0 0 0.00000007308313 -0.0003059544 0 -0.000000025672307 0 0 0.025945282 
168.5 0.014773931 -0.000000000005428799 0 0.000000067418114 0.000000000012000498 -0.0003011254 0.000000083794475 0 0 -0.000000083794475 -0.00030112517 0 0.000000067418114 0 0 0.014773932 
169.5 0.015910946 0.0000000000046906723 0 0.00000011653282 0.0000000000016429306 0.0032464156 -0.00000018310743 0 0 0.00000018310743 0.0032464156 0 0.00000011653282 0 0 0.015910946 
170.5 0.01131019 0.0000000000020060366 0 0.00000006355091 0.0000000000021330262 -0.00009054823 -0.000000051145804 0 0 0.000000051145804 -0.00009054823 0 0.00000006355091 0 0 0.01131019 
171.5 0.010753407 -0.000000000009845649 0 0.000000053236135 -0.0000000000027441647 -0.0018250889 0.000000041975454 0 0 -0.000000041975454 -0.0018250889 0 0.000000053236135 0 0 0.010753407 
172.5 0.011226797 0.000000000015508582 0 0.000000053705207 -0.000000000013302147 -0.0006850333 0.0000000072982402 0 0 -0.0000000072982402 -0.0006850333 0 0.000000053705207 0 0 0.0112267975 
173.5 0.004929337 -0.0000000000050180663 0 -0.00000004392041 -0.0000000000052025975 -0.002528239 -0.000000008777647 0 0 0.000000008777647 -0.002528239 0 -0.00000004392041 0 0 0.004929337 
174.5 0.0042580753 0.000000000000018106122 0 -0.000000005473794 -0.0000000000012597253 0.0009551017 0.000000022081963 0 0 -0.000000022081963 0.0009551017 0 -0.000000005473794 0 0 0.0042580753 
175.5 0.0018095567 0.0000000000011002442 0 -0.000000022062068 -0.00000000000012547004 0.00030752103 0.000000024232804 0 0 -0.000000024232804 0.00030752103 0 -0.000000022062068 0 0 0.0018095567 
176.5 0.0012691943 -0.0000000000003212522 0 0.000000030909213 -0.0000000000011928162 0.000038348346 -0.000000018183982 0 0 0.000000018183982 0.000038348346 0 0.000000030909213 0 0 0.0012691945 
177.5 0.0009917474 -0.00000000000029366302 0 0.0000000013348824 0.0000000000017857885 0.00046113326 -0.0000000060231287 0 0 0.0000000060231287 0.00046113326 0 0.0000000013348824 0 0 0.0009917474 
178.5 0.00020802974 -0.000000000000021578286 0 0.000000006333084 0.0000000000000389401 -0.000083494364 0.0000000064581496 0 0 -0.0000000064581496 -0.000083494364 0 0.000000006333084 0 0 0.00020802974 
179.5 0.00007722086 0.00000000000004018026 0 -0.000000007273158 0.000000000000095738074 -0.0000056434487 -0.000000004108017 0 0 0.000000004108017 -0.0000056434496 0 -0.000000007273158 0 0 0.00007722086 
