0.25 14924621 684.922 -3.9326553 -4.3165894 710.3782 14923383 38.75042 -5.8309746 -3.830677 -38.73919 14923378 66.89758 -6.0015297 6.0616875 -42.45874 14922182 
0.75 11752753 5724.0815 -11.740513 1.7475557 5934.986 11751399 25.04542 -2.2606354 -11.802464 -25.039696 11751396 275.95862 0.4185815 2.640993 -70.523865 11750433 
1.25 7075196 13642.166 -27.424177 3.237835 14138.52 7073648 14.167227 -5.436947 -27.683617 -14.18956 7073650.5 -813.2168 2.6092463 6.1727715 1309.1533 7073111.5 
1.75 3059753 20754.514 -26.94622 2.5719123 21509.33 3058014.3 6.8613186 -9.320814 -27.49384 -6.9461026 3058025.8 -4319.401 2.62494 10.158394 5100.133 3057981.8 
2.25 993985 23381.936 -13.059584 0.7391777 24263.104 992168.44 4.7592793 -10.524466 -13.893895 -4.943523 992195.6 -9274.014 1.2047443 11.100012 10222.772 992577.25 
2.75 731161.75 19914.506 0.9796648 -0.2993965 20752.34 729453.8 4.898407 -5.4613476 0.057229042 -5.1388597 729504.2 -12910.501 0.2630024 5.5673866 13851.434 730114.4 
3.25 1219663 11956.079 5.474506 0.06833458 12619.164 1218227.5 5.101269 4.631027 4.807117 -5.324827 1218302.1 -12809.9795 0.5396137 -4.93548 13582.301 1218925.3 
3.75 1485403.6 3364.4106 2.8946066 2.919407 3806.0723 1484271 1.5101118 14.30447 2.7088716 -1.6479807 1484364 -8906.859 3.1207619 -14.7566185 9422.568 1484891 
4.25 1228453.3 -2262.7324 1.6541783 4.187914 -2005.5771 1227501.8 -0.3258705 18.22224 1.9888374 0.32380867 1227599.3 -3578.5225 4.292572 -18.598415 3839.2087 1228069.5 
4.75 718998.8 -3661.6917 4.8060856 3.5086012 -3510.1313 718052.94 -0.5075984 15.351548 5.429674 0.6165829 718139.8 185.15305 3.5266619 -15.598852 -109.23492 718664.2 
5.25 322938.66 -1993.5308 7.922042 1.4030442 -1882.18 321911.1 0.111572266 9.5173855 8.4907875 0.08280134 321976.88 870.00037 1.3251421 -9.686531 -877.2923 322602.94 
5.75 168230.89 653.5184 6.0931463 -0.57063675 740.4229 167186.84 0.18101299 5.2122264 6.3473887 0.082145095 167226.05 -820.2526 -0.7535958 -5.3366036 826.2576 167876.02 
6.25 156898.5 2727.7798 0.3058834 -1.2914515 2761.1138 155979.02 -0.63265896 4.180911 0.1952858 0.9412379 155990.89 -2898.3035 -1.5477281 -4.209179 2980.4016 156529.95 
6.75 156954.95 3606.5728 -4.4546614 -0.8771744 3551.6877 156235.94 -1.3391399 5.016968 -4.790599 1.6269932 156220.98 -3706.6204 -1.1353941 -4.8830996 3877.1992 156587.45 
7.25 125544.984 3257.0928 -5.201984 -0.14308119 3115.5154 124962.25 -1.2770205 5.2452226 -5.5455 1.4737201 124919.63 -2916.127 -0.34924555 -4.953383 3140.047 125189.41 
7.75 88297.95 1979.2289 -3.3566878 0.19543648 1798.2355 87706.01 -0.66644764 3.7376723 -3.5412326 0.76305676 87633.4 -1351.0968 0.05475664 -3.3758307 1570.459 87954.99 
8.25 67831.34 390.08627 -1.878617 0.104281425 233.23769 67133.836 -0.16195917 1.378216 -1.8558314 0.22264248 67030.36 -79.579254 0.009547472 -1.0444897 247.5178 67495.01 
8.75 57944.895 -759.01495 -1.8381951 -0.01601243 -853.15875 57174.547 0.013194695 -0.13749725 -1.6606011 0.09470552 57046.14 359.34128 -0.08399856 0.39699835 -257.50418 57612.35 
9.25 45814.97 -1042.1587 -2.0496068 0.13539505 -1077.6318 45099.938 0.028400391 -0.16434288 -1.8155198 0.14374934 44961.543 84.81245 0.10501003 0.35183752 -34.65806 45493.035 
9.75 31934.879 -639.06104 -1.301678 0.3801148 -645.5381 31392.857 0.19277686 0.3988744 -1.0933201 0.009020627 31264.082 -470.6371 0.3983705 -0.27191508 493.18253 31638.037 
10.25 24412.195 -82.4675 0.43552947 0.4304886 -84.43538 24063.875 0.41496024 0.10595703 0.5637338 -0.21839163 23959.947 -906.0801 0.455765 -0.026821613 916.3435 24152.932 
10.75 25501.887 245.19623 1.7884374 0.022634745 245.17545 25261.982 0.8275717 -0.4084096 1.8541005 -0.67648375 25186.89 -972.2111 0.05221188 0.43171906 970.1866 25282.398 
11.25 30036.473 324.64044 2.4282558 -0.3664621 339.25253 29775.11 0.7886338 -1.2442696 2.4089377 -0.64962745 29721.912 -589.27484 -0.40714985 1.2571423 564.17004 29847.922 
11.75 32616.084 304.1752 2.032415 -0.6148175 343.38565 32241.459 0.49621195 -1.2152548 1.9507587 -0.355686 32198.678 92.56428 -0.7091031 1.2542207 -152.1316 32444.928 
12.25 31520.998 262.14816 1.157932 -0.6440147 320.066 31030.207 0.17036378 -0.63202536 1.0576452 -0.032197475 30988.076 708.82764 -0.7506631 0.70505047 -804.3009 31356.158 
12.75 27364.625 195.32759 0.62729573 -0.528948 249.56738 26832.121 -0.0027952194 -0.1999209 0.56751543 0.11023462 26785.346 901.9372 -0.62433404 0.2910617 -1019.0621 27201.152 
13.25 21913.04 116.16072 0.7008929 -0.3284595 138.76007 21427.49 0.04720068 -0.015434265 0.7265655 -0.012978077 21374.404 611.65076 -0.41267252 0.10519746 -723.89795 21752.016 
13.75 18190.158 52.782093 0.89843327 -0.07093084 27.078007 17789.166 0.13378704 0.3389995 1.0062647 -0.19501054 17729.428 119.498795 -0.13728666 -0.24958588 -199.82312 18035.205 
14.25 18662.188 -9.771151 0.45251828 0.1601392 -76.15263 18318.46 0.08578253 0.9698948 0.58257747 -0.21535957 18250.188 -227.2967 0.12833393 -0.85583955 193.73323 18514.271 
14.75 22107.934 -98.70791 -0.79092896 0.22002101 -175.51556 21772.885 -0.12452209 1.3182065 -0.7221917 -0.017342567 21690.912 -312.7233 0.2157929 -1.1562921 322.7211 21961.166 
15.25 23903.912 -171.17844 -2.1170695 0.09166819 -223.6015 23559.111 -0.27387947 0.8353561 -2.1587012 0.1476683 23457.098 -261.4641 0.07051104 -0.6459356 296.64807 23747.117 
15.75 20672.123 -141.81268 -2.578068 -0.10667789 -152.17334 20335.855 -0.22790462 -0.2525396 -2.7158592 0.08874844 20212.557 -218.13326 -0.17234555 0.4035544 253.27582 20496.746 
16.25 13914.408 -9.349491 -1.9750085 -0.19017082 14.741678 13604.874 -0.014434516 -1.1031338 -2.1482618 -0.16937935 13469.586 -200.05856 -0.2696309 1.1420856 213.52446 13722.644 
16.75 8160.786 111.86101 -0.9326139 -0.06823957 147.41905 7865.432 0.23536974 -1.0982658 -1.0908252 -0.4359749 7736.1743 -158.62541 -0.101504266 1.005783 142.06866 7966.57 
17.25 6134.8477 124.53138 -0.3189834 -0.7631545 149.83882 5820.56 -0.51273435 -0.4281565 -0.37392747 0.31905073 5714.6797 -91.68462 -0.7619667 0.1704376 53.955093 5956.1035 
17.75 6704.6206 64.00822 -0.3041575 -0.00311099 68.62126 6351.773 -0.02888149 0.41031635 -0.3605445 -0.047471672 6275.932 -39.143364 0.018955976 -0.5960363 -0.08129642 6553.114 
18.25 7199.599 31.90866 -0.72073203 0.09918295 17.657463 6819.3364 -0.10543473 0.75312597 -0.7400237 0.08706044 6767.1934 -18.2559 0.08481157 -0.8430833 -5.521193 7076.1367 
18.75 6505.046 54.251556 -0.9966152 0.031127684 32.090687 6126.6377 -0.1346709 0.5449761 -0.9723788 0.123343736 6084.353 -26.180117 0.0009762794 -0.5203667 22.409153 6401.0625 
19.25 5552.7715 66.58922 -0.78225404 -0.055382907 51.77901 5201.574 -0.043788895 0.16187827 -0.7228468 0.038298905 5156.032 -91.96415 -0.047315955 -0.046993203 102.32118 5455.532 
19.75 5637.9766 26.709513 -0.15171626 -0.11803199 31.155224 5324.5747 0.102664255 0.031446032 -0.07222612 -0.06403427 5268.841 -254.29224 -0.05028139 0.12492138 271.42072 5536.2173 
20.25 6946.298 -30.858496 0.48350075 -0.07844293 -6.300371 6666.5454 0.2138381 0.36751017 0.5649417 -0.1187959 6601.33 -473.5389 0.018055992 -0.21727794 493.5129 6834.8423 
20.75 8465.512 -67.748886 0.7081097 0.04673636 -33.63183 8204.409 0.20962736 0.95079994 0.77893436 -0.09745079 8136.514 -623.5001 0.13488722 -0.83897185 643.05396 8347.101 
21.25 8843.554 -102.73868 0.4557178 0.16312253 -71.81325 8584.171 0.11655977 1.3106558 0.5022823 -0.033923052 8522.75 -608.9972 0.23694271 -1.2457936 622.2655 8725.9795 
21.75 7423.5713 -155.78848 0.047779433 0.18473773 -132.60992 7160.813 0.029063314 1.1205984 0.049784727 0.020782322 7112.5254 -463.12796 0.25556773 -1.0897818 464.7365 7313.218 
22.25 4838.21 -178.45648 -0.11678847 0.10348606 -158.23915 4584.164 0.031132862 0.5010697 -0.17628583 0.01677952 4549.793 -295.99976 0.1711686 -0.48108077 287.3278 4734.988 
22.75 2635.203 -105.83033 0.062376887 -0.011308484 -82.820076 2404.5122 0.13302207 -0.106150486 -0.058010697 -0.074604526 2379.403 -175.31046 0.03954395 0.13651934 165.31847 2533.602 
23.25 2047.6643 35.205044 0.33919272 -0.08534372 59.425503 1834.939 0.29516497 -0.33343592 0.17354026 -0.25105187 1812.7892 -99.927444 -0.059399024 0.38084048 98.175644 1942.9836 
23.75 2992.761 134.1385 0.50269747 -0.09757091 150.34117 2769.366 1.051805 -0.33468437 0.32382256 -1.0524446 2746.3616 -66.85933 -0.087558016 0.36926702 75.49139 2886.6204 
24.25 4308.0254 126.65694 0.096818104 -0.060014278 124.51469 4046.6555 -0.007598132 0.07844702 -0.04940839 -0.028064743 4023.1584 -94.36153 -0.05522044 -0.06996347 106.80681 4208.16 
24.75 4894.0005 65.203766 -0.19447665 -0.060581625 40.538254 4596.553 -0.022884306 0.03792572 -0.2477641 -0.023004223 4575.7637 -161.13574 -0.029518485 -0.08925863 168.56725 4808.582 
25.25 4511.5024 34.34665 -0.32117325 -0.13198733 -6.926395 4210.0854 -0.09168422 -0.17666806 -0.25944403 0.047471464 4194.7383 -188.90407 -0.049498737 0.10534461 188.57626 4442.483 
25.75 3637.0413 41.531075 -0.22705 -0.23934555 -0.66817474 3366.253 -0.10117555 -0.3731708 -0.104080014 0.03559792 3355.0876 -136.00887 -0.10397801 0.3565556 134.9445 3576.9172 
26.25 2904.08 37.043785 -0.047020666 -0.3093071 14.303326 2671.2048 -0.059700012 -0.43262097 0.033476576 -0.05878097 2657.3008 -80.62363 -0.15644611 0.5054518 91.34548 2837.8596 
26.75 2751.5552 12.976188 0.062159747 -0.28309953 25.609596 2530.2031 -0.019396931 -0.39546764 0.03469333 -0.15023306 2502.9207 -149.03165 -0.1618335 0.5037217 179.74423 2662.9202 
27.25 3263.3987 19.238544 0.06292552 -0.19738472 69.72104 3013.176 -0.030034764 -0.36379915 -0.044935554 -0.14191732 2963.5442 -357.11246 -0.12770602 0.41686612 403.75815 3142.218 
27.75 4058.4836 76.997986 0.016898632 -0.12905316 151.98982 3754.1204 -0.0735296 -0.35400605 -0.088170394 -0.026096642 3680.716 -568.9794 -0.0928816 0.31809396 616.6685 3905.8738 
28.25 4461.4434 132.00406 -0.004167512 -0.12330578 209.10751 4111.161 -0.101712555 -0.31138325 -0.05448386 0.1286081 4022.5283 -630.1959 -0.09982012 0.23468144 664.10175 4289.458 
28.75 4051.303 123.01919 -0.011502847 -0.15708867 182.28589 3692.078 -0.0704087 -0.1972264 -0.013738051 0.21105692 3603.7148 -511.2683 -0.15093806 0.1499818 527.65704 3877.1052 
29.25 3064.1494 60.578197 -0.07533932 -0.17657888 93.06809 2736.0063 -0.014374107 -0.020206362 -0.05394025 0.17351842 2663.228 -306.31342 -0.19183585 0.029294938 313.21585 2902.0007 
29.75 2135.8828 0.884634 -0.253311 -0.16647336 9.395691 1853.1874 0.017079517 0.13811609 -0.21735215 0.036213636 1803.6371 -130.56264 -0.16682974 -0.08299866 137.62602 1991.5476 
30.25 1706.0072 -35.82895 -0.44847462 -0.026862085 -43.002586 1448.5669 0.10798646 0.1422293 -0.40561166 -0.21047524 1418.611 -52.6222 0.041276336 -0.06874494 60.92927 1576.407 
30.75 1815.5438 -76.180595 -0.60363615 -0.1512413 -93.0851 1547.0248 -0.046355933 0.18422678 -0.62264264 -0.10790114 1524.7123 -90.37832 -0.0073077083 -0.074249685 93.06164 1693.2556 
31.25 2357.9478 -127.500175 -0.5684361 -0.057495773 -153.65987 2054.5825 -0.01306311 0.19658782 -0.669253 -0.052944206 2028.1046 -204.07494 0.05578664 -0.101809025 196.95146 2237.3467 
31.75 3179.571 -147.77058 -0.59669274 0.08094823 -183.70381 2844.1807 -0.008066565 0.35074285 -0.74555343 0.07539028 2809.775 -287.69528 0.05066085 -0.31529555 278.11935 3060.0835 
32.25 3869.034 -97.59514 -0.8989063 0.17678207 -136.78806 3522.0728 -0.095125675 0.45553625 -0.99581033 0.19170839 3484.1785 -232.03304 0.015270114 -0.5048996 235.51376 3752.25 
32.75 3838.7454 9.774433 -1.285813 0.11778295 -16.430073 3499.8413 -0.225838 0.1826774 -1.2417951 0.24365234 3461.915 -48.175095 -0.01420486 -0.3098371 74.597084 3720.5266 
33.25 2966.646 131.97249 -1.2166228 -0.10108432 136.53015 2643.3594 -0.24656793 -0.43777144 -1.0212286 0.23342165 2597.6362 97.17472 -0.048529148 0.27444822 -54.774635 2831.254 
33.75 2010.7482 242.30159 -0.43498075 -0.2772621 282.82608 1698.3627 -0.04725808 -0.8167035 -0.16194649 0.14880662 1626.7157 25.543385 -0.068636954 0.69248146 12.062905 1835.5956 
34.25 1989.4795 320.5031 0.54347503 -0.18608361 382.40695 1675.8627 0.2240987 -0.40138876 0.7818635 0.008113012 1565.2627 -261.6213 -0.027447999 0.40476865 275.79547 1761.6211 
34.75 3065.3901 326.16656 0.882511 0.13907567 382.96838 2736.9932 0.28168967 0.544074 0.99479425 -0.11627832 2597.4902 -564.5652 0.06930904 -0.3873181 553.47955 2798.1 
35.25 4304.947 238.48312 0.39137498 0.40753695 269.30493 3953.6897 0.040647954 1.1009337 0.35737762 -0.1460306 3819.7014 -673.4849 0.13716948 -0.8822509 651.50916 4036.8765 
35.75 4671.874 126.32421 -0.21464196 0.39587647 128.26802 4299.8677 -0.21665567 0.7661754 -0.32921386 -0.09785098 4207.0127 -560.67035 0.11299689 -0.64009506 542.43823 4442.1167 
36.25 4050.671 114.7281 -0.22652707 0.2238658 100.403915 3667.7285 -0.14568883 0.10070908 -0.30816224 -0.09020302 3620.0383 -383.92975 0.073091924 -0.13600518 367.97818 3864.7834 
36.75 3142.6084 231.05115 0.12590832 -0.009316444 215.60648 2758.537 -0.18212074 -0.11473214 0.09844329 0.21926191 2714.3757 -331.22525 -0.04297903 -0.040163636 299.26877 2958.1614 
37.25 2602.0542 314.53412 0.17460243 0.09499809 305.10226 2223.3354 0.041195005 0.30062693 0.29381222 0.1486907 2117.7515 -481.38632 0.12054962 -0.39123255 414.94363 2351.837 
37.75 2605.6172 150.7562 -0.22167778 0.06355834 146.02159 2240.823 -0.11738272 0.41915238 -0.01466129 0.19029285 2032.8925 -778.9583 0.1720053 -0.3843494 679.003 2247.0615 
38.25 3142.6199 -278.73245 -0.27569285 -0.18292886 -282.90463 2806.288 -0.25143573 -0.06371018 -0.11330925 0.09905093 2515.971 -1083.5096 0.05629891 0.20817122 975.28424 2696.9023 
38.75 4215.414 -719.93304 0.55305487 -0.32464522 -727.82495 3917.526 -0.0416474 -0.42430642 0.44357538 -0.20775858 3620.3328 -1231.3721 -0.043614924 0.6122807 1148.9174 3762.6577 
39.25 5506.745 -858.37836 1.5414069 0.03593695 -876.5804 5233.0474 0.32364422 0.12070301 1.0144398 -0.5004487 5012.5615 -1109.876 0.1289531 -0.027445018 1071.5936 5135.7124 
39.75 6209.782 -601.83856 1.3517869 0.7518708 -639.17535 5916.405 0.31199366 1.0415801 0.584471 -0.36602062 5809.3066 -739.8043 0.49855018 -1.2831392 734.4513 5957.032 
40.25 5704.064 -136.57751 -0.14802298 1.0212312 -196.30301 5341.2676 -0.20398134 1.0958548 -0.6095151 0.24839851 5316.26 -297.93954 0.6406293 -1.732116 293.09784 5527.7217 
40.75 4458.1226 272.3879 -1.4899806 0.34443673 201.01268 4006.7126 -0.6413814 -0.10945469 -1.2655624 0.78797483 3990.1094 -23.599918 0.250526 -0.5970839 -8.226437 4264.94 
41.25 3889.5903 490.3767 -1.153312 -0.74144 427.79028 3375.5671 -0.35779077 -1.352191 -0.54262894 0.60088825 3298.9788 -66.85112 -0.35771143 1.1387902 8.560189 3593.547 
41.75 5067.3423 534.2684 0.61852825 -1.117415 491.1795 4539.7275 0.46215382 -1.2468948 0.7962251 -0.23128057 4374.755 -402.5598 -0.53888685 1.7216777 346.37476 4638.858 
42.25 7658.3574 478.75568 2.040651 -0.3560869 439.39008 7152.0796 0.9584664 0.045033857 1.324894 -0.8743631 6918.438 -857.1406 -0.0788112 0.5817168 834.7909 7137.928 
42.75 10320.95 436.3215 1.7424526 0.78078926 366.97873 9838.091 0.5811159 1.1419593 0.6245158 -0.6177001 9592.715 -1192.2032 0.5544094 -1.1375911 1208.7661 9795.955 
43.25 12037.072 613.4868 0.1832425 1.0438253 496.6826 11554.227 -0.26725715 1.100024 -0.30367905 0.274445 11360.363 -1213.4604 0.58042765 -1.8412802 1237.4988 11587.215 
43.75 12894.916 1234.9597 -1.158037 0.30213392 1098.7404 12376.938 -0.6672873 0.45219064 -0.64418405 0.80921423 12235.786 -947.69916 0.047537446 -1.1992259 928.53094 12508.509 
44.25 13761.632 2237.5715 -1.3953286 -0.6099677 2144.976 13168.037 -0.3870439 0.014166828 -0.5469346 0.51433635 12925.986 -836.4499 -0.46673477 0.027138747 734.08856 13251.52 
44.75 15673.093 3008.816 -0.7668044 -1.2940238 3006.1667 14969.037 1.2725749 0.1007496 -0.35069224 -1.088228 14292.19 -1670.9147 -0.82751536 0.29175177 1478.5431 14678.559 
45.25 19650.332 2626.2139 0.06586531 -0.7094004 2693.281 18835.545 -0.14879668 -0.9093532 -0.33104035 -0.07984877 17370.469 -4010.515 -0.38432956 1.7406032 3761.0232 17820.662 
45.75 26415.703 681.45197 1.2869377 0.10863185 735.2152 25548.436 0.37681276 -0.250344 0.66936195 -0.32114345 23253.568 -7352.687 0.31078142 0.4574318 7107.599 23738.959 
46.25 35256.156 -1924.8038 1.9345727 0.5003179 -1965.3353 34431 0.17028654 0.22875312 1.6226486 0.23335725 31821.422 -9904.647 0.40340686 -0.34833187 9727.653 32280.68 
46.75 42964.62 -3160.8564 1.1953413 0.8359734 -3301.305 42237.566 -0.12282336 2.1741166 1.1564039 0.49611852 40193.96 -9670.715 0.46334833 -2.1524348 9588.501 40585.805 
47.25 44984.332 -1332.6249 -0.93390495 0.9762987 -1492.3778 44310.05 -0.86138165 2.761149 -0.96980006 0.7452327 43388.402 -6368.829 0.53186476 -2.665164 6343.2656 43752.875 
47.75 39268.305 3095.8965 -2.9989452 0.4110005 3014.7988 38524.68 -1.3859869 1.0372055 -2.9202206 0.8033152 38237.54 -2468.168 0.28220224 -1.1932676 2411.9673 38685.863 
48.25 29742.748 7058.6685 -2.590949 -0.8256693 7083.8696 28839.664 -0.97133934 -2.0935605 -2.197981 0.47139347 27649.348 -1845.165 -0.46278644 1.76706 1686.1437 28265.43 
48.75 24999.904 6801.4053 0.43609905 -1.3016663 6868.787 23972.387 0.34559816 -3.2468677 0.7753676 -0.26218367 20302.377 -6559.9697 -0.7783823 3.1484838 6306.967 21045.088 
49.25 31609.576 1084.2968 3.199006 -0.4174893 1103.717 30594.127 1.3658445 -0.7602196 3.024396 -0.9565375 24227.635 -14418.837 -0.37623882 1.2668148 14163.861 24946.174 
49.75 47365.543 -7032.7134 2.4879436 -0.055685043 -7094.542 46470.06 -1.0649257 2.4536238 2.0673711 0.69173634 39109.31 -19954.203 -0.82104135 -0.8298135 19797.424 39678.434 
50.25 61443.13 -11899.358 -1.8307341 2.0384588 -12006.605 60635.05 -1.1459141 2.3939333 -2.1616373 0.63729894 54882.08 -18670.004 1.0756333 -2.6384838 18633.893 55331.977 
50.75 62731.08 -9647.113 -4.842047 0.97642934 -9759.29 61859.76 -1.7175119 0.16046166 -4.1924996 0.8546293 59242.535 -11090.777 0.631387 -0.63977647 11109.085 59746.31 
51.25 49604.09 -1669.928 -3.5662599 -1.539079 -1797.4891 48542.06 -1.1335592 -4.0030684 -2.3500664 0.83011866 48203.793 -2853.521 -0.9470084 3.6346302 2847.9924 48922.47 
51.75 31893.63 6095.1655 0.8974662 -1.9671693 5916.948 30656.043 1.3089712 -3.7611465 1.4383869 -0.79040647 29953.275 -258.68948 -1.0960195 4.113802 219.45721 30887.809 
52.25 22697.193 7866.7256 3.8282127 -0.2132256 7655.13 21424.98 2.2445703 0.0023272485 3.3231027 -1.4193168 18033.938 -5040.825 0.06928468 0.68027043 5025.7554 19031.05 
52.75 27251.723 2724.8003 2.1269755 1.632937 2569.721 26078.523 0.91488695 3.5849595 1.5011774 -0.51888955 19842.627 -12994.578 1.2255487 -3.263408 13048.181 20744.467 
53.25 39046.58 -4847.353 -1.884288 1.7077433 -4867.1724 37991.223 -0.8182621 2.987794 -1.8274455 0.35115838 30940.08 -17698.246 1.3455644 -3.433437 17786.15 31717.764 
53.75 46381.613 -8998.694 -3.4700925 0.03225851 -8917.979 45370.266 -1.930373 -0.15747559 -2.9085548 1.201354 39992.324 -15873.978 0.32799935 -0.18151337 15910.588 40728.785 
54.25 42771.54 -7331.8867 -0.87268233 -1.5478024 -7292.485 41747.94 -0.32020664 -2.748102 -0.5967078 -0.030841589 39111.875 -9610.421 -0.88201785 2.436953 9551.311 39872.8 
54.75 31503.078 -2228.933 2.2240622 -0.876801 -2351.9697 30492.139 1.3797235 -1.7186809 1.8596326 -1.0494618 29784.676 -3835.3672 -0.6711259 1.2998126 3729.6367 30538.463 
55.25 21070.838 2020.0122 1.999491 0.91883326 1752.1538 20126.799 1.507247 1.0827957 1.9290862 -0.8574743 19734.938 -1881.4865 0.33391333 -1.7389481 1824.0151 20412.68 
55.75 16997.293 3072.576 -1.3074967 1.6622827 2795.0054 16110.978 0.17216682 2.4294486 -0.4178164 0.29789424 15029.002 -3290.616 0.8706238 -2.6043005 3325.9556 15637.02 
56.25 18016.25 1787.0282 -3.4920049 0.5417707 1616.0094 17105.492 -0.91930246 1.0705037 -2.5427375 1.0189431 15430.69 -5281.0493 0.3129177 -0.08242047 5362.502 16063.453 
56.75 19118.697 393.5023 -1.781537 -0.8162532 325.5739 18120.19 -0.7460108 -1.1965151 -2.4067862 0.6482258 16502.396 -5713.608 -0.48991776 2.684217 5755.571 17231.78 
57.25 17098.709 84.4399 1.4802369 -0.6871457 31.269241 16050.177 0.21769476 -1.8984053 -0.7315115 -0.28604126 14913.233 -4557.7534 -0.6045971 2.0614822 4516.9526 15692.167 
57.75 12870.517 426.3181 2.1008108 0.73247004 324.96564 11880.971 0.4657514 -0.44774514 0.55331326 -0.34873295 11172.093 -3039.6821 0.08425236 -1.2997973 2940.036 11876.698 
58.25 9279.718 539.43945 -1.1800196 1.4030657 403.5414 8420.606 -0.42187834 0.92524135 0.08788656 0.63549244 7894.779 -2048.8562 0.42756844 -3.1063306 1939.8282 8456.973 
58.75 7778.8237 241.8786 -4.208042 0.29063845 111.221985 7022.678 -1.1060909 0.20360678 -0.9364716 1.0900359 6565.6494 -1551.2128 -0.03550005 -0.33497664 1459.3029 7035.8516 
59.25 7510.073 -22.745657 -3.598101 -1.6307635 -146.67201 6779.1543 -0.8421693 -0.7502652 -1.639369 0.79699063 6436.808 -1147.3776 -1.1090155 3.272894 1071.717 6909.122 
59.75 6951.499 48.60473 0.7106901 -2.0270152 -95.753685 6205.5576 0.46330595 -1.5980885 -0.89203185 -0.83389497 6024.09 -714.82416 -1.3804054 4.1558456 652.62775 6527.4844 
60.25 5652.228 286.90903 3.6105068 -0.34086657 124.33261 4910.4243 1.0797853 -1.6326199 0.24042016 -1.4377882 4846.222 -410.55325 -0.5772228 0.94195265 369.1708 5336.0225 
60.75 4283.097 400.3279 1.6147144 1.3974633 264.92603 3571.04 0.48295045 -0.7112552 0.45636156 -0.67326593 3539.7 -325.87894 0.21227074 -3.1110103 309.96725 3982.2246 
61.25 3568.8262 357.9199 -2.9940846 1.2430005 282.33292 2874.9326 -0.5963477 -0.30364975 -0.13630055 0.75875604 2823.9434 -357.97177 0.12065649 -3.081833 359.45285 3250.1597 
61.75 3510.66 300.8444 -4.7863955 -0.52704644 257.6774 2807.4624 -0.7756158 -0.6087575 -0.6843531 1.2021412 2729.2134 -387.45313 -0.6262517 1.1411468 394.33932 3189.667 
62.25 3603.961 281.15375 -1.3923293 -1.926466 211.58646 2893.0862 0.14759302 -1.0209851 -0.6575962 0.24251235 2803.309 -393.15 -1.1056192 4.991747 403.25735 3297.2107 
62.75 3492.4897 230.63345 3.3385694 -1.4571414 112.52896 2805.9536 1.1324999 -1.4527807 -0.54855 -1.4495881 2735.0945 -383.9163 -0.9615061 4.79364 401.07153 3212.5576 
63.25 3141.6394 147.38878 5.3117104 0.9471202 14.124256 2500.1106 0.99286747 0.09438527 -0.012524545 -1.4554248 2478.097 -333.4163 0.5492945 -0.6426144 354.54218 2908.6465 
63.75 2714.2522 138.70583 1.5562149 2.1408582 27.807577 2103.6519 -0.4345144 0.45848408 -0.30669284 -0.0756048 2124.1575 -245.05302 0.9519999 -4.099487 259.99448 2533.169 
64.25 2392.4324 245.38176 -3.4069219 1.2125776 150.2637 1789.6252 -1.1705576 0.04778461 -0.44930443 1.0749017 1796.506 -205.59836 0.31141973 -2.6547983 210.57137 2224.9827 
64.75 2289.7322 343.23132 -4.480263 -0.91876245 230.35771 1696.4812 -0.74235976 -0.5352127 -0.10024756 1.2175585 1630.7582 -292.5214 -0.7513275 2.0686758 296.17783 2080.6875 
65.25 2373.1375 296.1566 -0.839823 -2.0798373 157.08539 1810.4884 0.6313846 -0.57760715 0.5689391 0.071051836 1674.1498 -449.91333 -1.1247784 5.1486444 461.49564 2113.669 
65.75 2448.0217 142.09029 3.468391 -1.3655641 5.947219 1922.719 1.5770903 0.16513482 0.89726543 -1.1294316 1778.0193 -532.6055 -0.5579674 3.495059 548.9891 2190.9111 
66.25 2315.196 39.23886 4.1133795 0.3371557 -67.18822 1807.7346 1.2557758 0.8403484 0.4924761 -1.2986581 1708.0912 -477.9344 0.40007663 -0.8799471 488.08273 2114.6196 
66.75 1983.0304 54.827896 0.8156415 1.2746164 -30.391699 1471.7649 0.13432032 0.7104813 -0.29655564 -0.43164277 1410.2822 -370.58493 0.84873486 -3.5500796 370.66 1835.6523 
67.25 1665.5494 97.43984 -2.781902 0.74889696 6.709552 1149.9789 -0.57612294 -0.13508853 -0.66442233 0.49495742 1086.4387 -317.10638 0.51084876 -2.231439 315.13254 1527.4514 
67.75 1532.0957 69.57475 -3.2381341 -0.6094023 -34.064503 1024.4537 -0.021944076 -0.6415674 -0.15211284 0.5446355 946.7638 -312.7616 -0.34389532 1.0079125 318.28015 1381.505 
68.25 1515.5189 4.3312554 -0.51913667 -0.9436707 -95.09961 1017.84686 0.5943015 -0.6523213 0.642674 0.22293197 955.01495 -278.2016 -0.46306288 3.4635684 292.61072 1374.4424 
68.75 1419.5408 -0.48162878 2.4371324 -0.50156 -82.1638 921.26654 1.1616647 0.39989543 1.1440777 -0.30230612 898.36926 -190.94528 -0.2546255 2.6313274 210.22812 1313.0873 
69.25 1179.0763 67.09776 3.1622927 0.25131717 -4.3792405 675.5991 1.0290158 1.4651384 0.8068506 -0.3866956 677.4807 -119.92789 0.20053998 0.17635217 141.94876 1095.7919 
69.75 931.25885 117.59472 1.6877127 0.49275586 42.55764 433.01306 0.5000185 1.7243679 -0.049654588 -0.042197406 422.96503 -126.300896 0.45789123 -1.5058607 151.88742 837.15515 
70.25 832.7295 85.01525 -0.13590005 0.17504764 6.979662 350.3532 0.21733329 1.0602839 -0.7051825 0.26965562 313.31458 -182.62598 0.39095247 -1.403679 212.02612 712.4307 
70.75 879.57965 6.8008046 -1.0563802 -0.48727155 -62.507187 407.20706 0.36373895 0.3886699 -0.65088475 0.3804209 362.09387 -212.80365 -0.19077015 -0.6521526 245.89076 748.1843 
71.25 946.3672 -36.54723 -0.7180252 -0.4189441 -92.07184 467.05096 0.51278436 -0.6795854 0.30617622 0.16498932 440.46628 -183.15584 -0.3865612 0.73043346 221.91759 824.2194 
71.75 949.9797 -17.42679 -0.13267022 -0.19641137 -65.46684 456.1015 0.6754067 -0.6775085 1.4870179 -0.15195775 455.29642 -125.441216 -0.4693143 1.2561417 172.17949 839.82355 
72.25 928.9335 29.861538 0.7256616 -0.24756178 -16.88232 430.14346 0.725987 0.016006172 2.3977551 -0.41775188 442.78952 -89.397804 -0.42324644 1.4525739 142.04727 819.3578 
72.75 964.8449 66.77358 1.9742228 -0.31584376 23.975084 475.49948 0.8991085 1.0686606 2.644817 -0.6067461 486.93912 -96.96077 0.0074622743 1.0454701 150.70152 845.62604 
73.25 1078.2699 81.891655 3.0767117 -0.16103259 49.43344 601.7427 1.066441 2.0913696 2.115294 -0.5181644 607.6899 -139.094 0.55727285 -0.45812604 193.13658 946.5577 
73.75 1212.1713 77.1018 2.7710338 0.34208664 57.409595 740.03186 0.93370026 2.6322327 0.96507597 -0.0689857 746.77374 -188.96913 0.87547565 -2.7025864 247.90633 1070.3066 
74.25 1293.7975 57.977 0.5015143 0.8842113 49.75951 818.1445 0.41391903 2.2680929 -0.3137877 0.5042918 835.19586 -216.27948 0.77481675 -4.0631323 282.38757 1147.203 
74.75 1303.3743 42.005585 -2.40385 0.79047817 43.83397 826.94904 -0.22802901 1.0193413 -1.000777 0.8589163 858.1306 -209.05963 0.25615138 -2.997889 277.80313 1156.6742 
75.25 1300.6589 49.599735 -3.3893082 0.054102253 59.36612 835.0294 -0.35332307 -0.53249735 -0.5207441 0.61672086 873.2486 -190.36487 -0.16467722 0.16967979 258.49863 1149.8265 
75.75 1387.5082 75.87892 -1.1348052 -0.77683115 89.592476 942.6464 0.26556373 -1.2592795 1.0190194 -0.025014639 973.9368 -199.0537 -0.13764808 2.886466 274.36545 1218.4161 
76.25 1620.8947 89.031746 2.8085728 -0.890483 104.24701 1196.598 1.2186782 -0.33534333 2.622221 -0.50796473 1212.2372 -246.12537 0.36105192 2.4894884 341.48672 1422.573 
76.75 1940.7316 69.11388 5.0159597 -0.041258156 88.55718 1528.1844 1.7265818 1.9594926 2.9251306 -0.37793562 1533.9214 -300.52664 0.9740777 -1.1909574 416.4172 1720.5177 
77.25 2195.9192 34.733032 3.1915324 1.1326596 63.101833 1788.4503 1.251521 4.1318955 1.2399454 0.33763897 1800.7344 -325.23843 1.2655841 -5.366334 444.58463 1975.5471 
77.75 2267.5767 17.766396 -1.6114739 1.6265216 55.32798 1869.3977 0.04128629 4.483676 -1.6913135 1.1063118 1901.6222 -315.22446 1.0668422 -6.570659 420.67126 2061.8171 
78.25 2174.285 23.462114 -5.8060627 0.9916555 65.808876 1796.3464 -1.0504601 2.1778805 -4.0776386 1.2767173 1848.0426 -290.21912 0.58984315 -3.447337 383.1627 1977.568 
78.75 2048.0654 33.7498 -6.1718636 -0.41400182 77.38732 1694.6766 -1.2382734 -0.97779673 -4.156278 0.9308523 1752.788 -264.96866 0.11342745 1.2130438 361.21658 1845.0834 
79.25 2008.684 42.49264 -2.723238 -1.4703951 87.14047 1671.4515 -0.43789834 -3.3639605 -1.8892044 0.24197495 1721.4286 -247.17726 -0.037288412 4.35719 354.61826 1793.8379 
79.75 2065.0676 62.216694 1.729431 -1.496644 107.373344 1733.2815 0.7063473 -3.260411 1.2102206 -0.2497577 1770.327 -254.40623 0.1428521 3.8422132 362.2676 1846.3025 
80.25 2134.2517 91.12029 3.9843843 -0.626143 134.43054 1808.8766 1.3552644 -0.91598594 3.039767 -0.3344883 1840.1614 -303.8992 0.4896539 0.6367324 397.51874 1919.0588 
80.75 2134.3062 97.32251 2.9914138 0.36890912 138.36064 1826.3765 1.108854 1.8389825 2.5254133 -0.15436244 1862.5863 -376.03516 0.7732593 -2.5130315 456.72702 1919.09 
81.25 2050.982 55.666985 0.23790142 0.7856405 98.06188 1765.4602 0.25387466 3.047104 0.36880502 0.033162385 1810.039 -413.0667 0.82665527 -3.4930162 496.23227 1827.9636 
81.75 1929.068 -9.672257 -1.9351523 0.48198193 37.005196 1655.7076 -0.5378059 2.1045923 -1.6625261 0.08706567 1703.2905 -377.3437 0.583189 -2.2641714 471.33627 1700.0059 
82.25 1819.3851 -41.95663 -2.285468 -0.106265664 6.2502747 1543.4564 -0.76631355 0.049304716 -2.1516578 0.042982068 1588.5688 -301.921 0.1555773 -0.325913 395.8326 1596.1609 
82.75 1737.7593 -15.147267 -1.2622203 -0.45813078 28.848982 1456.5195 -0.4240744 -1.4251747 -1.064531 -0.030264273 1500.2516 -260.7632 -0.24035543 0.8284876 337.28757 1527.7561 
83.25 1666.4891 34.447605 -0.10092837 -0.36486554 71.25719 1390.1348 0.056966204 -1.3836244 0.4328131 -0.07642508 1435.1823 -287.12054 -0.3739514 0.82133645 344.25528 1461.4409 
83.75 1589.1407 48.360203 0.31896 -0.05903089 77.395546 1325.6931 0.26914078 -0.19346069 1.0369617 -0.09850626 1368.1055 -339.49368 -0.23772523 0.16504149 393.35825 1373.2401 
84.25 1519.6277 10.458337 -0.044518553 0.12933436 28.948185 1264.2496 0.08953084 0.91251206 0.34835815 -0.05273156 1297.1389 -354.5237 0.011393949 -0.39516348 419.29764 1289.075 
84.75 1492.521 -38.406895 -0.77180344 0.037699103 -33.63561 1233.2667 -0.28558904 0.92909616 -0.9692663 0.11569327 1259.6859 -317.8279 0.14596194 -0.45362508 387.0783 1262.7969 
85.25 1522.1339 -47.2452 -1.414692 -0.28025982 -52.00805 1252.2816 -0.56256086 -0.22040844 -1.8287321 0.37169772 1286.465 -270.13956 0.03387116 0.08836429 322.3935 1312.0747 
85.75 1578.5061 -7.461943 -1.5903803 -0.6694238 -10.027626 1300.5693 -0.5572876 -1.8188304 -1.5335081 0.5422139 1349.8826 -253.87595 -0.25971228 1.1762679 276.5439 1388.4545 
86.25 1612.5217 42.826206 -0.9164313 -1.020636 49.343857 1333.4955 -0.27798912 -2.998996 -0.14273131 0.4567081 1383.7059 -271.27087 -0.56708705 2.5468128 275.17468 1423.1997 
86.75 1601.2942 60.281113 0.8042211 -1.1398568 68.276146 1328.1958 0.22415453 -3.2567947 1.7942498 0.022130199 1356.5695 -294.645 -0.6439797 3.5647414 301.98294 1396.4897 
87.25 1557.5933 37.56309 3.227315 -1.0189359 33.149303 1295.7576 0.7527622 -2.5327864 3.6750486 -0.53442407 1299.6968 -301.65805 -0.5354849 3.4464874 320.87213 1343.9525 
87.75 1498.8121 5.6057854 5.327953 -0.47297412 -14.205195 1248.5516 1.1790888 -1.078087 4.9319534 -1.0511186 1252.0083 -291.74988 -0.23498493 1.8539187 308.2743 1297.7561 
88.25 1423.1083 0.030789495 5.957022 0.40924412 -24.38498 1177.1714 1.1753583 0.7911374 5.2346344 -1.2626548 1201.9514 -277.05768 0.08478695 -0.74690795 270.55872 1244.3159 
88.75 1329.0426 26.969099 4.6159453 1.3352561 7.2067447 1078.2014 0.5328921 2.3163033 4.383154 -1.1526512 1115.6086 -267.93616 0.29880962 -2.9449499 236.31618 1158.2982 
89.25 1240.292 60.13986 1.860159 1.8749714 40.552517 985.235 -0.513942 2.9929132 2.5461607 -0.9231426 1006.0342 -267.5935 0.24386778 -3.8081272 229.75084 1057.4337 
89.75 1190.5822 68.50706 -0.99891126 1.7850552 38.77614 944.10223 -1.5867862 2.1636777 0.36632416 -0.6292916 935.8545 -272.38083 -0.061849296 -2.8035038 247.8013 994.7225 
90.5 1180.4829 28.038519 -3.2093942 0.8304583 -13.223266 958.9061 -2.0778146 -1.3805199 -1.7287365 -0.12468557 949.5815 -271.80005 -0.6412643 0.8389102 262.79684 1000.3103 
91.5 1092.8976 9.575073 -1.1021051 -0.71531975 -22.306345 845.1301 0.00272429 -5.276107 0.08932197 0.11391118 865.1191 -228.5427 -0.9406556 4.757221 201.74608 937.41864 
92.5 1003.18665 99.16839 2.7914736 -0.84200233 40.781578 737.7765 1.5253286 -4.0393977 2.3256884 0.01768738 708.65424 -195.66348 -0.19140342 4.6246142 171.98315 829.4502 
93.5 1038.3428 99.180756 5.3226495 -0.3461391 30.3464 804.3162 1.4998736 -1.490015 2.2279167 -0.33883274 788.7158 -212.71638 0.58587104 0.63030285 194.57027 888.0733 
94.5 1030.6934 36.182808 3.62905 0.3819358 -26.436615 739.9185 1.3807878 0.89887583 1.7511784 -0.48999476 724.7725 -205.56004 1.388392 -4.117115 209.87625 879.19824 
95.5 922.7407 73.90568 -0.88042706 0.6407299 7.020808 646.83606 0.033020884 3.0093093 -0.45196038 -0.20544142 613.80786 -170.57568 1.7139183 -4.3924947 176.76575 779.1946 
96.5 764.6561 65.367355 -1.8870938 -0.39998657 -0.41231865 535.8141 -1.1524732 0.7264193 -2.48712 0.00071420707 527.1093 -122.78814 0.61517596 -0.63433874 112.50262 644.6001 
97.5 766.9966 70.26982 1.7764342 -1.3608534 -4.4472523 470.55292 0.42951167 -1.1109753 0.79321647 -0.5160048 437.42355 -126.94606 0.23107275 -0.16616043 162.30879 629.0169 
98.5 812.92426 65.48272 2.786423 -0.6281209 6.694766 539.4079 1.3163023 3.8964028 2.7768438 -0.544168 511.36633 -139.34372 1.7640283 -5.1736956 154.13118 695.6825 
99.5 779.7845 39.199894 -2.6112375 0.7597319 -26.722961 525.8659 0.062378407 6.0133576 -2.1828246 -0.42834687 506.78516 -47.13967 2.0018396 -7.274805 58.659668 667.7038 
100.5 716.42554 65.59406 -5.5144033 0.7592133 3.7654638 400.2643 -1.5547931 1.2659848 -6.0733037 0.87733495 357.48795 -57.304432 -0.066345066 -2.268046 130.72466 587.8249 
101.5 533.4026 27.772425 -3.3226135 0.71873146 -6.7927766 268.3754 0.23893042 -0.9884796 -4.838954 1.4115162 227.084 -76.082245 -1.5859749 0.78773123 100.00915 418.05566 
102.5 495.74414 -12.348543 -4.895073 0.9192556 -63.537743 213.64597 0.8788234 -1.0372919 -7.8175 4.6229043 159.502 -52.25923 -2.096642 -0.27783114 102.16494 356.97098 
103.5 653.005 -67.767784 -9.485947 -1.1092272 -96.0751 300.02124 0.5463904 -6.7789 -9.280233 5.2019835 246.7338 4.730095 -2.463353 4.5358076 93.25294 520.9079 
104.5 722.5414 -11.496977 -5.1069107 -4.314139 -42.53938 392.0142 0.31873316 -10.257814 -2.1339846 0.39381748 359.34665 44.725555 -1.6601799 12.3623905 -38.670624 619.56226 
105.5 703.99896 25.22236 5.4579277 -3.9796777 -19.599102 307.18155 -0.74149525 -6.537711 3.5908947 -2.5884986 279.84732 -7.8570647 -1.5420837 11.746307 66.523605 580.8233 
106.5 585.4052 -22.751068 9.647446 -0.32111597 -49.57856 177.49686 -1.2277085 -3.2604616 3.5822587 -1.4351996 157.41612 25.984245 -2.80572 3.8408663 60.886543 469.74078 
107.5 460.5588 35.437794 3.6388397 1.1486597 -28.193499 97.88027 -0.6670147 0.43826663 1.6669083 -1.5222551 52.876213 53.575787 -1.1893435 -2.8162146 -25.69791 327.54822 
108.5 666.6837 51.292503 -5.147847 -1.3573828 3.5906339 150.39873 -2.758726 1.988118 -4.5459213 -3.1670856 66.08084 13.254738 1.1390243 0.71160924 113.04457 466.51007 
109.5 912.239 -11.1395855 -0.78764373 -2.4462576 -62.711884 324.84116 -6.07569 -7.427966 -4.6763325 -4.3739147 238.009 -15.441195 -2.059923 13.158798 112.83551 701.2347 
110.5 861.66675 9.901102 16.204659 1.0668743 -88.26741 331.64856 -3.4680796 -9.980164 10.07201 -5.470935 268.6485 -66.112686 -2.6452918 9.887125 122.91315 664.6402 
111.5 977.42053 -124.058105 14.242286 1.554956 -194.01718 352.8835 1.8047705 8.097896 12.142171 -2.6481438 272.45813 -88.48251 8.556451 -15.215649 247.42928 725.8416 
112.5 814.0217 -148.59514 -7.4312353 -7.322186 -195.92378 224.56375 -1.1200042 13.132222 -4.452031 -0.39764977 134.9555 50.563705 18.075758 -20.302927 44.03998 550.3504 
113.5 710.3553 -23.15176 4.0711637 -11.981346 -89.649574 126.50784 -8.792854 2.3933282 10.849453 -13.662143 64.2596 -1.5861082 14.530936 -2.7276502 64.74358 458.78976 
114.5 1409.3888 -35.74823 37.95959 3.6409984 -122.65018 613.2678 -5.1837344 42.919 40.25963 -23.332998 514.5138 -121.01134 17.017693 -37.157513 248.53912 1086.9143 
115.5 2634.0269 -730.1677 -13.902572 17.167477 -822.38586 1755.8533 12.449253 119.74639 -33.67486 21.957623 1354.2361 -511.372 39.75769 -122.133194 579.5326 2006.6918 
116.5 4831.3066 -2255.1216 -160.01456 -16.195747 -2403.8188 3545.7427 23.435349 83.11666 -200.84595 106.09621 2419.0112 617.02924 56.083572 -111.61829 -512.5752 3453.452 
117.5 5583.56 -295.91412 -214.20847 -86.723175 -469.8756 3763.2231 4.4885864 -109.58635 -233.7611 113.02785 2596.952 2212.786 37.32109 61.72988 -2027.0359 4137.8877 
118.5 5680.052 1103.965 -44.80065 -114.22493 921.36304 3512.5693 -41.623207 -249.35954 -0.23171997 -22.722786 2288.9368 -1222.7312 -0.26986694 222.32019 1323.5605 4163.698 
119.5 8432.288 -3975.2012 198.93733 -45.76053 -4227.232 5822.9834 -79.18409 -138.45274 284.26517 -187.14172 2805.1143 -2240.413 -20.58136 166.33705 2334.9524 5100.3936 
120.5 8803.076 -4233.901 261.11954 64.43756 -4487.0005 6346.3315 -70.64186 118.41689 308.6398 -206.7911 2962.2998 2787.3088 -15.377808 -55.11206 -2699.5933 5083.2246 
121.5 6190.0957 1046.2886 101.787796 115.32152 731.4943 3873.23 -22.48648 247.89528 68.81154 -68.26496 2329.7039 2118.898 -4.363205 -208.3132 -2156.518 4292.1978 
122.5 5348.116 617.0625 -88.38018 80.15552 267.73907 2897.7373 18.03952 152.08768 -156.85043 73.30808 1838.7943 -1712.6147 -6.2637177 -170.50298 1744.9315 3940.9424 
123.5 4424.312 -1433.1992 -144.55264 22.824844 -1629.2915 2364.7944 20.034023 -18.431011 -173.33914 95.92259 1273.3683 -1060.0204 -22.37555 -30.4823 1057.8334 2987.1528 
124.5 3033.867 -621.975 -80.87513 1.3076019 -817.37494 932.97125 0.948617 -94.55081 -50.13232 31.75456 546.89764 -73.75489 -38.804035 67.61517 -192.45499 2279.7988 
125.5 2473.3677 -118.89735 -4.65051 7.888397 -393.86752 578.88904 -8.44899 -62.590645 44.63156 -21.11459 430.65024 -254.0752 -38.596313 76.28671 -5.3319397 1933.1263 
126.5 1837.8073 -98.185234 23.294367 9.601222 -226.65364 532.9 -5.191473 -8.471345 50.048412 -26.27906 370.3023 -150.97643 -20.679392 39.604473 -147.51065 1284.001 
127.5 1710.6714 127.0084 15.837653 1.1003449 31.14016 -96.14419 -3.5851717 11.481953 17.062387 -12.580925 -169.82756 -206.68985 -2.4006562 8.842118 -324.5761 1241.1359 
128.5 1691.2175 246.99178 4.3000283 -3.7741299 34.685024 -36.99743 -6.445703 5.421958 -1.1368941 -5.9097843 -119.61617 -237.86783 3.0633726 -1.7267787 -264.4883 1171.9232 
129.5 1360.8242 147.6284 -0.20520046 -1.9314001 113.02452 193.83571 -6.7270184 -0.68622446 -0.45713285 -5.128435 111.182884 -183.32016 0.79908264 -1.6390108 -265.5155 853.0025 
130.5 1509.7795 68.70336 -1.5879923 -0.24543512 174.683 -79.1504 -3.3574278 0.5154635 2.5223236 -3.6475785 -116.61477 -134.15186 -0.09744573 0.35085684 -393.93915 1100.8971 
131.5 1499.9988 140.20999 -2.30456 -0.6558969 128.47406 -48.74875 -0.57042575 2.720893 1.1083024 -1.2145483 -30.84863 -120.23054 0.28911316 2.4715052 -372.8174 1140.8057 
132.5 1221.4128 58.24826 -0.8251542 -0.54642725 97.99371 81.238716 0.24603644 1.742943 -1.7118511 0.82104814 100.237 -139.5826 -0.59730697 3.9764163 -240.1195 856.4894 
133.5 1140.0322 -39.17661 2.5564263 0.14974618 75.27336 13.070235 0.14503747 -0.6470187 -2.875344 1.8466995 -30.859722 -67.605255 -1.291815 3.289898 -212.08713 776.9365 
134.5 1055.0449 -60.069763 4.8926897 0.1636455 -2.279706 64.52989 -0.35437244 -1.6774828 -2.2874749 1.383936 6.2353935 -42.300564 -0.4655521 0.6582074 -157.11005 739.37805 
135.5 958.52875 -106.761856 4.3147993 0.027758002 -42.469692 45.657 -0.65314084 -1.45808 -0.9244136 0.1900627 46.123184 -35.418095 0.51339847 -1.8111554 -111.189156 686.97015 
136.5 942.4083 -69.455246 1.7855108 0.32720274 -42.913692 -110.10152 -0.20841467 -1.3342518 0.5164314 -0.42872885 -100.49333 -16.350937 0.6225687 -2.7095442 -130.34998 658.4854 
137.5 984.64844 -66.2899 -0.566066 0.5579774 -79.814766 -176.2666 0.33582827 -1.4971217 1.6438005 -0.5895017 -220.31631 -30.416756 0.33566993 -2.3817496 -94.87026 688.0666 
138.5 985.3284 -99.030014 -1.6084754 0.5520899 -51.677197 -185.51974 0.28967404 -0.9960378 2.4134235 -0.84983104 -227.27834 15.985893 0.15754023 -1.3994017 -75.18289 710.05914 
139.5 1054.1425 -24.34592 -1.62848 0.3041901 33.159687 -219.96233 0.13181382 0.2594303 2.8257625 -1.0393505 -236.39832 -11.005129 0.11805728 -0.014452741 -76.83506 771.1558 
140.5 1145.0536 2.0249128 -1.4260882 -0.049614817 26.428543 -243.23143 0.11267179 1.3137033 2.6874442 -0.8226364 -293.62314 -81.40958 0.16072476 1.1135833 -39.164722 840.9139 
141.5 1118.9237 -43.66267 -1.2399426 -0.3141287 -34.806107 -221.56194 0.12310508 1.5523112 1.9334196 -0.51403683 -338.4977 -47.54401 0.26686606 1.4498355 -28.651495 794.0558 
142.5 1144.1151 -61.87749 -0.539031 -0.35326466 -62.692135 -149.41333 0.030204415 1.2639934 0.68297297 -0.29649627 -328.1355 -59.70195 0.26093474 1.1177427 -11.279334 753.5828 
143.5 1175.1001 -132.04387 0.4384621 -0.38994294 -100.98741 -123.742455 -0.032073904 0.8653555 -0.40469837 -0.16785172 -319.47134 -83.92881 0.2158502 0.7387267 38.098152 727.921 
144.5 1193.2068 -187.66449 0.95680934 -0.400904 -98.32973 -253.19 -0.021316547 0.58499306 -0.9137766 -0.029446408 -415.6676 27.559177 0.14295793 0.5517755 -7.833875 748.9163 
145.5 1336.321 -94.460915 0.84965414 -0.36877722 90.80826 -325.68597 0.01942861 0.19806397 -0.8359976 0.11969801 -555.2465 138.16924 0.119785376 0.18109745 -99.12283 803.25616 
146.5 1655.1364 52.93352 0.5866474 -0.27868205 375.05313 -93.956924 -0.06600775 -0.26584736 -0.58628064 0.1077399 -744.0652 92.423386 0.038498975 -0.30632338 -66.62491 663.7248 
147.5 2154.7046 186.92465 0.49023527 -0.15144034 520.72943 358.53024 -0.19925529 -0.6214747 -0.4080971 0.070442036 -1166.1096 -145.5806 -0.073029324 -0.7090253 76.70547 256.4414 
148.5 2688.8313 310.70804 0.37492245 0.12846488 457.42218 851.0765 -0.24685726 -0.58425343 -0.4249979 0.15062767 -1745.7373 -610.0526 -0.327781 -0.7980378 385.44083 -255.83685 
149.5 3036.4297 287.41794 0.21288604 0.3891319 264.19284 1228.2173 -0.050096154 -0.37574852 -0.33876777 0.37114224 -2074.708 -1172.9131 -0.53982896 -0.6655845 877.4306 -593.0139 
150.5 3012.6304 105.65115 0.15181272 0.52867657 50.16432 1328.3557 0.115774974 -0.20044711 -0.23715173 0.42525324 -1878.8081 -1481.0325 -0.56550264 -0.4811131 1170.7356 -598.81476 
151.5 2665.3306 21.295221 0.15007463 0.57267255 -101.342476 1104.1006 0.08021541 0.04627621 -0.32222718 0.2824612 -1401.7655 -1318.3602 -0.461397 -0.26112047 972.77625 -355.01874 
152.5 2350.9524 122.98261 0.11425347 0.60915136 -91.51981 893.87415 -0.02609725 0.37267682 -0.45722562 0.2029781 -1019.9694 -896.6624 -0.38887468 -0.041385435 588.34155 -127.10777 
153.5 2211.6956 175.5698 0.022064075 0.4564076 45.97947 951.3982 -0.207607 0.39590892 -0.37399653 0.014494751 -921.0697 -527.3068 -0.301178 0.09299546 386.69922 -214.47357 
154.5 2034.5425 49.598465 -0.047327597 0.4066477 97.82729 896.2626 -0.13470814 0.2025801 -0.18602884 -0.016882768 -1072.6669 -247.33456 -0.31070042 0.0678385 238.85458 -435.42264 
155.5 1767.2212 -90.90063 -0.068805136 0.35129103 53.599174 526.56995 0.10258436 0.07657732 -0.016647004 0.083822474 -1034.8817 -73.82181 -0.30537462 0.04843268 51.62029 -229.64603 
156.5 1464.6312 -99.68721 -0.01844088 0.2232787 18.293133 157.1286 0.21735111 0.1636107 0.013578584 0.2379703 -639.3388 -38.48001 -0.19180681 0.12869877 26.473812 321.39124 
157.5 1161.6654 15.169801 -0.010618776 0.084246255 -8.726356 -43.17037 0.13619986 0.21597084 0.0504829 0.2484067 -329.386 -10.668212 -0.05244769 0.09601347 73.583435 647.05005 
158.5 1087.2825 150.60948 -0.034780875 0.053412907 42.880913 -115.98033 0.05518256 0.07445088 0.024975892 0.12566866 -289.05374 -3.3870137 -0.0111916065 -0.05280429 38.649624 711.5268 
159.5 1206.5586 141.6671 -0.04137142 0.07091114 125.490425 -107.03325 0.008879125 -0.16378519 -0.044103473 0.044602167 -324.89 -83.50237 -0.0885791 -0.16715553 47.69248 702.347 
160.5 1125.6506 18.694115 0.100413196 0.06001605 71.91383 -19.763672 -0.0004006687 -0.2378038 -0.18015678 -0.025378661 -278.92657 -114.8964 -0.1551722 -0.13000779 53.39585 570.93677 
161.5 891.5286 -4.8265753 0.028556675 0.06821111 -19.496927 95.07413 -0.022612799 -0.028333796 -0.008947469 0.01644072 -127.80218 -105.10497 -0.20226584 0.022466928 -2.9334514 441.7444 
162.5 901.12445 2.6162906 -0.18149613 0.13607246 -35.44995 22.198225 -0.014697021 0.28897634 0.25956613 0.061407268 -103.76909 -72.3392 -0.14830649 0.23907924 4.479641 545.9842 
163.5 1095.1669 -62.37813 -0.233594 0.22117637 2.90864 -152.98921 0.037593722 0.42816332 0.33706445 0.07388102 -253.58994 120.52243 -0.04208547 0.38523442 -37.368484 750.9293 
164.5 1127.4893 39.859283 -0.004062116 0.20567507 134.08318 -14.472445 0.009046495 0.39530778 0.058874458 0.07883042 -235.47723 190.78487 0.013188899 0.3980462 -130.58788 737.0577 
165.5 1039.9884 236.86554 0.36771777 0.10475184 201.84866 282.09625 -0.16099173 0.00031107664 -0.39569044 0.04378262 -53.4801 -91.18286 0.06920865 0.041297972 -9.131811 582.51074 
166.5 1002.62476 176.25478 0.5941895 -0.052105263 88.05497 229.03336 -0.31669825 -0.4257211 -0.68053764 -0.04170926 5.114598 -194.43352 0.11376011 -0.43687248 145.38306 584.09503 
167.5 932.43945 49.628437 0.54857004 -0.21728997 62.991722 92.481674 -0.20241994 -0.46928388 -0.61700135 -0.11728518 63.044777 10.00985 0.08136514 -0.57114774 89.03659 666.9694 
168.5 942.0537 94.81924 0.25293136 -0.20758745 133.05107 335.97592 0.14085472 0.08067846 -0.24930708 -0.12029675 273.05945 -66.00304 0.0015941262 -0.03923732 125.46573 739.2198 
169.5 1189.0035 115.646904 -0.24150027 0.06503725 22.238401 423.1838 0.37583786 0.7040432 0.30756146 -0.027984798 300.37863 -227.45038 -0.047090232 0.6730486 312.986 940.88434 
170.5 1286.4315 125.18746 -0.6938836 0.33499515 -91.58424 -33.59368 0.26597607 0.7544413 0.796129 0.123454034 22.633118 15.087576 -0.05499494 0.82222676 290.02975 1056.1235 
171.5 1124.0665 156.51933 -0.6946379 0.26032722 -26.271254 -66.61068 -0.06734502 0.30292845 0.76084024 0.23893917 36.30596 104.67234 -0.04165101 0.39958733 177.17676 935.96985 
172.5 1209.8535 22.476665 -0.15140739 -0.083695054 -32.422623 623.4418 -0.33446115 -0.109402806 0.12195702 0.20391065 532.8578 -200.21121 -0.0023132563 -0.068431914 243.7955 987.3852 
173.5 1446.0262 -20.795696 0.45875472 -0.27754962 -93.21625 664.8309 -0.3839113 -0.21437943 -0.5360757 0.04956031 665.2143 -139.00055 0.026964545 -0.2219826 232.26408 1196.1586 
174.5 1382.9312 158.85052 0.5925822 -0.1558876 -9.223156 -65.99514 -0.2434199 -0.12105012 -0.6400036 -0.027402908 137.28528 164.08221 -0.01588893 -0.113274306 90.635254 1114.32 
175.5 1221.6533 65.83419 0.28634015 0.024341464 6.835881 -91.41246 -0.040759332 -0.015723646 -0.2827247 0.04069865 -122.6691 -43.209167 -0.107896686 0.017636813 133.01549 846.45056 
176.5 1096.2563 -167.79845 0.003054276 0.062674135 -115.34677 439.56924 0.06978446 0.025826097 0.013137907 0.10921515 267.49887 -275.91202 -0.13803759 0.06258282 180.34103 626.80884 
177.5 782.36145 13.073255 -0.035504952 0.028473929 -74.356636 352.50043 0.052579492 0.021912664 0.0475962 0.07665346 503.99823 86.62941 -0.07314863 0.045222227 -45.132675 293.92307 
178.5 542.44275 210.74376 0.007166557 0.023374854 46.12742 132.6738 0.010379717 0.0033272542 0.006555209 0.017731246 111.083046 333.05655 -0.007319249 0.013608509 -182.88762 -97.716805 
179.5 617.6667 49.093468 0.0038147308 0.036347363 16.19149 399.4352 0.005397996 -0.0005963072 -0.0008418299 0.0053251013 -395.14417 71.50504 0.005563775 0.0011404902 -39.35077 -285.34995 
