0.25 2761059.5 91.32855 3.261858 7.595085 82.52173 2759839.8 -15.189163 2.4819565 3.360199 15.200092 2759839 -259.72897 5.909889 -2.3554354 248.60324 2758619.3 
0.75 2601608.5 754.0768 4.9384384 3.0236115 682.32666 2600445 -10.959453 -0.4332819 4.8957825 10.96213 2600444.3 -2177.6643 1.6959059 0.3340969 2085.603 2599290.8 
1.25 2309129 1713.4884 14.00938 0.06730902 1550.4303 2308062 -6.726181 -1.5777473 13.885925 6.705848 2308065 -5169.185 -0.56040335 1.3668318 4955.23 2307040 
1.75 1929572.9 2450.55 20.40609 -2.047183 2216.259 1928631 -2.2394269 -0.25117016 20.23874 2.153497 1928642.1 -7958.905 -1.9955375 0.016936302 7640.8574 1927801.9 
2.25 1516418.4 2579.5522 21.202 -2.5958626 2328.7852 1515620.1 0.7473805 3.4340878 21.01324 -0.9246302 1515647.4 -9411.438 -2.1289961 -3.601674 9054.187 1515011.1 
2.75 1118489 2031.4785 16.216019 -1.7025559 1823.4099 1117849.6 1.6400349 7.657564 16.0227 -1.8799762 1117900.3 -9008.842 -1.1400387 -7.749009 8689.718 1117441.9 
3.25 771303.9 1043.1031 8.561131 -0.95403814 913.0576 770818.8 1.8523172 11.4606495 8.372378 -2.076998 770893.7 -7000.0986 -0.48059228 -11.557099 6772.172 770566.1 
3.75 493841.44 -5.905881 2.8269706 1.720573 -58.7846 493473.6 -0.028917313 8.888684 2.7248683 -0.10954356 493566.53 -4186.103 1.9189701 -9.04554 4059.5225 493328.2 
4.25 290304.47 -778.989 0.60841966 2.10323 -786.41766 289990.97 -0.47923803 8.712767 0.65128565 0.47721505 290088.25 -1539.7295 2.2063491 -8.907076 1488.0806 289920.78 
4.75 154531.08 -1095.4648 1.608017 1.8494446 -1102.6613 154209.48 -0.14894605 6.731765 1.8474932 0.25985003 154296.64 223.63545 1.8678834 -6.9096985 -241.59837 154196.61 
5.25 74642.195 -945.91595 3.3121815 1.0359513 -991.4575 74277.81 0.47977543 4.2214007 3.7079496 -0.28515625 74343.55 843.29486 0.9583336 -4.3405323 -861.39856 74306.43 
5.75 36468.67 -448.14957 3.5544872 0.13690388 -548.75055 36062.695 0.81898546 2.0527864 3.9724288 -0.55428076 36101.94 515.75977 -0.046158373 -2.1152165 -547.417 36113.75 
6.25 25711.57 217.74097 1.9641597 -0.410614 71.30682 25288.975 0.6167772 0.8649833 2.2430396 -0.3080299 25300.834 -286.70102 -0.6658907 -0.8865249 250.57155 25343.006 
6.75 29474.957 874.07294 -0.2619574 -0.44840026 707.89166 29065.672 0.065454364 0.66827035 -0.20661354 0.22293067 29050.695 -1071.549 -0.70790625 -0.6367076 1055.26 29107.52 
7.25 37584.4 1390.1987 -1.5634992 -0.12804961 1230.3792 37209.582 -0.44080108 0.946447 -1.6918836 0.6382307 37167.016 -1537.4906 -0.3338046 -0.8183446 1566.1437 37228.83 
7.75 43529.652 1690.6304 -1.2387726 0.29547977 1549.9452 43195.344 -0.5972678 1.2855027 -1.4305089 0.6937137 43122.707 -1646.3402 0.15526605 -1.0310597 1729.3619 43186.625 
8.25 44597.875 1737.2722 0.18500566 0.65915525 1614.0443 44293.84 -0.39819628 1.6639152 0.042114615 0.45976812 44190.37 -1534.5908 0.56442404 -1.3055634 1656.5925 44261.574 
8.75 41044.87 1523.7296 1.5492092 0.88221467 1411.2322 40749.64 -0.023011565 2.1193445 1.4993271 0.1291658 40621.242 -1346.8726 0.81443894 -1.7287993 1473.3297 40712.32 
9.25 34680.73 1100.6661 2.1609354 0.9178132 996.68414 34373.145 0.27732182 2.366634 2.1801453 -0.10461998 34234.742 -1125.1222 0.88757825 -2.0183842 1220.5342 34358.832 
9.75 27523.217 598.37 2.0718987 0.7287173 506.44308 27194.773 0.4160893 2.0299683 2.1139555 -0.2144562 27066.002 -829.31116 0.7473178 -1.7595029 875.74994 27226.375 
10.25 21012.97 193.66315 1.7107205 0.2907282 117.305786 20672.55 0.3743809 1.0578187 1.7386923 -0.17774016 20568.621 -441.0042 0.31585002 -0.84863067 444.85913 20753.717 
10.75 15858.495 21.2114 1.3172379 0.014340639 -41.0133 15525.763 0.36216247 0.28281498 1.3599813 -0.21105969 15450.679 -32.9648 0.043759227 -0.11925292 17.2948 15639.013 
11.25 12246.746 95.72172 0.84204316 -0.31550884 41.91397 11940.3 0.23567034 -0.30224705 0.88060445 -0.0966133 11887.124 263.31592 -0.35627043 0.4370849 -273.64038 12058.198 
11.75 10092.943 310.36588 0.34139425 -0.48101592 258.93707 9821.8125 0.13199109 -0.40903962 0.37054998 0.00852197 9779.022 347.278 -0.5753833 0.49835658 -337.84955 9921.796 
12.25 9165.656 509.23953 0.008908942 -0.46744478 456.14642 8927.7 0.12067692 -0.22000623 0.018277377 0.017663538 8885.566 215.52408 -0.5741917 0.24091291 -186.7494 9000.805 
12.75 9109.323 575.4605 -0.00594306 -0.29781795 518.37006 8894.643 0.13587105 0.08225042 -0.008295506 -0.02843231 8847.862 -40.071075 -0.39313388 -0.12073034 76.53119 8945.857 
13.25 9462.948 482.46344 0.14350021 -0.064237595 420.5163 9259.068 0.13907152 0.40961647 0.15692514 -0.10508227 9205.985 -282.22296 -0.14850926 -0.464717 311.44833 9301.917 
13.75 9741.377 294.80096 0.2371882 0.109211564 229.84268 9538.16 0.07052529 0.6830472 0.2898555 -0.1316706 9478.429 -392.7208 0.042807937 -0.6991229 404.35062 9586.437 
14.25 9564.067 126.33662 0.15801145 0.16914845 63.744213 9356.856 -0.03476143 0.8802867 0.2368243 -0.09469962 9288.591 -329.29803 0.13734126 -0.820344 321.35214 9416.143 
14.75 8771.233 71.97359 -0.12555882 0.14796996 18.801159 8560.614 -0.14044738 0.990511 -0.071511686 -0.0013837814 8478.64 -150.22148 0.14370978 -0.8506872 127.980446 8624.461 
15.25 7461.4517 146.64258 -0.59069514 0.11289024 107.69421 7249.7373 -0.22646439 0.89395463 -0.6106009 0.10020906 7147.7227 20.213373 0.09167808 -0.7112542 -48.041573 7304.6655 
15.75 5920.892 276.9303 -1.0108389 0.05529982 251.68146 5707.982 -0.2927837 0.38480136 -1.1147144 0.15361398 5584.6855 76.036766 -0.010390043 -0.21983398 -100.8677 5745.507 
16.25 4476.491 358.62524 -0.9681725 -0.036913723 341.26373 4258.201 -0.27901062 -0.4586444 -1.120333 0.095185846 4122.913 1.7906145 -0.11628014 0.54943067 -17.301764 4284.7266 
16.75 3355.8386 334.06918 -0.2631861 -0.08484712 316.60455 3126.0256 -0.14118263 -1.0779665 -0.41419008 -0.059504867 2996.7717 -128.89554 -0.11814839 1.0779372 125.483734 3161.624 
17.25 2639.0422 223.46812 0.5805801 -0.42575616 199.99484 2394.4856 0.14733496 -1.077009 0.50368077 -0.3410436 2288.606 -222.02768 -0.42457074 0.9584383 229.4172 2460.298 
17.75 2314.1335 93.91554 0.9357014 0.001568079 63.470436 2059.4397 0.16558366 -0.07091358 0.89838874 -0.24192624 1983.5977 -231.94577 0.023608152 -0.012730971 245.79367 2162.6248 
18.25 2358.7605 6.395395 0.31392458 0.12953168 -27.182632 2107.7454 0.06367302 0.6865681 0.3346921 -0.08211081 2055.6028 -175.17064 0.1151039 -0.72729266 190.71994 2235.2986 
18.75 2757.0378 -10.106333 -0.61034507 0.051757038 -41.226067 2528.084 -0.076433 0.5326219 -0.54812527 0.06508914 2485.8008 -100.98302 0.021566369 -0.52460843 115.35043 2653.0527 
19.25 3439.7258 41.649815 -0.85656035 -0.120102026 16.79861 3246.5137 -0.092384316 -0.33308867 -0.7850536 0.08689799 3200.9753 -59.073517 -0.11199914 0.37701353 71.3981 3342.486 
19.75 4229.4985 133.0209 -0.12698068 -0.23656136 114.80802 4072.94 0.06996678 -0.97585624 -0.07570338 -0.031378657 4017.208 -83.01942 -0.16884765 1.0421522 92.95506 4127.738 
20.25 4871.901 215.68335 0.86900705 -0.17040831 201.59506 4739.193 0.25363976 -0.6741636 0.8843807 -0.15857846 4673.9766 -177.59216 -0.073913015 0.75810647 184.42383 4760.4443 
20.75 5139.703 241.97801 1.186016 0.0075130016 227.90175 5011.1626 0.28384662 0.2943638 1.1701251 -0.1716544 4943.27 -307.3797 0.09573144 -0.1977972 310.9593 5021.289 
21.25 4927.2393 196.3877 0.6123559 0.12270758 177.65927 4785.8735 0.15078375 1.0010134 0.581269 -0.068163894 4724.4565 -406.16467 0.19650108 -0.9009177 408.44275 4809.6685 
21.75 4277.606 110.032745 -0.19413663 0.073160596 82.83971 4115.7056 -0.011600528 0.8365788 -0.22791687 0.061456382 4067.4177 -416.85233 0.14409065 -0.7401777 421.94385 4167.2515 
22.25 3358.978 38.013264 -0.451793 -0.08790198 1.6481812 3179.7405 -0.05343455 0.07753227 -0.48701236 0.10126212 3145.3696 -335.2308 -0.020311158 0.012010433 347.41785 3255.754 
22.75 2424.1523 16.677223 -0.034759074 -0.21883215 -24.801832 2239.1624 0.04765266 -0.49088526 -0.08401002 0.0108041465 2214.0522 -216.31342 -0.16798143 0.5697216 237.22192 2322.5505 
23.25 1744.4613 38.802082 0.5001354 -0.20711339 -0.28663945 1567.9292 0.17391245 -0.4109585 0.4228398 -0.12980807 1545.7777 -132.82928 -0.18117866 0.46244645 159.65627 1639.7809 
23.75 1497.0966 66.48186 0.58758026 -0.077240825 36.06316 1337.9539 0.13245037 0.016355619 0.4890578 -0.13310005 1314.9486 -119.97403 -0.06722507 -0.017784134 146.08311 1390.9558 
24.25 1653.8927 67.019165 0.1433805 0.048067927 45.316593 1509.6499 0.09913972 0.36854717 0.074210145 -0.13468075 1486.1544 -152.83365 0.052870154 -0.44944942 170.99014 1554.0255 
24.75 1979.6594 41.019558 -0.31362754 0.044635326 20.854921 1837.4945 -0.08843663 0.19505034 -0.30563164 0.042565167 1816.707 -173.7702 0.07576087 -0.32193133 180.73389 1894.2433 
25.25 2186.7676 21.969975 -0.42589018 -0.082999915 -6.1332264 2033.1019 -0.18646157 -0.16220585 -0.32946938 0.14221904 2017.7543 -144.22755 -0.0005286932 0.061424542 143.97119 2117.7488 
25.75 2143.856 49.080288 -0.23015803 -0.21533056 9.237048 1975.424 -0.1582539 -0.3157233 -0.100563034 0.09271667 1964.2594 -78.55425 -0.08003652 0.3149898 81.21178 2083.732 
26.25 1960.4407 134.11296 -0.029284768 -0.24273804 89.11188 1786.4634 -0.083014965 -0.18372266 0.048176907 -0.0354782 1772.5604 -33.128376 -0.08992538 0.29773167 49.260098 1894.2197 
26.75 1870.5929 247.85722 -0.024546973 -0.15299538 211.1948 1702.7216 -0.045378983 0.009114601 -0.04245297 -0.124228224 1675.4404 -61.28242 -0.031731393 0.1531348 94.8621 1781.9604 
27.25 2020.8141 337.72952 -0.1520876 -0.04524839 319.58722 1859.6322 -0.06445631 0.02750995 -0.23845197 -0.10755659 1809.9996 -170.43481 0.024432715 0.086878985 215.89833 1899.6337 
27.75 2346.276 363.1396 -0.21681842 -0.0025377423 361.43155 2177.9368 -0.082072355 -0.13727424 -0.3072732 -0.01757712 2104.5298 -313.5609 0.03365253 0.15224575 359.81613 2193.6675 
28.25 2625.7961 320.45532 -0.097952425 -0.029671807 321.4722 2433.5857 -0.05221279 -0.30473298 -0.14944497 0.079155296 2344.9539 -418.68832 -0.0062431693 0.24204347 457.3404 2453.811 
28.75 2648.7795 239.6549 0.1309219 -0.07078773 228.90158 2429.6824 0.019339964 -0.28187275 0.12721276 0.12138568 2341.3198 -433.19183 -0.06461306 0.20225406 464.13342 2474.5818 
29.25 2355.7903 159.4979 0.25440636 -0.08331874 133.8286 2126.0925 0.07555011 -0.025753945 0.291386 0.08355053 2053.315 -353.9783 -0.098594815 -0.022231847 383.2494 2193.6433 
29.75 1865.7937 102.89054 0.109220535 -0.07343674 72.97014 1649.1682 0.072133094 0.2603842 0.17742991 -0.01884782 1599.6191 -227.90619 -0.07380116 -0.2574834 259.6141 1721.4591 
30.25 1399.0725 68.548836 -0.15358984 -0.009582281 48.858932 1206.86 0.0119868815 0.27323547 -0.078733504 -0.11450198 1176.9043 -123.75147 0.058544934 -0.2278091 153.82477 1269.4722 
30.75 1160.6187 40.300392 -0.256863 -0.09573543 35.41467 981.8473 0.0072703212 0.06317338 -0.21984342 -0.1615662 959.53546 -90.047386 0.048226595 0.01424548 108.48531 1038.3306 
31.25 1247.2421 6.7208056 0.017892256 -0.034775853 6.579552 1057.7816 0.038386352 -0.077234566 -0.011071116 -0.10441236 1031.3026 -122.11752 0.07851663 0.1466746 122.33693 1126.6415 
31.75 1613.2927 -21.1853 0.23386642 0.09556973 -31.877935 1396.7516 0.051758677 0.18372852 0.16162267 0.01550632 1362.3464 -164.0073 0.06527722 -0.16186222 150.52608 1493.8063 
32.25 2102.9307 -7.618992 -0.11012079 0.19365534 -34.076706 1865.2765 -0.05316883 0.54242796 -0.1518647 0.14976355 1827.3824 -152.6319 0.032161057 -0.5928134 139.01068 1986.1464 
32.75 2533.5635 83.76049 -0.8266916 0.10595608 53.015602 2298.5254 -0.23659283 0.32987088 -0.767241 0.25440514 2260.5986 -77.44161 -0.026044488 -0.44585386 75.43439 2415.344 
33.25 2792.7039 248.62645 -1.0364103 -0.17867738 232.16312 2581.4963 -0.28288355 -0.5403241 -0.8642879 0.26975274 2535.7732 -3.433325 -0.12608159 0.4118887 13.057756 2657.3123 
33.75 2895.0618 419.55222 -0.2284854 -0.41021273 425.04718 2707.9426 -0.044022888 -1.1861815 -0.0067684557 0.14553477 2636.2952 -24.562668 -0.20155886 1.1344074 34.661583 2719.908 
34.25 2956.591 498.27496 0.9004172 -0.3100894 512.98254 2772.319 0.2944641 -0.7196439 1.0753922 -0.06226267 2661.7192 -176.11731 -0.15147015 0.8234072 175.47911 2728.7332 
34.75 3090.3223 433.73584 1.1256939 0.07863359 433.26108 2883.481 0.36091733 0.5026755 1.1967375 -0.19543797 2743.9788 -385.41028 0.009031206 -0.2510003 374.38574 2823.0322 
35.25 3294.6504 280.44458 0.21574019 0.37931857 248.45615 3054.7146 0.044099912 1.162339 0.20151258 -0.14940916 2920.7256 -520.2318 0.10889186 -0.8809387 511.70578 3026.5793 
35.75 3433.471 167.99883 -0.7172554 0.30881274 109.10106 3169.078 -0.31314743 0.57525194 -0.75182414 -0.0013744682 3076.2234 -506.10303 0.025945947 -0.4168721 514.16675 3203.714 
36.25 3349.995 187.75504 -0.639561 0.03887701 122.54567 3077.6145 -0.31996125 -0.41130924 -0.6419165 0.08407599 3029.9246 -406.11218 -0.11189067 0.38417223 432.38705 3164.1086 
36.75 3036.14 293.8592 0.07721958 -0.14702752 242.20331 2767.142 0.0026503503 -0.61979675 0.11094361 0.03449604 2722.98 -377.64743 -0.18067566 0.4309188 408.01245 2851.6934 
37.25 2703.022 323.79218 0.24339485 0.02964583 292.12143 2441.2239 0.09401925 0.04255122 0.35698438 0.095882416 2335.6404 -532.6699 0.055228323 -0.21557201 547.99615 2452.8047 
37.75 2659.1377 139.7791 -0.36390945 0.07599649 121.84327 2406.015 -0.15861502 0.3398499 -0.16772884 0.23151466 2198.085 -826.4667 0.18442851 -0.38892552 818.1543 2300.5837 
38.25 3070.7134 -230.54297 -0.64609104 -0.20419365 -244.04088 2826.304 -0.3918764 -0.22717568 -0.47546208 0.23946266 2535.987 -1080.537 0.035026878 0.3740892 1056.8889 2624.9976 
38.75 3803.0186 -588.98486 0.24999736 -0.44939032 -603.28656 3558.8445 -0.17944758 -0.7432887 0.13991211 -0.069946826 3261.6519 -1121.0209 -0.16838217 1.0559349 1098.6418 3350.2656 
39.25 4490.9775 -711.04504 1.4884742 -0.1263529 -728.0904 4225.618 0.27316135 -0.16247058 0.932575 -0.44994414 4005.1309 -908.4405 -0.033419997 0.43179926 896.30646 4119.943 
39.75 4796.6284 -513.9497 1.3997133 0.6482936 -536.2756 4485.2534 0.31496578 1.0106784 0.63601494 -0.36894724 4378.156 -552.4456 0.39500433 -1.1013827 542.71564 4543.8774 
40.25 4658.723 -105.54565 -0.2775336 0.99058044 -135.98622 4291.647 -0.25128064 1.2529271 -0.64211047 0.29550675 4266.6426 -221.89082 0.61001825 -1.7952905 195.37625 4482.3813 
40.75 4361.116 311.08215 -1.8329866 0.30696976 273.84467 3952.502 -0.77993745 0.03165847 -1.429574 0.9265991 3935.8975 -49.129257 0.21296233 -0.64782643 -9.254865 4167.937 
41.25 4400.178 575.0974 -1.4933937 -0.84148324 537.705 3975.4084 -0.5200653 -1.3416262 -0.71755815 0.76321435 3898.8186 -98.62419 -0.45771593 1.2445861 10.081064 4104.134 
41.75 5248.662 639.3108 0.45817268 -1.2350252 606.14905 4821.813 0.36097962 -1.3120823 0.71404827 -0.1301225 4656.842 -371.97565 -0.6564264 1.8891598 271.81708 4820.182 
42.25 7111.0493 567.3324 2.0100164 -0.41012156 530.1138 6676.2666 0.8950132 0.0046540946 1.3166435 -0.8109272 6442.623 -785.06635 -0.13283601 0.66363585 696.2943 6590.621 
42.75 9735.315 517.8339 1.7020748 0.79749286 456.39478 9281.15 0.6222143 1.1318506 0.656777 -0.65863365 9035.778 -1137.1829 0.57104355 -1.1351951 1071.3641 9210.324 
43.25 12405.648 723.6524 0.042941898 1.076556 624.3374 11933.958 -0.32551423 1.114782 -0.3144426 0.33283752 11740.094 -1192.1073 0.61314607 -1.8469254 1139.9792 11955.795 
43.75 14301.516 1378.6996 -1.3470068 0.30166477 1256.0973 13824.868 -0.7608559 0.44386664 -0.6926528 0.9027106 13683.707 -934.1173 0.04700339 -1.1537002 867.50226 13915.109 
44.25 15223.464 2391.9973 -1.566361 -0.6258078 2287.9258 14740.103 -0.46997464 -0.05521843 -0.62743646 0.5974044 14498.047 -820.95715 -0.4826976 0.10200569 705.21124 14713.3545 
44.75 16209.491 3191.574 -0.8891348 -1.3773813 3141.3374 15686.832 1.2504299 -0.020127922 -0.41451573 -1.0661671 15009.988 -1670.27 -0.91099924 0.3295665 1483.1807 15214.956 
45.25 19237.814 2922.5107 0.05235389 -0.7278547 2914.756 18634.047 -0.1051079 -1.1297982 -0.34492543 -0.12411404 17168.97 -4000.513 -0.4030276 1.7951851 3751.3748 17408.137 
45.75 25684.854 1158.0547 1.3958478 0.18184304 1132.4197 24994.703 0.42940536 -0.4326852 0.7075919 -0.37366346 22699.834 -7227.993 0.3839259 0.48518246 6963.3726 23008.1 
46.25 34422.863 -1338.6802 2.07348 0.4777184 -1441.511 33697.938 0.2399438 0.19314855 1.6409461 0.16308436 31088.354 -9563.726 0.3809225 -0.4332013 9349.782 31447.395 
46.75 41476.434 -2673.8713 1.2543452 0.83786625 -2850.8228 40784.152 -0.018340811 2.1872728 1.0310295 0.39191592 38740.547 -9165.182 0.46519482 -2.252724 9045.883 39097.617 
47.25 42433.188 -1137.4072 -0.97595024 0.9794713 -1316.0487 41787.33 -0.82104254 2.7186887 -1.2083776 0.7046957 40865.664 -5943.6406 0.5349225 -2.635385 5902.78 41201.734 
47.75 36429.957 2988.6848 -3.0003703 0.37447035 2885.445 35768.258 -1.3819327 0.87698585 -3.093282 0.80012536 35481.13 -2409.7964 0.24562216 -0.97992504 2373.4824 35847.523 
48.25 28286.604 6829.495 -2.4541466 -0.83596706 6806.991 27531.643 -1.1340195 -2.2941005 -2.2296178 0.6339591 26341.33 -2258.5144 -0.47296572 2.0372233 2149.0574 26809.275 
48.75 25938.213 6665.799 0.7195568 -1.2861319 6651.1377 25084.21 0.3884381 -3.2665274 0.9451716 -0.30476993 21414.201 -7281.255 -0.7631545 3.2680638 7082.7373 21983.393 
49.25 34128.56 1128.5363 3.4023433 -0.31899953 1046.0962 33255.074 1.4288545 -0.6665019 3.1775455 -1.0193281 26888.586 -15141.003 -0.2773335 1.2032158 14915.089 27465.152 
49.75 49398.156 -6876.695 2.721612 1.1527452 -7027.747 48582.125 -1.4331073 2.5735993 1.9211428 1.0595955 41221.375 -20442.773 0.3874271 -0.79212475 20273.879 41711.023 
50.25 61478.082 -11750.024 -1.7765356 2.0680873 -11903.552 60694.098 -1.4228199 2.1785054 -1.9983989 0.91412663 54941.168 -18885.04 1.1050632 -2.372902 18805.863 55366.91 
50.75 61032.906 -9570.458 -4.586201 0.95638657 -9678.405 60160.164 -1.7723359 -0.03065443 -3.8573232 0.9087049 57542.906 -11149.705 0.6114178 -0.31124365 11123.023 58048.156 
51.25 47713.95 -1669.8905 -3.0324893 -1.5328622 -1763.1877 46659.086 -1.0390085 -4.137805 -1.8039273 0.73609746 46320.848 -2918.3975 -0.9411187 3.8279505 2893.6003 47032.332 
51.75 31115.346 6023.493 1.5090954 -1.884332 5874.8145 29922.629 1.4068485 -3.7710063 2.085758 -0.88760257 29219.846 -457.6966 -1.0132098 4.083261 433.7193 30109.527 
52.25 23176.813 7709.7134 4.3045244 -0.09226298 7495.474 22002.408 2.2767954 0.06688011 3.9092984 -1.4506762 18611.371 -5450.7666 0.19033837 0.54895014 5472.2437 19510.662 
52.75 28363.67 2482.3318 2.4860487 1.6145183 2286.5881 27330.643 0.6911354 3.6573524 2.033638 -0.29543924 21094.734 -13636.804 1.2070677 -3.2463355 13723.704 21856.42 
53.25 40322.465 -5121.2734 -1.4336374 1.6917537 -5204.535 39411.227 -0.8389003 2.9742544 -1.3025858 0.37212038 32360.104 -18515.205 1.3296988 -3.3174696 18612.85 32993.65 
53.75 47838.19 -9208.173 -2.8386903 -0.05157137 -9189.755 46929.324 -1.2092149 -0.25781533 -2.2253942 0.47970986 41551.375 -16714.086 0.24430871 -0.047546387 16731.625 42185.383 
54.25 44433.254 -7403.197 -0.20638597 -1.5009089 -7407.444 43448.54 -0.27448487 -2.6435618 -0.025429234 -0.07600546 40812.516 -10269.243 -0.8353219 2.4123917 10172.731 41534.51 
54.75 32897.934 -2167.0146 2.7843845 -0.82960653 -2312.6614 31878.53 1.4365838 -1.5390364 2.4025064 -1.1059527 31171.082 -4151.0005 -0.6239395 1.1516806 4007.9158 31933.326 
55.25 21409.068 2134.797 2.4484816 0.9262898 1854.6655 20448.668 1.5260344 1.3281959 2.456975 -0.8763397 20056.793 -1824.577 0.34142685 -1.890677 1745.031 20750.896 
55.75 15866.435 3143.76 -0.8871378 1.6177306 2849.8088 14989.734 0.20121884 2.7489407 0.10789293 0.26900363 13907.758 -2979.6558 0.82608867 -2.7485757 3013.7078 14506.163 
56.25 15837.935 1765.8162 -3.0860865 0.51582766 1565.2496 14972.643 -0.84489775 1.4550716 -2.0658731 0.94480705 13297.85 -4909.5796 0.28697777 -0.29700494 5006.7583 13885.148 
56.75 16890.475 296.82126 -1.4584112 -0.7840724 186.03372 15960.941 -0.67993975 -0.8227565 -2.0207467 0.58260155 14343.156 -5441.9253 -0.45773697 2.393735 5508.087 15003.557 
57.25 15671.579 -39.514656 1.7083514 -0.57990074 -141.56696 14694.993 0.32508636 -1.6705741 -0.40807426 -0.3931048 13558.053 -4444.0103 -0.49732542 1.8007917 4426.821 14265.026 
57.75 12408.667 306.0813 2.3664947 0.79673576 161.25134 11478.666 0.5326469 -0.354051 0.95559657 -0.41594505 10769.787 -3047.741 0.14857721 -1.4621856 2964.506 11414.85 
58.25 9310.997 419.84543 -0.73450214 1.4457622 257.2644 8494.496 -0.29643464 1.0208651 0.62336695 0.5098542 7968.669 -2108.3643 0.47022676 -3.260552 2007.0515 8488.248 
58.75 7700.6475 110.21879 -3.6518316 0.34760904 -24.657093 6973.954 -1.2776953 0.52736616 -0.36180216 1.2613463 6516.928 -1612.3121 0.021533012 -0.5871251 1524.3328 6957.678 
59.25 7073.4863 -156.79059 -3.1387665 -1.448081 -267.3681 6363.867 -0.6910771 -0.33303005 -1.2375224 0.6458597 6021.523 -1192.8835 -0.9263067 2.7259347 1125.652 6472.532 
59.75 6345.0195 -55.333675 0.9339824 -1.7912176 -182.95613 5613.524 0.7848525 -1.1013947 -0.651531 -1.1556897 5432.0537 -740.5157 -1.1446228 3.573503 695.99426 5921.003 
60.25 5197.0566 236.08255 3.621435 -0.19028258 78.985985 4462.4004 1.0526025 -1.4638038 0.29011738 -1.4104843 4398.2 -409.80316 -0.42668915 0.71183044 392.1966 4880.8496 
60.75 4083.9539 388.2736 1.8035496 1.4469516 241.92375 3375.6604 0.48880792 -0.7215605 0.6726867 -0.6791477 3344.3208 -297.1323 0.2617798 -3.052505 303.28174 3783.0798 
61.25 3446.053 343.85864 -2.4557815 1.2931111 247.09636 2762.3293 -0.4911952 -0.24275923 0.35433 0.6534431 2711.341 -319.42407 0.17079401 -3.0716288 336.63055 3127.385 
61.75 3243.32 256.03745 -4.123052 -0.3786714 190.99142 2565.529 -0.5452552 -0.22164997 -0.11537966 0.9718913 2487.2798 -371.58722 -0.4778912 0.73856425 391.15997 2922.3242 
62.25 3185.8362 215.21564 -1.0020558 -1.624223 127.31462 2513.4875 0.23994398 -0.41983894 -0.25887734 0.1503632 2423.711 -421.76074 -0.8033514 4.2230453 447.89908 2879.0864 
62.75 3135.663 178.33801 3.2620127 -1.1653988 43.227592 2487.3994 1.0079255 -0.8721282 -0.46705806 -1.3249447 2416.5396 -447.20468 -0.6697409 4.0422516 485.50528 2855.7302 
63.25 3037.4692 133.12286 4.9941864 1.1046162 -18.59423 2420.0452 0.78800154 0.38891214 -0.12623835 -1.2505858 2398.031 -396.40546 0.70681214 -1.0339041 438.36746 2804.4768 
63.75 2819.8677 155.76653 1.462395 2.1663518 26.681564 2216.8726 -0.38503337 0.49044237 -0.2840229 -0.12506986 2237.3796 -275.3192 0.9775059 -4.1160226 303.3244 2638.7852 
64.25 2463.8152 267.26886 -3.0836015 1.2048268 158.94409 1862.9341 -1.1623607 0.042601198 -0.22939332 1.0666417 1869.8143 -195.72186 0.30365658 -2.667062 203.32355 2296.3635 
64.75 2113.7183 349.41556 -3.9626637 -0.8035009 230.72165 1530.2018 -0.6541295 -0.32614332 0.20666216 1.1292783 1464.4799 -259.3123 -0.63606787 1.6876832 258.72543 1904.6733 
65.25 1956.5106 284.8328 -0.57628804 -1.8310214 144.84218 1415.1847 0.6364639 -0.1425152 0.69924796 0.066076875 1278.846 -416.27902 -0.87595654 4.4076204 422.3682 1697.042 
65.75 1990.6978 122.232605 3.2364902 -1.0953195 -14.70761 1489.6079 1.4489427 0.60907227 0.70107746 -1.0011952 1344.9077 -511.8201 -0.28770924 2.7571354 524.59796 1733.588 
66.25 2021.2006 16.66467 3.5506916 0.47574914 -93.24128 1528.6198 1.0242529 1.057757 0.06223286 -1.0671546 1428.9764 -471.61224 0.53869796 -1.2222104 479.8695 1820.625 
66.75 1902.2299 28.059284 0.3202383 1.2588022 -62.57279 1392.7786 -0.06489807 0.64601064 -0.725624 -0.23244953 1331.2972 -375.59027 0.83293676 -3.4371438 374.072 1754.8516 
67.25 1695.3778 63.832996 -2.9583874 0.6842272 -31.579233 1177.0948 -0.6589871 -0.33305 -0.9327749 0.57784545 1113.5546 -330.71085 0.4461825 -1.9593716 326.60333 1557.2798 
67.75 1541.3861 31.369696 -3.2158742 -0.636289 -73.99751 1039.2681 -0.010264933 -0.7822031 -0.29591775 0.5329487 961.57806 -332.00842 -0.3707863 1.0821507 334.90033 1390.7947 
68.25 1455.9237 -32.013565 -0.6122384 -0.8039103 -129.66855 976.77515 0.5827677 -0.6611599 0.44119212 0.23445195 913.9439 -297.69675 -0.3233105 3.236546 309.5714 1314.8469 
68.75 1333.6487 -28.800447 1.9614631 -0.32569224 -106.453224 859.1834 1.0310327 0.39562687 0.7414016 -0.1717112 836.2867 -203.79489 -0.07874668 2.3275032 221.50177 1227.1945 
69.25 1126.9039 49.934322 2.3562822 0.3492641 -17.768625 640.1889 0.7781059 1.292971 0.22280023 -0.13580142 642.07056 -121.65295 0.29848993 0.12546456 143.6032 1043.6195 
69.75 922.78253 111.95896 0.84432244 0.46657923 38.072895 429.66327 0.24716812 1.303097 -0.6603727 0.2106623 419.61517 -117.76922 0.43170887 -1.1595562 144.23776 828.6786 
70.25 826.88007 89.246346 -0.73927486 0.078305185 9.31465 345.3915 0.037994117 0.4818985 -1.186832 0.44899783 308.35272 -169.50325 0.29419893 -0.81946516 199.26454 706.58136 
70.75 834.3445 17.010366 -1.3958626 -0.6184281 -55.202984 369.84595 0.3535636 -0.16627516 -0.9731012 0.3906168 324.73267 -202.24533 -0.3219046 -0.15999903 234.34543 702.9496 
71.25 859.2074 -26.263035 -1.0129622 -0.39268005 -83.072235 397.9779 0.44096214 -1.0866852 -0.017831836 0.23685029 371.39362 -179.99406 -0.3602702 0.97659934 217.57008 737.0599 
71.75 849.2283 -13.332924 -0.6770306 -0.14420563 -60.445812 375.78937 0.5271493 -0.97861934 0.9963504 -0.003721211 374.98447 -129.76192 -0.4171257 1.3012273 177.37767 739.07275 
72.25 834.4762 23.412333 -0.1860256 -0.20279084 -22.237806 347.9985 0.49867436 -0.36496747 1.6640993 -0.19048819 360.64444 -96.5463 -0.3784988 1.5824074 152.9452 724.9003 
72.75 866.14923 48.884426 0.85986406 -0.37267843 4.9303474 378.80997 0.621841 0.42845786 1.7857783 -0.3294941 390.24915 -100.35994 -0.049374312 1.5233603 158.74432 746.93066 
73.25 953.957 55.64482 2.0830317 -0.33219984 19.514324 477.27063 0.81539106 1.1712817 1.3596748 -0.2671065 483.21863 -134.23639 0.3860975 0.4074161 190.8013 822.24536 
73.75 1066.158 49.016106 2.1485765 0.12227249 25.012178 602.0199 0.7726773 1.6033851 0.49824178 0.09205383 608.76166 -176.3583 0.6556546 -1.6777403 234.606 924.2932 
74.25 1164.4866 35.532707 0.24621284 0.70470846 24.14679 707.8819 0.3389991 1.3970574 -0.4988488 0.57917815 724.93304 -201.04817 0.59532404 -3.2256064 264.96814 1017.89136 
74.75 1232.0656 29.151628 -2.5567055 0.7026111 29.039991 779.2268 -0.2819323 0.4855193 -1.1195488 0.91284823 810.40875 -197.55305 0.16827531 -2.575378 265.11215 1085.3651 
75.25 1289.6229 43.257504 -3.788328 0.036669098 51.39258 842.66205 -0.46805656 -0.77494824 -0.8633029 0.7314501 880.88104 -186.3491 -0.1821338 0.22938225 255.17491 1138.7906 
75.75 1390.1609 67.58147 -1.9744476 -0.8016486 79.65844 954.48444 0.04795897 -1.4693599 0.28617907 0.19261445 985.7745 -202.21252 -0.16248006 2.8899012 279.07822 1221.0693 
76.25 1575.66 71.80825 1.630555 -1.001445 85.9568 1153.7249 0.92846555 -0.8211388 1.584892 -0.21774368 1169.3643 -253.35072 0.25008464 2.8021226 349.84915 1377.3383 
76.75 1819.2761 43.8771 3.848297 -0.2758986 63.122578 1408.3716 1.4443132 1.0340372 1.8881406 -0.09569432 1414.1099 -308.4106 0.7394465 -0.38975435 424.79416 1599.0631 
77.25 2024.5808 9.837768 2.4194746 0.81816846 38.105267 1622.3633 1.0639641 2.8860538 0.54130334 0.5251819 1634.6469 -331.9113 0.9511087 -4.2006397 451.7306 1804.209 
77.75 2105.2551 1.7227124 -1.8031135 1.3171569 38.13496 1716.4008 -0.008628547 3.2470484 -1.8915107 1.1562333 1748.6252 -320.68298 0.7574877 -5.4091196 427.2264 1899.4948 
78.25 2066.7817 17.66134 -5.5486174 0.75598764 57.52694 1700.2635 -1.0048573 1.3017291 -3.8965154 1.2310528 1751.9596 -295.39725 0.35417935 -2.6777842 390.3589 1870.0665 
78.75 1996.024 31.905827 -5.8285255 -0.51952714 72.57996 1653.8599 -1.1745427 -1.3303217 -3.9287271 0.8671371 1711.9712 -270.24713 0.007886369 1.405155 369.41803 1793.0419 
79.25 1972.6298 36.71683 -2.6794963 -1.4888195 79.11283 1644.6 -0.44586673 -3.3089447 -1.953278 0.24987373 1694.5769 -251.30928 -0.055692896 4.102361 362.05826 1757.7832 
79.75 1999.9966 49.70034 1.2899412 -1.5006026 94.02008 1673.9673 0.5875606 -3.1130915 0.6992315 -0.13090098 1711.013 -254.79723 0.13889095 3.4943316 365.14822 1781.2305 
80.25 2023.5773 75.811066 3.166471 -0.6860083 119.64008 1700.1405 1.1530275 -0.999619 2.1879694 -0.13227953 1731.4236 -298.39667 0.42979807 0.5639241 392.35907 1808.3849 
80.75 1996.564 86.149445 2.1026113 0.22504792 128.25076 1688.6576 0.899117 1.3753577 1.6155899 0.05532171 1724.8679 -365.00665 0.6293851 -2.1292832 443.56274 1781.3489 
81.25 1918.1934 53.090652 -0.40337485 0.5813924 95.6446 1634.8717 0.09718166 2.2848654 -0.31373835 0.18989173 1679.4507 -399.88065 0.62239856 -2.7346544 479.57443 1695.1761 
81.75 1820.1659 -4.8746767 -2.1776721 0.27732876 39.617863 1554.9308 -0.5996505 1.2811445 -1.989375 0.14896561 1602.5138 -366.53708 0.37852222 -1.3919008 457.48242 1591.104 
82.25 1732.6793 -35.929413 -2.2017317 -0.2534424 7.4981527 1471.1622 -0.7458912 -0.6011466 -2.1942 0.022501495 1516.2751 -296.36612 0.00841248 0.39047605 388.72974 1509.4542 
82.75 1665.1906 -15.054301 -1.070118 -0.5216009 23.166636 1400.9803 -0.3663398 -1.7986993 -1.0179645 -0.087985225 1444.713 -260.1236 -0.30383387 1.2571058 336.61755 1455.1886 
83.25 1610.5211 25.0541 -0.014274422 -0.35481662 57.555706 1348.7585 0.101224944 -1.5330498 0.38180852 -0.12069472 1393.8055 -288.7503 -0.36389694 1.0043232 347.01044 1405.4718 
83.75 1563.1542 31.858574 0.20727737 -0.00848791 59.292023 1308.8232 0.28932673 -0.2486189 0.8147658 -0.1186991 1351.2355 -340.81125 -0.18714634 0.24268809 396.77704 1347.2535 
84.25 1531.9447 -6.6751494 -0.31117615 0.1987664 11.767853 1280.4991 0.089749336 0.85395336 -0.009845525 -0.052940607 1313.389 -354.76407 0.08083717 -0.31606418 422.34714 1301.3922 
84.75 1530.9663 -50.4137 -1.0948449 0.12586929 -46.580696 1272.9915 -0.28420776 0.8794343 -1.3865693 0.114281714 1299.4098 -317.89273 0.23412251 -0.38267472 389.84872 1301.2413 
85.25 1554.7677 -53.06753 -1.7544439 -0.15360156 -61.082157 1286.807 -0.5513678 -0.15462121 -2.2908297 0.36051583 1320.9901 -270.91473 0.16052423 0.032197744 324.8023 1344.7086 
85.75 1570.408 -10.674615 -2.0321565 -0.4870032 -17.999947 1298.2885 -0.54999423 -1.5208414 -2.1388392 0.5349352 1347.6011 -254.6247 -0.077283494 0.8590124 277.70328 1380.3561 
86.25 1545.6917 37.70079 -1.6437356 -0.7825697 39.974545 1278.9662 -0.31452313 -2.445169 -1.0663993 0.49325275 1329.1777 -269.59265 -0.32901973 1.9333838 273.62476 1356.3706 
86.75 1484.7695 51.4703 -0.38160634 -0.89525783 56.989056 1230.271 0.0904042 -2.5556018 0.4094386 0.15583889 1258.6439 -288.30396 -0.3994043 2.781322 296.47076 1279.9652 
87.25 1423.064 26.754534 1.5405242 -0.8176305 21.12118 1181.4768 0.5375435 -1.8847508 1.7703853 -0.31923583 1185.4155 -290.99048 -0.33419135 2.7345054 311.47104 1209.4222 
87.75 1384.9852 -4.1295247 3.2923377 -0.3855595 -25.450388 1148.9504 0.8949081 -0.682478 2.666365 -0.76692957 1152.4067 -280.68985 -0.14756946 1.4700906 297.35782 1183.9293 
88.25 1356.351 -6.365398 3.8874679 0.34665558 -33.812508 1113.025 0.894306 0.8564874 2.8974476 -0.9815718 1137.8063 -271.27582 0.02221851 -0.6725402 262.38528 1177.5564 
88.75 1309.8856 24.8581 2.8703744 1.1291382 0.37341344 1051.5176 0.31797183 2.1566725 2.30193 -0.9377183 1088.9257 -270.9206 0.09269883 -2.4882264 234.52917 1139.1415 
89.25 1244.1863 62.52262 0.7005701 1.5860333 37.253593 979.951 -0.5903028 2.871769 0.9600471 -0.84676075 1000.75055 -277.47394 -0.045080766 -3.2422926 234.1747 1061.3282 
89.75 1184.1104 74.957596 -1.5209637 1.4819049 39.7028 936.38684 -1.5273675 2.406993 -0.6478443 -0.6887087 928.1389 -282.4027 -0.3650189 -2.494395 253.525 988.25 
90.5 1128.4022 36.96948 -3.167715 0.65123177 -7.8308635 921.45764 -1.919306 -0.14276071 -2.1724102 -0.28319922 912.1334 -270.06107 -0.8204709 0.2112116 259.30624 948.2297 
91.5 1036.0607 11.550713 -1.5342387 -0.69501024 -21.750977 800.4051 -0.028032273 -2.8583739 -0.44349235 0.1446811 820.39386 -219.77646 -0.9203441 2.9107285 191.3339 880.58203 
92.5 982.8585 94.89705 1.2344263 -0.83993906 33.174557 721.86035 1.1359897 -1.6995132 1.3430071 0.40703654 692.73816 -204.68945 -0.18935423 2.8301818 177.88733 809.12213 
93.5 978.09607 96.380356 3.4108343 -0.5641364 25.851513 764.9968 0.99688774 -0.29195198 1.466544 0.16411224 749.3961 -216.55617 0.36787975 -0.007960916 195.86958 827.82715 
94.5 937.8978 31.612259 2.4966457 0.05708909 -27.082996 674.9325 1.0308589 0.97269106 1.9063919 -0.14007322 659.7868 -185.32591 1.0635325 -3.780418 188.99875 786.4023 
95.5 885.8622 71.22739 -0.99266267 0.46866822 6.133192 624.61816 -0.09046328 2.664457 0.43083075 -0.08190952 591.58997 -161.96101 1.5418394 -4.011543 167.26775 742.31616 
96.5 750.7168 69.633804 -1.6434972 -0.3134161 1.7368202 535.37836 -1.1848199 0.43063432 -1.7406906 0.0331067 526.67334 -129.7912 0.70174485 -0.71370167 118.41362 630.6607 
97.5 700.6718 68.8878 1.6976447 -1.1408432 -5.6978135 424.74963 0.34907722 -1.4417894 0.7732547 -0.4355409 391.62006 -117.5376 0.45110404 -0.37318483 155.04689 562.6922 
98.5 753.157 58.689594 2.3493423 -0.47760433 -1.0770547 494.287 1.1967454 3.2827907 2.1340349 -0.42463803 466.24564 -131.14613 1.9145564 -4.91259 149.06528 635.9148 
99.5 770.1818 40.561882 -2.741479 0.6630112 -30.4797 522.7065 -0.79484797 5.1750207 -3.347548 0.4288442 503.62558 -54.916065 1.9051131 -6.5569315 66.935104 658.10114 
100.5 674.99536 65.88099 -5.372461 0.68386614 0.5037513 371.0173 -1.5153306 0.5399203 -6.123093 0.8378943 328.24094 -51.988564 -0.14169857 -1.4014306 124.85087 546.3946 
101.5 471.39572 25.787642 -2.7426434 0.7518587 -12.020125 226.45074 0.30035454 -1.1773187 -4.370256 1.3500805 185.15935 -63.255295 -1.5528462 0.89811337 87.894844 356.04877 
102.5 486.6391 1.0890114 -4.286799 1.1370369 -57.144417 216.23798 0.9915663 -0.52050006 -7.2387753 4.5102196 162.09407 -54.266624 -1.8788646 -1.3434409 105.344246 347.86606 
103.5 632.0707 -53.079628 -9.221693 -0.7454134 -86.64668 283.49945 0.58061993 -5.687815 -9.066022 5.167775 230.21196 -0.5683161 -2.0995219 2.4723306 98.89914 499.97354 
104.5 655.9012 -10.710833 -5.34109 -3.923634 -44.218327 340.46265 0.28375217 -8.925414 -2.4154778 0.42867118 307.7953 37.068035 -1.269673 9.966531 -29.339476 552.9222 
105.5 643.33514 28.312635 4.8151608 -3.6832824 -20.668922 268.73126 -0.7928462 -5.3607965 3.1020784 -2.5371854 241.3972 -15.502196 -1.2456889 9.776516 78.6699 520.15936 
106.5 539.3847 -16.656614 8.822303 -0.15144771 -46.488625 142.98308 -1.2597419 -2.5558722 3.324761 -1.4031738 122.90245 27.620274 -2.6360452 2.7670977 62.46385 423.72064 
107.5 436.96698 37.28788 2.9027221 1.2378633 -28.212624 81.519646 -0.64884424 0.58802545 1.943806 -1.5404422 36.51561 44.614265 -1.1001415 -3.0101616 -15.740554 303.95636 
108.5 636.97394 47.61199 -5.535783 -1.3039608 -3.3437567 144.45773 -2.6574707 1.8131361 -3.7097945 -3.2682376 60.139893 0.6180811 1.1924396 0.97825384 127.83997 436.80054 
109.5 847.27545 -20.204151 -0.60701907 -2.3856373 -74.127014 292.34003 -5.8559785 -7.4633703 -3.4417195 -4.5935726 205.50784 -4.739167 -1.9993334 13.358604 102.57309 636.2711 
110.5 828.7983 10.871159 17.026628 1.1364672 -90.007034 317.02875 -3.104649 -9.456957 11.552774 -5.834442 254.02866 -53.186523 -2.5756946 9.68443 108.021545 631.7719 
111.5 982.5078 -110.503365 15.553892 1.629817 -183.47086 362.30826 2.26445 9.247216 13.754896 -3.1078033 281.88272 -88.967415 8.631316 -15.8238735 247.3367 730.9289 
112.5 793.1412 -134.27603 -5.991807 -7.2465305 -182.85396 212.05368 -0.66624403 14.514197 -2.8559587 -0.8514414 122.44552 50.297577 18.151417 -21.06651 42.574368 529.47 
113.5 674.4497 -10.541288 5.2752233 -11.948904 -80.17296 115.72844 -8.448282 3.333723 12.195965 -14.006655 53.480156 -4.2965837 14.563375 -3.2793677 66.02461 422.88394 
114.5 1340.2217 -24.572792 38.79713 3.530201 -114.470924 584.6331 -4.996057 42.786682 41.162342 -23.520668 485.8788 -107.58853 16.906914 -37.07299 236.69649 1017.7477 
115.5 2525.793 -700.6786 -13.292558 16.775866 -796.097 1678.5984 12.523493 118.13837 -33.17369 21.883698 1276.9812 -459.16168 39.366024 -120.90471 529.5713 1898.4579 
116.5 4798.4385 -2184.0334 -159.39375 -16.98449 -2341.849 3498.9531 23.482658 79.83312 -200.42053 106.048874 2372.221 674.4221 55.294876 -108.72116 -568.15314 3420.5818 
117.5 5681.6724 -199.44644 -213.48068 -87.93971 -379.87024 3813.7607 4.593521 -114.58311 -232.98468 112.92327 2647.49 2229.5625 36.104248 66.57613 -2048.055 4235.9976 
118.5 5871.871 1181.7137 -43.993958 -115.772766 1001.46375 3673.6494 -41.468315 -255.86032 1.065155 -22.877869 2450.016 -1301.8807 -1.8181 228.88844 1395.8022 4355.5195 
119.5 8575.009 -3970.3833 199.77904 -47.46289 -4215.8203 5971.076 -78.98341 -145.8437 285.90884 -187.3423 2953.2075 -2422.1157 -22.28418 173.89633 2520.022 5243.1177 
120.5 8737.5 -4310.016 262.01498 62.74945 -4557.6797 6300.079 -70.40273 111.14026 310.30206 -207.03018 2916.0483 2617.5913 -17.065247 -47.50621 -2520.3347 5017.65 
121.5 5998.356 950.43506 102.69421 113.83801 632.7672 3697.7134 -22.238 241.83153 70.21597 -68.51355 2154.186 2052.8423 -5.847122 -201.5278 -2082.0784 4100.457 
122.5 5186.0435 542.1832 -87.62399 79.0688 186.83208 2766.7773 18.259815 148.06282 -155.81711 73.08784 1707.8342 -1684.4504 -7.3502274 -165.24774 1721.482 3778.8687 
123.5 4337.3696 -1475.5652 -144.06808 22.258942 -1672.8931 2332.243 20.185669 -20.11929 -172.65851 95.77123 1240.8159 -999.5376 -22.941628 -27.274197 996.3036 2900.2107 
124.5 3001.658 -635.3825 -80.52389 1.2500381 -830.42456 941.64844 1.0545805 -94.14829 -49.69538 31.648493 555.5748 -43.14499 -38.861927 68.62622 -221.46974 2247.5913 
125.5 2434.5437 -123.81593 -4.104499 8.193552 -399.12927 549.86273 -8.329437 -60.77349 44.98027 -21.234226 401.624 -244.1762 -38.2915 75.5268 -12.047142 1894.3019 
126.5 1808.5385 -95.06172 24.215685 10.059981 -226.70985 497.9783 -5.0323725 -6.146824 50.4198 -26.438362 335.38058 -142.10126 -20.220573 37.97669 -157.19753 1254.7319 
127.5 1720.0159 126.835144 16.967041 1.5256743 25.885963 -97.81933 -3.4255502 13.476009 17.426311 -12.740488 -171.5027 -212.65944 -1.9752955 7.2482567 -319.14536 1250.481 
128.5 1700.1237 237.58533 5.2918315 -3.4869764 23.317522 -34.126675 -6.357923 6.62342 -0.9353392 -5.9976144 -116.745384 -250.89452 3.3504817 -2.8289814 -253.7319 1180.8295 
129.5 1368.4153 145.80695 0.4530269 -1.7815756 111.04703 197.11165 -6.7359643 -0.25336403 -0.53055984 -5.1194625 114.45897 -193.43533 0.948884 -2.2671099 -256.25552 860.5927 
130.5 1512.1406 72.41761 -1.2088612 -0.17461944 176.1823 -79.01326 -3.4218333 0.5060414 2.2539191 -3.5831642 -116.47772 -138.41162 -0.02659738 -0.011495046 -385.5584 1103.2579 
131.5 1495.408 145.4199 -2.0496588 -0.61210763 129.72844 -45.699795 -0.6248236 2.5829616 0.8694589 -1.160142 -27.799723 -116.367325 0.3328843 2.2232513 -374.04483 1136.2148 
132.5 1221.5508 63.094215 -0.613568 -0.5072397 98.53851 91.111046 0.24033678 1.6054176 -1.7524216 0.8268413 110.109344 -130.74294 -0.5581558 3.7919672 -248.96759 856.62775 
133.5 1126.5996 -37.59177 2.7034345 0.18324399 72.84416 14.771592 0.18409699 -0.7791219 -2.7344015 1.8076428 -29.158348 -55.31249 -1.2583125 3.1586447 -227.37001 763.504 
134.5 1039.3373 -61.62722 4.9247656 0.19324565 -5.370229 64.42464 -0.2992048 -1.7842227 -2.095643 1.3288028 6.1301284 -30.71131 -0.4359429 0.55018747 -174.08867 723.67126 
135.5 951.74805 -109.49651 4.23364 0.060783863 -45.052433 47.140568 -0.6084579 -1.4860687 -0.7718131 0.14542437 47.606724 -26.0015 0.5464176 -1.9341238 -124.595 680.18915 
136.5 936.78644 -69.99391 1.6700162 0.36312905 -42.794735 -104.795204 -0.1761089 -1.271549 0.63553846 -0.461039 -95.18708 -11.758382 0.6584809 -2.8491669 -137.28722 652.86316 
137.5 975.5886 -65.11886 -0.63731444 0.585631 -76.48213 -168.7153 0.36919457 -1.393343 1.7508489 -0.6228682 -212.76509 -28.747984 0.3633489 -2.4878783 -97.34644 679.0064 
138.5 971.73425 -94.70304 -1.6225364 0.56456935 -46.60798 -177.6023 0.32782447 -0.89787203 2.4920704 -0.8880149 -219.36095 18.44652 0.17005786 -1.4210638 -76.64806 696.4651 
139.5 1045.4109 -21.336405 -1.6124594 0.31124 36.049915 -214.58118 0.16485724 0.3577206 2.858242 -1.0723506 -231.0173 -8.76338 0.12511164 0.030928746 -77.56812 762.4243 
140.5 1145.7019 1.4318295 -1.3853511 -0.03573425 26.502407 -243.74004 0.13842136 1.4311199 2.679451 -0.848374 -294.13196 -77.98431 0.17463858 1.1755056 -41.35861 841.5623 
141.5 1121.5697 -44.607647 -1.1680402 -0.2929077 -36.72464 -220.12506 0.14020257 1.6728547 1.9028611 -0.5312048 -337.06088 -45.33379 0.28812978 1.5032191 -30.012178 796.7021 
142.5 1139.972 -62.86658 -0.45355916 -0.33200988 -65.71022 -144.30457 0.038318917 1.3788446 0.6329001 -0.30461943 -323.02695 -58.36419 0.28216532 1.1730282 -12.738767 749.44 
143.5 1167.5232 -130.79997 0.5116744 -0.3733571 -102.35737 -117.37753 -0.03153837 0.9644877 -0.46699175 -0.16837943 -313.10657 -81.75324 0.23244269 0.7898272 35.540154 720.3442 
144.5 1186.537 -182.85286 1.0150485 -0.39042652 -97.01582 -253.70067 -0.02620748 0.6537871 -0.97029966 -0.024558783 -416.17825 29.162651 0.15345672 0.5877364 -8.845318 742.2459 
145.5 1336.491 -87.008675 0.90534455 -0.36196366 94.75931 -327.51016 0.012286879 0.23316824 -0.8884437 0.12687233 -557.0709 139.87808 0.12652199 0.2050604 -99.45218 803.4268 
146.5 1656.3849 59.893818 0.64221287 -0.26937672 377.93344 -86.89315 -0.07357471 -0.24257198 -0.6315529 0.11524117 -737.0014 94.993904 0.047837332 -0.28133634 -69.02696 664.9737 
147.5 2143.1294 191.55164 0.54175276 -0.13738222 520.53577 376.83893 -0.20408724 -0.5869262 -0.42772147 0.07518762 -1147.8013 -143.53938 -0.05896639 -0.6691775 71.284615 244.86606 
148.5 2663.395 314.0819 0.40051535 0.14451087 457.4532 875.89545 -0.25046763 -0.53824735 -0.4096519 0.15427382 -1720.9186 -609.06274 -0.31176752 -0.73684955 377.91174 -281.27344 
149.5 3009.6064 291.54507 0.19632828 0.40356728 268.39407 1249.5406 -0.05696529 -0.32711086 -0.29437146 0.3778685 -2053.385 -1170.9252 -0.5254226 -0.6043811 868.1052 -619.8381 
150.5 2994.7144 108.891205 0.103816465 0.5423927 56.47239 1344.4886 0.105712414 -0.1541326 -0.1693076 0.43552002 -1862.676 -1477.966 -0.5518009 -0.44047165 1162.1053 -616.7304 
151.5 2650.5505 20.166721 0.088488795 0.58170253 -98.11062 1113.7797 0.070114955 0.07272607 -0.23873767 0.29254913 -1392.0867 -1315.8757 -0.4523034 -0.2420986 966.8038 -369.79935 
152.5 2337.2588 118.98077 0.060819898 0.61377454 -90.65391 900.1407 -0.032436673 0.37529188 -0.38838595 0.20928785 -1013.7025 -896.6806 -0.38427427 -0.038438566 585.4394 -140.79926 
153.5 2202.8796 170.76617 -0.019599037 0.45581588 46.51701 955.4671 -0.20939468 0.38955697 -0.3239427 0.016121149 -917.0008 -527.771 -0.30169457 0.08808394 385.02286 -223.28972 
154.5 2031.012 45.828964 -0.06954212 0.40427876 98.27128 897.9161 -0.13329919 0.20127974 -0.15605094 -0.018508457 -1071.0137 -244.5979 -0.31316093 0.06845744 235.83806 -438.95285 
155.5 1765.9883 -92.14437 -0.08053266 0.3510932 53.758354 527.5743 0.104256764 0.08195236 0.00057608634 0.08222343 -1033.8774 -70.834145 -0.30567604 0.05474028 50.08814 -230.87888 
156.5 1464.4286 -98.786446 -0.022175916 0.22553235 18.464176 157.67743 0.21926187 0.17347547 0.023656068 0.2359492 -638.79016 -37.675377 -0.18952571 0.13439435 27.239788 321.18884 
157.5 1161.9148 16.627636 -0.006543055 0.08643617 -7.8821588 -41.97949 0.13799542 0.22400077 0.053030808 0.24661742 -328.1951 -11.161867 -0.050232552 0.1021034 74.14053 647.29913 
158.5 1087.7126 150.17534 -0.028679892 0.053678803 42.803425 -113.57108 0.055368036 0.082182065 0.022409815 0.12548773 -286.64447 -3.9912322 -0.010902524 -0.04562828 38.58577 711.95667 
159.5 1205.7545 140.61455 -0.035937987 0.07114254 124.47945 -106.31635 0.007841006 -0.15740316 -0.04788587 0.04556311 -324.17328 -83.84079 -0.08836087 -0.16171676 47.669132 701.5427 
160.5 1124.4357 18.078243 0.10597154 0.06057405 71.10706 -20.00075 -0.0018409621 -0.23686683 -0.1836989 -0.023906006 -279.1638 -116.174126 -0.1546112 -0.12748128 53.80603 569.7212 
161.5 891.60547 -5.485894 0.03467761 0.06900084 -19.505066 95.77144 -0.024333015 -0.028840914 -0.013129637 0.01814814 -127.10488 -105.80107 -0.20147055 0.022620901 -3.0642834 441.82126 
162.5 900.3985 1.914962 -0.17625356 0.13578305 -35.55789 21.647955 -0.01614793 0.28785932 0.25716275 0.06289117 -104.31936 -72.06657 -0.14860424 0.23951975 4.6403036 545.25806 
163.5 1093.4215 -63.621147 -0.23113394 0.22022516 1.6733835 -153.68877 0.03590274 0.4262552 0.337096 0.07543914 -254.28955 120.60249 -0.04302576 0.3842867 -36.945156 749.184 
164.5 1126.1426 39.130337 -0.0044462085 0.20468098 133.6513 -13.816885 0.007321179 0.39127445 0.060759306 0.080473214 -234.82169 191.01353 0.012133211 0.3939702 -130.97897 735.7105 
165.5 1039.8794 236.2457 0.36567625 0.103954464 201.57692 282.36618 -0.16205108 -0.004978478 -0.3921464 0.04479012 -53.21017 -90.58864 0.06847966 0.03632319 -9.5312195 582.4014 
166.5 1002.7365 175.6416 0.59199464 -0.052496567 87.24203 227.68654 -0.31756482 -0.4300504 -0.67796403 -0.040813684 3.7677226 -194.2965 0.113360375 -0.4410395 145.57765 584.20624 
167.5 932.5576 49.661434 0.5467878 -0.21711364 62.821945 92.15083 -0.20311728 -0.46986693 -0.61458004 -0.11662845 62.71394 9.364262 0.08156678 -0.57176346 89.350784 667.0873 
168.5 942.15826 95.07074 0.2511289 -0.20742816 133.32408 336.52078 0.1409167 0.08314633 -0.24677253 -0.1203489 273.60428 -66.06152 0.001742661 -0.036562562 125.19327 739.3247 
169.5 1189.9012 115.83653 -0.24322818 0.065306604 22.170532 422.8254 0.3758968 0.7061735 0.31006396 -0.028024793 300.02026 -227.08739 -0.04678577 0.6758323 313.01495 941.78156 
170.5 1287.0814 125.14668 -0.6952772 0.33555293 -91.936615 -34.49368 0.26583105 0.75575185 0.7979027 0.12357634 21.73309 15.272986 -0.054471135 0.82377005 290.26855 1056.7739 
171.5 1124.0614 156.6102 -0.6950706 0.26097214 -26.148733 -66.018486 -0.06699681 0.30398375 0.7621689 0.23859334 36.89821 104.509895 -0.040982246 0.40033007 177.12762 935.96497 
172.5 1210.3988 22.489145 -0.15172872 -0.083465934 -32.3407 625.44336 -0.33422548 -0.108345956 0.1232218 0.20365846 534.8595 -200.70616 -0.0020779371 -0.0670701 243.89258 987.93024 
173.5 1445.6202 -20.777723 0.45794284 -0.2774725 -93.45791 664.9752 -0.3839184 -0.21308053 -0.5352134 0.049555063 665.35846 -139.2162 0.027055383 -0.22060311 232.31192 1195.7534 
174.5 1383.1578 158.90852 0.59210694 -0.1556921 -9.310683 -65.585724 -0.24330941 -0.12023178 -0.63948905 -0.027542263 137.69466 164.0268 -0.015676498 -0.112791404 90.6127 1114.5464 
175.5 1222.4128 65.7371 0.28634316 0.024471581 7.1045475 -90.355255 -0.040887035 -0.015482217 -0.28262815 0.0407292 -121.61195 -43.255066 -0.107749045 0.017882831 132.97917 847.2104 
176.5 1095.8346 -167.72034 0.0029841512 0.062714875 -115.19528 439.03897 0.06979139 0.02599302 0.013109624 0.10924403 266.96872 -276.11264 -0.13801545 0.06272819 180.62364 626.387 
177.5 782.2731 13.103612 -0.03558047 0.028460905 -74.624504 352.21234 0.052531555 0.021950431 0.047642246 0.07667739 503.71024 86.232 -0.07315654 0.045219794 -44.8842 293.83475 
178.5 542.54565 210.76137 0.007222086 0.023367375 46.150093 132.81732 0.0103717595 0.003336668 0.006553406 0.017727342 111.22652 332.88577 -0.007291816 0.01359312 -183.2376 -97.61407 
179.5 617.64954 49.110893 0.0038159788 0.03635531 16.245619 399.44046 0.0053657163 -0.0006098971 -0.00082535576 0.005345829 -395.13907 71.498024 0.0055816695 0.0010998026 -39.47153 -285.36713 
