# Blender 4.3.2
# www.blender.org
o Cube.001
v 4.186193 -0.569942 -5.184888
v 4.186193 -0.569942 5.184888
v -2.092842 -8.822578 -5.184888
v -2.092842 -8.822578 5.184888
v -4.066442 5.709094 -5.184888
v -4.066442 5.709094 5.184888
v -10.345478 -2.543542 -5.184888
v -10.345478 -2.543542 5.184888
vn 0.7958 -0.6055 -0.0000
vn -0.6055 -0.7958 -0.0000
vn -0.7958 0.6055 -0.0000
vn 0.6055 0.7958 -0.0000
vn -0.0000 -0.0000 -1.0000
vn -0.0000 -0.0000 1.0000
vt 0.375000 0.000000
vt 0.625000 0.000000
vt 0.625000 0.250000
vt 0.375000 0.250000
vt 0.625000 0.500000
vt 0.375000 0.500000
vt 0.625000 0.750000
vt 0.375000 0.750000
vt 0.625000 1.000000
vt 0.375000 1.000000
vt 0.125000 0.500000
vt 0.125000 0.750000
vt 0.875000 0.500000
vt 0.875000 0.750000
s 1
f 1/1/1 2/2/1 4/3/1 3/4/1
f 3/4/2 4/3/2 8/5/2 7/6/2
f 7/6/3 8/5/3 6/7/3 5/8/3
f 5/8/4 6/7/4 2/9/4 1/10/4
f 3/11/5 7/6/5 5/8/5 1/12/5
f 8/5/6 4/13/6 2/14/6 6/7/6
o Cube.003
v 0.191569 -0.230974 4.444143
v 0.191569 -0.230974 -4.444143
v -0.400185 -2.729734 4.444143
v -0.400185 -2.729734 -4.444143
v -2.307191 0.360780 4.444143
v -2.307191 0.360780 -4.444143
v -2.898946 -2.137980 4.444143
v -2.898946 -2.137980 -4.444143
vn 0.9731 -0.2304 -0.0000
vn -0.2304 -0.9731 -0.0000
vn -0.9731 0.2304 -0.0000
vn 0.2304 0.9731 -0.0000
vn -0.0000 -0.0000 1.0000
vn -0.0000 -0.0000 -1.0000
vt 0.375000 0.000000
vt 0.625000 0.000000
vt 0.625000 0.250000
vt 0.375000 0.250000
vt 0.625000 0.500000
vt 0.375000 0.500000
vt 0.625000 0.750000
vt 0.375000 0.750000
vt 0.625000 1.000000
vt 0.375000 1.000000
vt 0.125000 0.500000
vt 0.125000 0.750000
vt 0.875000 0.500000
vt 0.875000 0.750000
s 1
f 9/15/7 11/18/7 12/17/7 10/16/7
f 11/18/8 15/20/8 16/19/8 12/17/8
f 15/20/9 13/22/9 14/21/9 16/19/9
f 13/22/10 9/24/10 10/23/10 14/21/10
f 11/25/11 9/26/11 13/22/11 15/20/11
f 16/19/12 14/21/12 10/28/12 12/27/12
o Cube.002
v 16.124746 -9.004992 -4.462579
v 16.124746 -9.004992 4.462579
v 8.254542 -13.214314 -4.462579
v 8.254542 -13.214314 4.462579
v 11.915423 -1.134788 -4.462579
v 11.915423 -1.134788 4.462579
v 4.045220 -5.344110 -4.462579
v 4.045220 -5.344110 4.462579
vn 0.4716 -0.8818 -0.0000
vn -0.8818 -0.4716 -0.0000
vn -0.4716 0.8818 -0.0000
vn 0.8818 0.4716 -0.0000
vn -0.0000 -0.0000 -1.0000
vn -0.0000 -0.0000 1.0000
vt 0.375000 0.000000
vt 0.625000 0.000000
vt 0.625000 0.250000
vt 0.375000 0.250000
vt 0.625000 0.500000
vt 0.375000 0.500000
vt 0.625000 0.750000
vt 0.375000 0.750000
vt 0.625000 1.000000
vt 0.375000 1.000000
vt 0.125000 0.500000
vt 0.125000 0.750000
vt 0.875000 0.500000
vt 0.875000 0.750000
s 1
f 17/29/13 18/30/13 20/31/13 19/32/13
f 19/32/14 20/31/14 24/33/14 23/34/14
f 23/34/15 24/33/15 22/35/15 21/36/15
f 21/36/16 22/35/16 18/37/16 17/38/16
f 19/39/17 23/34/17 21/36/17 17/40/17
f 24/33/18 20/41/18 18/42/18 22/35/18
