0.25 1434055.4 298.509 39.981125 -2004.7142 298.66492 1433553.9 10214.417 -69.41701 47.6931 -10214.42 1433553.6 -245.77884 -2453.0022 75.82553 259.80713 1433162.1 
0.75 1368153.3 2481.6384 352.06662 0.18638992 2478.3555 1367571.4 9209.949 -600.38824 417.41946 -9209.943 1367568 -2059.7075 -369.98163 653.3281 2173.0955 1367315.3 
1.25 1249093.3 5918.866 920.38403 2878.1033 5888.666 1248402.8 7021.738 -1538.2372 1082.691 -7021.545 1248383 -4943.8 2644.9436 1660.0228 5195.076 1248338.1 
1.75 1097513 9326.617 1612.3253 5044.5225 9227.327 1096722.3 3687.528 -2696.6357 1885.503 -3686.4924 1096667.4 -7721.806 4971.708 2869.9917 8061.0254 1096827.9 
2.25 934246.6 11743.991 2223.9014 5393.769 11540.015 933337.4 -216.59587 -3904.1577 2599.4387 220.30403 933241.7 -9288.246 5463.0396 4075.8232 9599.728 933596.1 
2.75 774708.6 12825.167 2546.059 3896.8606 12518.025 773603.44 -3733.4082 -5038.2944 2995.4224 3743.2803 773487.1 -9092.601 4058.9165 5146.166 9257.159 774059.2 
3.25 627210.8 12669.632 2466.415 1504.7949 12309.531 625837.44 -6078.4365 -6008.8804 2938.5386 6098.487 625735.44 -7349.667 1703.2339 6021.3604 7309.4824 626549.94 
3.75 494921.78 11505.189 2031.9391 -534.6786 11173.099 493310.7 -7077.4585 -6728.8643 2454.6038 7109.03 493249.84 -4862.283 -340.59415 6669.668 4647.042 494256.47 
4.25 379059.38 9547.666 1421.826 -1440.1327 9318.896 377383.13 -7106.032 -7109.515 1719.0182 7144.581 377360.66 -2577.9673 -1268.1527 7044.8047 2277.3032 378403.7 
4.75 280960.22 7069.1743 854.43585 -1229.0011 6980.6313 279454.4 -6647.231 -7088.971 977.86237 6682.8257 279440.06 -1143.1938 -1083.3567 7080.4194 847.9953 280323.47 
5.25 202107.36 4472.8936 487.01822 -488.35382 4512 200926.78 -5920.408 -6659.068 443.5649 5942.7993 200886.3 -687.5127 -373.47208 6717.231 444.1281 201494.1 
5.75 142835.63 2221.4014 366.33664 135.54483 2339.5332 141968.9 -4888.367 -5870.6626 219.98627 4893.086 141889.67 -888.05164 210.30562 5947.0513 693.9719 142254.13 
6.25 101250 664.424 437.85413 319.31323 804.8425 100555.11 -3530.372 -4820.5986 280.41452 3520.8787 100454.56 -1226.6204 345.8988 4845.95 1061.2423 100718.44 
6.75 73438.516 -89.456116 590.2682 129.00198 35.005844 72758.375 -2041.5519 -3640.2517 496.67285 2025.864 72669.71 -1290.1003 108.939445 3577.172 1149.4926 72978.57 
7.25 54963.176 -183.3337 708.70154 -153.04771 -82.92531 54222.88 -774.9367 -2488.1812 704.5521 760.1067 54170.137 -970.27216 -207.05965 2355.0198 877.85876 54584.68 
7.75 42612.973 77.893974 718.711 -254.78741 167.78708 41832.563 -26.988827 -1527.8002 780.41223 16.002731 41813.19 -462.5781 -324.41125 1378.5269 450.99265 42303.23 
8.25 35161.47 371.28122 608.961 -70.4207 464.02133 34398.89 119.63399 -878.8322 694.94055 -127.31075 34385.875 -72.66279 -138.60437 762.7016 154.17755 34888.92 
8.75 32617.17 509.204 424.54 299.4593 599.12366 31905.875 -199.24126 -565.2969 513.7719 193.00969 31865.63 25.326359 244.72917 502.51978 123.7703 32348.154 
9.25 34603.395 525.1544 234.1349 629.7227 586.4568 33933.742 -725.8565 -502.94626 342.53787 719.64764 33845.867 -106.419395 594.6364 490.2061 267.90775 34318.254 
9.75 39196.72 609.3382 89.183784 733.2949 613.8881 38542.566 -1197.5735 -546.98944 251.74681 1191.3566 38408.37 -265.22464 718.2058 576.14557 383.02103 38894.758 
10.25 43200.98 912.1563 -0.18163776 592.6118 851.78076 42556.7 -1444.502 -573.64716 234.52957 1439.8191 42394.094 -290.40198 592.1607 639.6434 337.2115 42893.453 
10.75 43683.863 1373.1742 -58.640526 350.50275 1268.8016 43077.66 -1439.1326 -539.5367 226.1528 1438.0859 42908.355 -166.15771 355.01782 632.3844 153.14601 43382.91 
11.25 39605.387 1738.2407 -114.79485 169.87517 1629.7914 39078.84 -1267.6495 -479.0756 167.37186 1270.9619 38917.176 9.876872 168.74373 575.4861 -49.218346 39315.906 
11.75 32318.97 1756.6553 -169.53941 103.78708 1682.4175 31891.72 -1037.3531 -448.26175 59.7241 1043.3772 31740.703 118.804184 89.86134 518.3886 -155.70288 32037.303 
12.25 24610.744 1377.88 -189.74536 97.8882 1357.5409 24259.883 -802.1928 -463.61853 -32.028854 808.4628 24115.008 88.409744 70.926895 489.6348 -114.29617 24329.768 
12.75 19008.55 779.0815 -135.5607 96.405556 808.5588 18680.652 -573.4079 -486.95267 -32.02059 579.41187 18537.701 -78.207695 63.379997 474.6223 57.10684 18726.541 
13.25 16502.23 225.76108 -2.4649906 114.305244 283.31866 16147.863 -379.4797 -466.1445 81.79351 387.35806 16008.713 -298.91702 85.45256 435.79706 276.70844 16228.518 
13.75 16384.89 -98.30104 157.28273 200.29222 -39.88732 15986.815 -275.67236 -391.85495 251.9918 287.64285 15858.532 -445.8941 182.36722 356.29306 424.37537 16136.026 
14.25 17091.018 -172.94296 257.49286 354.4051 -134.62703 16663.77 -275.52975 -313.9043 376.57507 290.85175 16552.088 -425.69833 345.62634 265.78748 409.3039 16878.658 
14.75 17305.602 -114.68521 233.74442 506.06094 -105.48514 16871.11 -295.12305 -297.34445 378.07693 310.23502 16774.88 -254.41968 497.35245 220.56772 243.32655 17126.145 
15.25 16593.066 -82.98717 91.4032 570.4255 -102.282486 16158.327 -204.25539 -356.81903 255.35715 216.1917 16070.521 -48.997475 552.9866 251.56718 40.449764 16428.918 
15.75 15267.158 -172.97354 -92.10112 512.1832 -216.31242 14824.791 49.065247 -432.076 81.542305 -39.45344 14738.634 69.82782 485.54492 326.60098 -75.216606 15098.94 
16.25 13805.902 -351.9602 -215.58769 357.96045 -413.1827 13353.049 373.27567 -431.60266 -47.435375 -361.3997 13266.852 69.515434 331.50626 364.48776 -67.24454 13624.916 
16.75 12388.809 -488.34622 -220.25974 167.26956 -556.40955 11940.907 602.79645 -308.75137 -75.41517 -583.5274 11857.286 4.7152104 153.59782 294.96246 5.597452 12200.005 
17.25 10913.603 -461.6797 -127.03841 0.30397505 -518.9508 10495.832 635.92255 -105.57795 -17.29401 -607.379 10417.298 -59.681576 5.875148 118.217995 67.61306 10728.751 
17.75 9354.906 -265.6346 -17.629324 -102.726974 -294.66458 8978.69 510.91254 71.68006 59.29431 -476.47418 8904.222 -110.33355 -82.17729 -84.68709 99.49324 9182.7295 
18.25 8009.5815 -13.544425 28.013487 -133.04439 -8.883211 7658.575 362.5875 126.17364 86.35098 -330.1677 7583.3584 -177.70622 -109.08564 -203.21217 139.68073 7849.4727 
18.75 7327.652 151.87497 -8.875253 -109.30705 178.11646 6970.144 311.35556 37.225716 43.828 -290.0995 6887.7046 -286.88458 -92.65515 -174.9645 230.80685 7170.0664 
19.25 7487.8257 156.79906 -76.986534 -54.3622 182.83118 7106.503 378.99448 -126.3904 -31.076735 -374.89658 7012.143 -423.02155 -48.33279 -31.692768 370.92603 7321.227 
19.75 8158.7456 26.572283 -104.69244 24.418346 35.82733 7769.5547 485.63336 -255.34381 -79.214615 -498.41934 7664.1714 -534.31256 24.317835 123.81205 505.9326 7979.303 
20.25 8709.639 -149.88434 -65.829956 124.48608 -159.94394 8349.528 521.2901 -274.86795 -69.96033 -544.4042 8241.302 -562.76306 125.11648 193.51714 562.5317 8526.493 
20.75 8678.93 -276.18048 -2.7328913 219.15198 -297.5757 8371.599 435.74832 -191.56091 -24.587337 -459.41583 8272.838 -484.81177 223.33868 153.33919 500.7434 8509.343 
21.25 8065.5283 -294.50363 14.78924 255.50032 -318.8694 7797.3706 277.0714 -77.49558 5.9241605 -292.8633 7717.692 -336.67892 260.12613 60.604588 350.25424 7922.662 
21.75 7202.0425 -212.35887 -42.8684 197.16963 -237.51367 6932.5576 143.66914 -7.5902767 -12.375593 -148.63176 6873.8657 -196.38039 197.16937 -2.040817 194.6478 7085.7573 
22.25 6386.77 -95.25829 -133.2122 69.18477 -123.87797 6085.6304 91.5107 -4.7115355 -66.25493 -89.960335 6043.009 -124.81016 63.435513 5.4880896 106.69473 6285.183 
22.75 5657.347 -19.219845 -174.83968 -49.762215 -52.77502 5333.344 85.73676 -36.27984 -106.37746 -86.94557 5299.9404 -118.816345 -56.60845 57.805534 93.16675 5556.5293 
23.25 4893.221 -14.926974 -117.201515 -87.93459 -49.15052 4586.9507 48.154167 -56.6479 -88.67569 -60.039555 4557.699 -127.22401 -89.58901 97.70106 105.71805 4785.6943 
23.75 4074.9502 -54.919506 13.42394 -36.849934 -80.95713 3820.772 -48.55523 -49.693172 -11.496214 25.913675 3792.6094 -111.85129 -31.509743 88.86491 101.68096 3961.3066 
24.25 3384.0884 -92.15994 131.25758 48.364883 -103.09672 3175.894 -140.64722 -34.495106 80.584946 116.06471 3146.3855 -81.24284 55.764927 41.471684 81.5074 3269.1853 
24.75 3032.35 -101.59372 158.37175 100.149796 -99.55159 2825.013 -132.49275 -38.025932 129.23872 117.442375 2791.259 -62.727444 101.62795 -4.054381 66.51597 2920.0688 
25.25 3023.3982 -83.21511 86.89143 92.68399 -80.429474 2769.6665 3.9327154 -67.20948 106.30567 -4.0630307 2727.341 -60.379147 83.5592 -13.46637 61.472145 2912.2944 
25.75 3128.0576 -43.016693 -15.861784 54.808876 -54.115288 2818.6072 188.52553 -104.438416 35.28297 -178.25415 2761.4543 -58.825813 37.56793 16.700312 58.456997 3009.8552 
26.25 3116.06 8.463115 -64.50995 35.28084 -22.30092 2786.8025 291.86517 -123.992035 -27.189592 -281.56485 2708.957 -60.67908 18.285305 61.699894 68.16981 2979.4744 
26.75 2997.108 42.927883 -26.534918 52.15056 0.26247257 2696.492 240.89551 -110.814514 -35.06516 -238.70207 2598.0928 -94.52605 44.45621 89.83297 119.526436 2836.2764 
27.25 3004.5496 25.164803 54.31726 71.58404 -15.135631 2749.5757 79.96212 -67.54802 14.053025 -86.07543 2640.8237 -174.69673 77.50691 82.659615 216.7682 2825.5715 
27.75 3328.1753 -46.585903 101.06783 38.864388 -76.56493 3088.9495 -62.99366 -9.388902 82.23149 55.82469 2986.65 -267.94815 55.735832 41.357185 313.56683 3146.9226 
28.25 3873.9573 -120.170235 71.72726 -62.222332 -144.56773 3601.4011 -76.80364 44.84055 123.74319 77.26425 3518.667 -317.74094 -41.949493 -18.48065 349.348 3705.9578 
28.75 4306.229 -127.93097 -8.893545 -177.83531 -157.88268 3977.9568 47.393833 78.09395 116.36306 -36.641434 3915.206 -301.5043 -161.81902 -74.00104 311.6911 4156.9414 
29.25 4341.354 -52.12288 -77.55554 -217.66219 -92.504234 3983.4246 212.75432 77.46154 68.62952 -198.34483 3928.1084 -254.43262 -209.51471 -100.73476 252.4164 4203.9844 
29.75 4011.9063 52.265663 -88.81105 -130.2331 9.073403 3676.238 294.56903 38.909157 6.047697 -287.8626 3611.2083 -235.93071 -128.44147 -81.633896 239.86699 3872.7124 
30.25 3653.432 102.21312 -47.606472 47.480095 69.68476 3372.0015 233.04387 -25.147173 -46.08785 -240.21681 3286.283 -277.9373 47.41401 -20.411072 299.47232 3500.0146 
30.75 3627.9033 55.65223 3.4378748 214.01208 39.853718 3386.0679 69.22944 -85.18734 -72.44909 -84.6621 3281.8638 -360.929 215.93573 52.897617 395.3066 3456.6982 
31.25 4029.9578 -53.586784 22.01152 281.30405 -61.125553 3782.4546 -94.52471 -110.1527 -71.21125 84.26048 3674.901 -426.91602 285.47458 97.88894 456.98834 3849.742 
31.75 4620.1587 -135.81747 -4.5831575 237.74504 -152.07896 4333.2324 -169.42416 -91.41098 -53.626232 173.53284 4241.938 -415.60904 240.4561 94.75764 426.40738 4447.793 
32.25 5025.0537 -104.44101 -55.84255 142.95543 -140.83443 4705.0415 -134.91835 -51.746567 -36.828438 149.84184 4640.429 -309.32986 139.70316 61.760635 301.13055 4872.9355 
32.75 5028.5054 58.87749 -95.10621 66.13386 6.214578 4712.0464 -41.92022 -25.046602 -30.315342 55.51002 4665.1543 -163.26534 57.033234 36.312607 151.94382 4891.5405 
33.25 4724.6943 274.56558 -94.10895 30.277807 221.45697 4442.1626 31.928709 -22.829588 -27.501907 -26.794533 4387.123 -86.55444 23.25539 33.0442 89.78383 4578.693 
33.75 4431.3574 405.95313 -52.90229 13.301837 366.4128 4178.3774 45.286793 -22.07668 -14.182806 -40.912685 4088.3186 -167.24712 20.167332 22.108206 187.61531 4246.9854 
34.25 4449.5146 358.0113 -3.8956053 -5.071085 331.6683 4191.3315 27.6038 9.710276 11.153944 -6.081268 4057.2068 -393.6811 20.755596 -42.01746 414.4747 4212.7324 
34.75 4849.6772 160.04585 8.069746 -9.910942 131.91467 4552.039 48.39081 75.362305 27.79423 1.8381728 4391.3887 -645.07965 24.4226 -161.84747 644.8166 4574.448 
35.25 5413.5273 -43.73913 -36.904022 27.750498 -90.03813 5071.3306 137.18315 135.44327 10.519355 -67.543594 4921.364 -767.55963 48.344475 -268.48392 741.2654 5138.4526 
35.75 5744.6714 -94.82702 -106.55736 101.22746 -161.12128 5384.457 231.29962 138.82693 -38.289783 -170.3492 5281.414 -678.9826 91.761406 -266.35593 645.15424 5512.773 
36.25 5492.2188 65.06421 -131.49802 154.76141 -4.004556 5148.8486 223.94144 71.09877 -77.17088 -197.22406 5098.9043 -435.45657 123.30399 -125.9442 419.70343 5317.991 
36.75 4613.96 338.71225 -65.36591 132.87895 291.03006 4302.331 89.10956 -23.323185 -56.4583 -92.8807 4255.824 -230.1418 112.20895 59.314205 240.2346 4451.5664 
37.25 3560.352 498.02338 54.139862 42.035965 483.5455 3264.2217 -42.085583 -69.02576 28.860706 49.53819 3117.0886 -313.76434 65.487434 122.84472 331.45096 3301.5752 
37.75 3184.928 288.80597 107.58026 -48.3815 296.92548 2869.3296 38.964035 -20.060848 115.07715 35.288177 2515.2063 -830.36273 21.101513 -36.5929 829.37146 2713.8408 
38.25 4246.055 -384.64243 -17.221327 -74.044174 -379.14032 3881.976 424.47375 93.47901 108.91224 -259.56552 3302.966 -1628.8983 1.3427577 -340.21494 1601.4397 3536.6606 
38.75 6694.7217 -1268.7241 -308.3545 -39.74726 -1286.8197 6277.2 961.36 175.30739 -31.808323 -744.8071 5605.772 -2227.8164 -14.002588 -557.3216 2192.668 5877.78 
39.25 9348.696 -1761.6383 -594.1614 -6.6050906 -1805.8745 8895.862 1333.902 133.27234 -244.40569 -1151.021 8363.525 -2100.4038 -53.93235 -484.62704 2084.8547 8658.919 
39.75 10530.973 -1276.7913 -651.5868 -15.398329 -1331.9271 10066.409 1311.4271 -37.765766 -392.18744 -1232.8958 9825.681 -1185.0243 -98.558846 -138.48001 1199.8496 10123.8955 
40.25 9518.912 174.98581 -395.11557 -35.37516 129.58116 9052.23 947.4745 -233.51234 -367.76932 -970.32825 8985.65 -187.04352 -76.89088 221.90019 219.40659 9277.927 
40.75 7675.7017 1697.8583 15.835075 -3.0799057 1675.4976 7196.9946 548.70874 -314.32074 -185.11066 -592.66235 6896.129 -235.06168 55.66963 293.90503 263.8824 7194.5054 
41.25 7953.8486 1985.5885 272.99896 86.78299 1987.7821 7445.0146 437.35938 -225.49565 25.723309 -406.09854 6451.868 -1964.8214 235.15097 -1.051045 1979.9962 6780.6895 
41.75 12632.916 398.58096 167.06018 145.11533 418.43585 12084.04 710.2802 -54.370914 124.47996 -568.2215 10266.425 -4744.431 306.63397 -427.72427 4750.251 10641.706 
42.25 20927.766 -2229.5168 -222.43773 65.14837 -2202.0854 20343.396 1184.9656 43.0106 73.41757 -982.4552 18102.322 -6853.8496 155.39885 -629.4373 6856.818 18516.645 
42.75 28760.043 -3943.7341 -580.33905 -152.50426 -3919.4358 28152.264 1550.1198 -12.998742 -48.59008 -1375.6522 26223.395 -6713.3037 -161.74066 -441.4853 6711.7095 26650.74 
43.25 31487.326 -3146.9075 -622.9993 -362.257 -3136.4968 30865.951 1579.9174 -152.2642 -137.70406 -1485.8754 29788.383 -4258.795 -427.4293 -32.700146 4246.821 30205.375 
43.75 27700.656 -54.710205 -339.66803 -389.4129 -67.035355 27070.324 1257.9386 -234.8418 -159.20093 -1229.5929 26719.576 -1233.9188 -439.08 263.35168 1213.3365 27124.424 
44.25 20802.744 3229.3577 19.827814 -207.71135 3191.3896 20164.723 758.574 -203.91887 -142.6767 -750.0468 19771.86 36.757175 -202.85199 261.52954 -54.620808 20185.379 
44.75 16613.867 4285.1865 195.43294 4.8856964 4227.2993 15964.189 332.43088 -143.60298 -99.776 -324.34946 14679.052 -1499.5077 48.50113 71.67478 1491.7523 15128.846 
45.25 18715.572 2356.9297 152.59625 20.152138 2290.959 18040.715 167.91931 -172.16356 13.598236 -181.97482 15618.209 -4705.648 60.55483 -56.17403 4697.4497 16119.515 
45.75 25483.385 -986.94495 71.149055 -203.90474 -1050.5402 24764.678 285.0503 -289.1025 223.13713 -342.40857 21796.78 -7126.518 -192.35219 -6.413129 7093.3955 22342.992 
46.25 31487.629 -3146.1763 115.69009 -453.1258 -3205.6616 30717.658 509.35605 -358.16235 438.09756 -586.70337 28193.053 -6959.6514 -467.6955 106.71922 6885.2705 28760.14 
46.75 32080.393 -2611.8857 249.35593 -463.79965 -2677.0005 31274.39 564.9479 -262.90274 485.06204 -608.5006 29828.871 -4446.0425 -494.85098 111.25815 4339.293 30391.078 
47.25 27093.95 -51.603107 292.9795 -221.23051 -140.08324 26278.434 273.72812 -65.462135 285.96878 -264.8793 25768.555 -1515.9072 -270.63504 -1.1979172 1404.6335 26316.027 
47.75 20500.889 2508.8237 155.716 -18.759153 2379.801 19686.87 -262.9599 20.760141 -4.1910963 264.09244 19410.338 -112.15859 -88.01572 -68.4302 20.250057 19954.445 
48.25 16695.127 3486.6123 -34.28139 -159.78474 3312.4302 15866.68 -673.6943 -158.82767 -95.28554 568.63666 15165.48 -748.58875 -226.98659 29.571655 681.91504 15724.155 
48.75 17057.016 2811.1685 -55.572086 -583.2868 2610.388 16191.802 -590.85974 -522.0659 153.7021 339.9921 14880.772 -2477.158 -611.1414 204.12177 2430.4453 15456.17 
49.25 19726.36 1480.2294 158.73692 -844.7133 1294.1958 18825.096 -15.466648 -801.32245 551.5582 -306.69745 17150.553 -3993.2227 -825.0557 253.13626 3962.4656 17724.9 
49.75 22075.092 405.40585 430.4033 -550.56445 278.52124 21163.816 571.2218 -789.6657 724.1332 -829.62354 19485.793 -4630.086 -533.321 116.78723 4609.02 20044.266 
50.25 22930.234 -131.85484 509.41882 167.17287 -184.1139 22033.443 558.15436 -536.2273 486.05954 -674.30383 20608.428 -4422.435 113.13332 -24.29823 4388.7285 21161.543 
50.75 22556.365 -101.0737 327.23035 683.4526 -111.0176 21677.25 -213.00963 -291.60205 55.06012 197.25671 20651.26 -3615.9905 554.2609 47.68935 3535.2195 21221.674 
51.25 21333.063 699.74896 59.310806 474.362 669.4086 20467.14 -1187.4484 -254.67705 -146.5203 1164.8242 19869.816 -2489.9067 365.04 304.83698 2349.364 20450.846 
51.75 19299.256 2280.8591 -58.824135 -296.63785 2185.2124 18454.97 -1541.6587 -385.29056 69.25401 1452.1173 18044.883 -1662.531 -271.4325 474.5252 1500.6105 18586.033 
52.25 17139.299 3770.2637 45.406517 -862.85077 3620.9546 16325.203 -1011.2855 -466.0452 433.9778 891.0731 15489.186 -2125.011 -700.5367 360.9155 2012.6653 15945.898 
52.75 16812.99 3604.2478 249.1012 -608.0972 3459.4019 15996.975 -278.62933 -342.6684 481.00592 200.11197 14037.427 -4444.6064 -457.88623 122.20578 4422.052 14444.211 
53.25 20156.346 942.47986 392.39478 254.06157 852.4098 19256.91 -395.24023 -85.048515 42.823208 376.47324 16016.939 -7761.256 213.63037 132.33578 7792.243 16493.52 
53.75 26451.22 -2996.546 425.7008 829.347 -3037.6414 25398.457 -1687.7726 92.984024 -539.5079 1679.4901 21650.896 -9900.09 568.9769 530.44995 9900.89 22309.293 
54.25 31855.56 -5383.237 394.7296 444.06888 -5429.8677 30672.488 -3261.7117 55.305107 -745.3799 3218.9333 27718.514 -9011.951 127.52582 980.66565 8933.94 28552.348 
54.75 32236.97 -4084.2441 332.59348 -604.5885 -4183.6177 31045.492 -3762.9377 -136.71494 -417.75504 3699.2104 29673.48 -5466.817 -777.70996 997.0127 5344.6113 30549.785 
55.25 26682.123 242.5021 225.42174 -1291.3037 98.15077 25609.81 -2674.8462 -295.38678 69.95364 2629.8284 25321.291 -1891.1752 -1285.517 489.81766 1803.468 26094.273 
55.75 19262.08 4334.3066 100.789444 -881.363 4194.7935 18321.736 -997.21106 -301.15094 204.94151 951.64087 17608.295 -1282.0017 -854.81305 -14.959546 1259.4077 18255.182 
56.25 15386.396 4998.965 80.55061 274.76312 4898.38 14463.375 -291.52292 -159.70744 -111.99213 160.30402 12027.431 -4298.302 155.48955 78.73641 4289.153 12660.739 
56.75 17435.764 1796.3595 276.29883 1054.261 1715.1235 16396.752 -1214.4579 60.991394 -477.25986 944.15454 12251.582 -8657.149 808.4648 780.28864 8588.426 13002.382 
57.25 22817.477 -2672.6035 616.54675 673.6148 -2783.6384 21639.791 -2878.1292 314.68512 -450.17337 2543.0935 17107.697 -11023.974 489.84677 1425.2809 10889.917 17996.012 
57.75 26470.434 -5079.621 834.22943 -538.6363 -5241.0845 25266.254 -3741.121 563.3028 -47.358315 3508.1108 21894.047 -9780.547 -514.09076 1335.2343 9654.371 22811.44 
58.25 25234.98 -4078.521 693.0159 -1494.0895 -4258.902 24147.121 -3079.2886 720.2329 286.92276 3053.468 22540.625 -6153.735 -1325.1204 528.66693 6106.098 23355.197 
58.75 20069.15 -1025.1982 240.52829 -1423.0002 -1178.8683 19144.65 -1559.5007 679.5781 191.49846 1672.4595 18709.313 -2860.361 -1316.7003 -291.96558 2878.945 19383.264 
59.25 14449.8125 1614.0344 -199.43628 -549.9037 1492.6033 13612.056 -434.63083 432.5637 -215.83302 504.2882 13278.824 -1712.4938 -632.99176 -462.09216 1716.4534 13887.588 
59.75 11058.778 2393.5056 -318.48276 261.79196 2263.897 10196.113 -320.77625 129.92216 -496.68024 228.55278 9338.099 -2423.195 70.410385 1.4683665 2355.1611 9985.329 
60.25 9948.407 1651.0255 -103.13524 413.51636 1476.0021 9022.595 -804.88446 -27.736603 -389.26312 604.0528 7761.9556 -3408.8037 300.48663 508.1749 3296.1367 8480.727 
60.75 9487.613 616.17694 185.58238 47.35269 407.3348 8556.211 -1107.496 28.765455 -60.24917 954.9528 7374.8857 -3472.7861 103.17492 558.7289 3390.2854 8107.3267 
61.25 8442.992 116.141914 292.25717 -294.5483 -77.31175 7586.6343 -915.8138 179.74846 141.08868 912.3578 6788.2515 -2662.2065 -149.52615 202.87709 2646.042 7450.6216 
61.75 6938.93 123.743614 191.42053 -294.8517 -19.269278 6181.4165 -512.7403 255.54453 80.193 624.925 5717.3237 -1762.0024 -199.4443 -149.7231 1777.368 6275.653 
62.25 5736.3105 220.94441 38.345985 -87.73713 118.21602 5037.368 -276.69275 208.76762 -80.25388 402.8876 4710.887 -1304.1758 -96.478584 -234.27104 1296.2924 5196.0854 
62.75 5132.1274 183.39548 -39.656963 38.018166 87.83685 4445.5103 -258.66644 128.0668 -141.77666 339.47684 4152.011 -1182.9227 -26.81501 -137.83914 1141.2043 4612.8057 
63.25 4759.4795 83.76214 -51.279648 -15.354221 -19.680075 4079.4683 -270.11835 101.9254 -97.92907 317.1527 3841.1794 -1036.2968 -76.45593 -68.57677 995.4493 4297.1973 
63.75 4203.901 43.47607 -59.50578 -134.18573 -56.25958 3552.0679 -201.65314 114.804596 -69.04418 241.57822 3408.8662 -729.76245 -184.00006 -76.17171 718.2863 3852.1711 
64.25 3469.13 73.62915 -67.92853 -200.75252 -11.928625 2853.1116 -120.82851 93.79134 -96.13877 148.87367 2791.1396 -403.7401 -256.177 -67.40665 411.41632 3219.7983 
64.75 2811.6567 129.44002 -35.59014 -207.4794 47.245537 2212.2007 -99.707985 24.740398 -101.02502 99.71797 2188.2795 -208.40308 -259.54703 -8.103624 208.80023 2622.2478 
65.25 2374.525 187.89032 31.662155 -190.87364 92.26781 1771.549 -96.80003 -25.707714 -32.864105 81.705025 1755.3235 -149.1621 -213.58755 19.3156 137.56975 2214.6309 
65.75 2127.2136 223.98659 66.55442 -148.55423 120.861725 1522.0962 -54.835155 -0.71634704 37.954594 59.596123 1497.5121 -164.35196 -145.04506 -39.725403 160.21925 1977.1495 
66.25 2030.0557 193.73149 31.057798 -75.42318 108.02776 1433.2482 -20.936789 72.247406 19.525303 57.691147 1388.685 -221.59041 -82.12721 -113.30834 238.52985 1866.4503 
66.75 2056.7166 100.43645 -25.942595 -19.883036 41.988407 1466.3279 -81.57889 118.929436 -64.014915 123.66963 1406.9781 -291.87564 -57.503082 -104.77701 321.0866 1870.2759 
67.25 2087.8245 34.806717 -32.581757 -40.776844 -20.901686 1493.39 -209.39233 108.08075 -100.733955 228.18571 1448.1173 -313.25885 -84.53163 -36.531826 340.43402 1902.0924 
67.75 1958.8085 77.2464 8.506793 -117.07004 -8.589682 1365.7362 -267.7141 75.47183 -43.413048 270.22305 1355.0547 -255.92 -132.1546 -16.885334 282.87283 1801.5413 
68.25 1684.3026 175.15344 27.487162 -156.5067 59.27632 1116.7074 -186.1859 68.13087 30.226595 202.30843 1115.1002 -192.87682 -148.8672 -81.197495 232.7472 1539.537 
68.75 1485.0967 188.74725 -12.3798485 -107.57363 79.8116 957.9366 -63.26337 90.6649 26.83529 102.48796 911.41064 -225.77309 -117.31428 -139.60222 281.09836 1300.6232 
69.25 1529.2178 70.273056 -63.860603 -29.415598 0.7729418 1025.8263 -48.56357 119.09177 -41.353584 87.6925 913.9845 -349.231 -76.25733 -108.1 405.72623 1280.5797 
69.75 1693.7177 -64.994484 -63.52732 -17.565367 -103.5317 1181.9022 -154.31723 137.18578 -86.24307 169.94846 1046.5554 -440.99005 -75.24376 -28.067322 484.16266 1421.407 
70.25 1710.5865 -83.91014 -19.517159 -83.22645 -128.33069 1178.87 -245.61067 142.84215 -66.072754 244.16205 1078.9382 -410.7284 -116.35177 -7.013777 441.1089 1476.9476 
70.75 1513.845 -2.7288818 1.849932 -142.87244 -73.97738 982.21704 -212.2777 134.75775 -28.261873 218.74304 931.51465 -309.61795 -152.07883 -72.85207 338.11694 1335.098 
71.25 1301.0907 49.253902 -32.069447 -125.32333 -33.495922 793.7694 -94.72618 111.722824 -28.725803 119.24905 759.1894 -249.81412 -139.78255 -142.93661 283.32108 1143.5079 
71.75 1254.6583 7.2533836 -78.48788 -54.041122 -60.328945 772.9865 -16.745832 88.973564 -56.50535 46.107964 726.5953 -258.87524 -87.90816 -142.14899 296.05698 1090.3663 
72.25 1320.1697 -57.00665 -78.51357 -7.8562465 -106.04584 846.5891 -34.75156 91.44111 -62.23593 55.421352 798.59937 -265.59 -44.089767 -96.65327 303.16577 1160.405 
72.75 1321.9742 -50.078022 -32.140255 -21.580172 -100.54847 845.923 -93.295555 123.11909 -34.543144 110.08971 821.4734 -217.2038 -41.10792 -83.70215 253.13235 1187.8773 
73.25 1212.5991 19.164154 7.5167904 -56.248524 -46.413773 743.04596 -116.20366 156.62784 -11.606166 142.28821 744.26105 -151.27489 -65.589096 -124.46981 181.67851 1096.2885 
73.75 1101.7607 69.83211 2.2841716 -61.763107 -1.1077964 655.3727 -94.48697 162.91168 -22.664007 131.04811 660.6171 -131.37492 -81.01797 -167.15384 151.04375 976.5398 
74.25 1077.8252 64.08739 -32.67548 -38.644806 5.399015 662.02765 -70.20553 143.51045 -50.267414 105.72275 654.7208 -156.64093 -72.25597 -165.34511 166.29367 936.67786 
74.75 1109.2875 39.90919 -56.894215 -23.328568 -4.2883334 717.9458 -68.03109 123.46013 -59.541855 95.52521 701.3798 -173.27066 -56.654293 -133.06734 181.85419 971.3282 
75.25 1135.9949 40.199497 -50.501778 -32.004566 -1.3839061 756.558 -72.42529 119.8922 -43.12595 98.746475 741.0602 -155.19386 -53.7997 -114.42853 170.51501 1014.1979 
75.75 1159.8604 59.52763 -23.97 -43.3226 14.764803 781.5648 -65.27522 128.09511 -21.988293 100.244316 770.05554 -130.15376 -58.5112 -125.37671 149.23628 1041.7908 
76.25 1201.0756 71.83953 1.73433 -36.10862 31.89365 821.1781 -54.244843 136.21858 -14.111922 96.829926 811.3462 -128.5739 -53.783546 -145.83432 141.91817 1069.0935 
76.75 1228.3849 72.69143 11.5817795 -20.137842 44.50261 855.7605 -54.564205 138.26317 -19.316454 94.79444 846.6049 -142.44193 -39.983532 -153.81432 147.20181 1084.4255 
77.25 1202.0077 71.56074 1.2384391 -16.802847 47.99897 852.287 -60.755478 130.27199 -29.69432 92.54183 841.5246 -148.50041 -34.05166 -146.45168 152.4728 1059.7963 
77.75 1154.0151 66.83513 -19.742477 -23.517553 36.42404 835.37524 -53.806248 108.47358 -38.316685 80.348076 816.47577 -146.75154 -39.83883 -131.34496 158.16547 1015.19336 
78.25 1155.8844 54.377544 -29.985819 -17.970705 19.604942 858.66986 -31.60147 79.19147 -36.33369 57.912132 828.5058 -154.08978 -38.149094 -113.70221 172.16264 1008.8653 
78.75 1212.1377 46.804935 -14.901495 2.940621 22.872105 917.9527 -14.646553 61.897713 -16.402006 40.030144 884.5758 -174.14014 -17.708885 -97.24003 192.7148 1052.4802 
79.25 1249.4796 57.543255 13.36992 11.339877 51.53221 952.4908 -16.584803 68.68816 13.234412 37.505795 927.2399 -195.23944 0.4076409 -86.5408 212.32263 1086.8029 
79.75 1224.6337 70.94896 24.893621 -12.235431 71.233444 939.66077 -22.035603 83.89506 28.402792 39.1813 921.9137 -212.61285 -10.445973 -82.21321 231.56848 1065.8671 
80.25 1186.682 55.643597 7.4001317 -42.579926 47.917423 931.8415 -6.2306166 77.56786 13.974328 23.587345 909.32916 -231.7325 -37.597836 -78.18586 254.88004 1024.8676 
80.75 1198.1941 11.037008 -15.684654 -36.260128 -1.0548656 971.5869 28.140276 41.152367 -14.205647 -11.45508 938.16235 -248.36252 -38.105804 -67.40347 274.64566 1026.0098 
81.25 1237.3164 -23.211832 -12.865187 7.0042067 -22.722038 1016.25366 50.080345 -0.8140303 -23.175938 -42.279453 982.34985 -245.8874 0.040051043 -48.12543 275.5982 1063.1091 
81.75 1230.4229 -16.037018 14.975071 34.84494 2.5959396 994.5206 42.530846 -21.001627 0.13771099 -49.97229 974.862 -222.76859 31.87043 -24.279806 259.4721 1069.0507 
82.25 1166.3315 14.037792 35.15033 8.4279175 35.283585 916.13525 30.547195 -22.099995 32.919163 -47.750107 911.36475 -206.34251 13.226286 -2.9659142 250.72745 1016.8893 
82.75 1120.4186 23.274963 26.756485 -40.797367 30.53165 870.4204 51.08628 -29.759924 43.002823 -65.02962 867.7102 -222.6924 -32.403862 8.485998 268.71014 964.96515 
83.25 1151.1954 -2.1123135 9.322037 -47.278053 -3.7132611 909.25507 99.8296 -56.128155 26.0594 -105.75638 899.8633 -258.9658 -38.79512 8.941401 300.94513 978.53156 
83.75 1220.228 -33.07597 16.92646 -0.08115652 -23.5198 980.21826 129.05847 -84.98885 9.810994 -137.81044 969.249 -273.8504 10.497553 9.053003 315.42636 1040.8973 
84.25 1243.2489 -37.03342 50.852695 37.696846 -9.535966 998.21967 109.287865 -96.18154 20.686813 -134.91437 994.8025 -248.6495 52.633778 22.781185 298.94196 1074.5369 
84.75 1200.8602 -13.822139 75.1008 12.540103 14.376402 955.3583 73.47724 -94.74409 52.439583 -114.99671 958.6023 -213.11946 29.329437 48.9578 272.9367 1042.9193 
85.25 1160.7411 10.9161215 63.05546 -42.980404 21.04685 923.5083 76.83446 -104.220726 73.2148 -118.031586 923.2323 -210.18654 -27.860722 68.08749 267.72702 996.53766 
85.75 1190.9403 15.672795 34.5498 -50.91374 13.675907 958.7664 120.50395 -133.639 63.204525 -149.73184 948.40216 -243.98186 -36.027237 66.08435 287.83765 1008.76776 
86.25 1278.6576 1.1393311 32.281162 4.2037573 11.50069 1036.1262 143.69818 -163.21867 39.67332 -168.83968 1020.09894 -276.35007 23.447098 55.90143 309.49976 1086.3147 
86.75 1347.055 -14.192634 65.98906 48.988445 20.12825 1086.5143 105.56796 -168.75159 37.64691 -143.55574 1073.8885 -274.5852 73.38353 63.43914 310.29288 1160.7313 
87.25 1340.6198 -11.259072 97.30028 19.651285 29.64716 1075.8214 46.584923 -153.76993 67.20889 -100.12845 1069.7976 -249.57915 44.69604 92.717285 294.1051 1165.6486 
87.75 1279.5892 9.959589 87.67565 -47.16248 31.823702 1031.8812 39.878185 -147.00362 98.24165 -92.620804 1027.6149 -238.13965 -25.586353 119.064125 283.23944 1107.5167 
88.25 1233.6185 25.286535 49.60086 -60.403133 25.518702 1005.5866 91.07688 -166.80351 95.57235 -129.27116 997.1697 -255.33475 -41.619698 122.92442 289.84384 1055.6696 
88.75 1248.4016 9.882403 33.82323 0.062523246 11.377621 1019.85913 125.12688 -197.02945 64.64995 -157.55916 1007.31696 -277.70248 19.451561 116.985985 302.04074 1065.7421 
89.25 1299.029 -27.752142 66.08162 50.909763 -5.455474 1052.8547 85.81182 -206.01048 48.84098 -133.77127 1041.6112 -276.1814 73.022095 126.12957 300.86493 1118.7205 
89.75 1315.4175 -47.532436 113.130486 16.52823 -11.990449 1060.1721 16.689795 -186.19958 76.122246 -85.200554 1054.1862 -254.1064 41.575115 148.28986 285.39957 1140.6248 
90.5 1208.3346 -6.9979286 107.990875 -88.81713 3.9604611 977.0253 33.242294 -164.5274 130.02994 -92.353226 970.83563 -241.8676 -61.62881 150.76106 271.5109 1036.4749 
91.5 1121.4075 -24.678633 53.99217 25.598516 -33.138367 885.3318 123.18181 -211.04282 66.14223 -156.15282 860.23016 -257.70346 44.332336 130.56847 270.50342 952.3917 
92.5 1266.0225 -88.91843 128.20764 -7.2679586 -72.19565 1007.214 1.8874632 -175.8119 90.14742 -76.29679 986.2757 -221.04865 11.955089 186.60901 238.47643 1100.4431 
93.5 1236.0416 7.824999 96.94445 -72.78715 -15.290479 996.88257 92.83588 -155.27664 133.38527 -134.73334 964.421 -250.82791 -38.38551 130.92888 262.3134 1057.417 
94.5 1207.4656 -71.68581 85.93687 68.06296 -88.862076 908.58923 15.839776 -178.90865 47.699966 -52.281387 852.1467 -217.96634 83.42548 137.51753 219.72334 1036.6464 
95.5 1175.3711 -84.70442 117.269295 -98.94662 -81.19697 890.47125 -93.983246 -107.62059 115.54237 37.447216 853.4561 -197.91621 -83.010506 176.3609 194.852 1009.9912 
96.5 1011.7138 -22.402086 66.87874 -44.89104 -65.39591 720.1565 37.65111 -143.31659 92.514145 -63.35345 666.5757 -225.48497 -16.264238 111.6659 225.84567 831.5551 
97.5 989.78687 -86.115 81.30423 45.471577 -103.90566 640.891 -75.18006 -148.8515 46.362206 37.40412 580.3433 -156.24692 58.925518 149.24661 155.59686 830.7517 
98.5 995.29663 -64.979675 59.97214 -113.12319 -82.80266 672.94775 -59.931347 -78.03252 101.96645 31.693542 635.85315 -204.57664 -104.845024 129.97093 188.07727 839.73566 
99.5 967.0756 -70.91212 39.66691 -6.139047 -136.12514 615.1573 -2.5325742 -123.63781 60.00074 -18.831596 565.5087 -163.36049 0.34933126 96.852455 170.39839 808.99255 
100.5 901.35547 -66.027985 39.378086 1.6092207 -97.37827 520.14075 -108.64144 -77.30136 58.473347 83.34183 477.68182 -84.75417 7.9313083 115.832634 94.92642 766.0007 
101.5 781.1591 0.894068 4.93246 -92.513145 -55.391323 411.40564 -75.32855 -60.660606 56.06407 62.53893 373.00348 -146.21922 -99.2657 78.61939 137.75383 632.8176 
102.5 783.2132 -45.21465 28.71052 -3.4253569 -126.32085 415.58945 -49.738697 -91.78393 55.184177 25.47936 368.93546 -114.84393 -13.455512 75.2001 147.43147 639.1083 
103.5 835.7546 -82.310165 3.8412414 -28.557539 -130.28436 466.86273 -64.25808 -10.588627 50.715523 55.217266 422.13477 -52.34547 -40.79594 58.532494 71.0782 695.02075 
104.5 841.9078 5.748981 -4.250504 -57.09931 -82.64027 456.98715 -62.337482 -46.013676 22.414923 52.6395 411.641 -49.035282 -83.0564 43.265514 52.63733 692.16046 
105.5 794.19934 0.15331864 34.921104 29.8171 -97.86911 392.47614 -77.90324 -49.680702 64.59182 53.44065 352.78754 -44.29255 17.184006 34.435772 86.038414 652.03296 
106.5 650.4127 -3.7388358 -8.320629 -5.825098 -77.01427 269.5507 -85.51649 -2.424251 30.623074 82.09307 224.90738 -58.08942 -38.901413 2.1367962 75.905014 496.32312 
107.5 667.129 -6.2850256 -1.5031846 -17.77251 -134.41736 262.80032 -68.35905 -44.352615 11.851828 52.46631 203.40451 -6.942528 -59.039055 11.068493 24.109941 496.9551 
108.5 845.7273 57.317207 26.937939 14.218264 -77.02388 373.138 -43.801506 -30.316034 55.041325 26.162504 311.59433 80.68042 0.1834178 -15.820688 -37.335537 666.0522 
109.5 932.2466 108.78909 -22.443201 -42.545975 1.2481251 473.05807 -37.18219 -17.219585 19.521759 30.96026 411.84027 -80.70127 -83.65993 -36.120506 102.78945 749.0907 
110.5 969.9027 -17.927845 -8.177919 3.3675394 -181.97449 454.17334 -73.71635 -33.579777 22.52354 49.430725 390.16385 -71.76929 -45.20097 -15.046041 89.85536 781.41437 
111.5 867.8587 4.786516 11.192828 52.24564 -150.80032 298.617 -104.51653 -14.125289 52.247177 103.893585 225.09534 -15.668073 28.509512 -40.880234 43.896126 665.3393 
112.5 705.3138 4.89361 -9.400864 9.860805 -127.602264 189.54027 -110.212975 0.28235435 -17.540764 115.28837 54.5382 -15.218641 -36.00079 -40.002674 31.308405 444.74164 
113.5 725.8893 127.27872 13.297817 27.271065 -40.836685 194.61133 -86.34195 -46.061935 6.0615606 77.943474 32.04891 -6.380205 -10.852092 -61.467117 16.537483 427.09756 
114.5 1122.6233 -82.5596 -12.374288 36.206627 -218.30138 480.02557 -26.507727 7.1976414 85.17682 32.30597 291.62326 -215.57481 28.508654 -81.802475 227.55342 795.2365 
115.5 1794.7705 -176.1669 -15.196745 -34.448612 -325.89462 963.7749 6.303401 23.854124 14.116842 -4.23776 783.1293 -43.42624 -98.67659 -72.27789 57.246113 1470.0217 
116.5 3363.5938 -731.45233 -139.21414 -134.27925 -903.9243 2235.7026 144.55363 54.60199 230.38419 -112.86572 1725.3442 -612.8113 -201.34276 -14.458595 599.71765 2686.5383 
117.5 6135.484 -3009.738 62.42502 -417.3797 -3138.605 4574.35 123.469284 594.6584 78.28869 -83.72116 2760.8748 442.9879 -394.3143 416.00842 -486.8133 4158.47 
118.5 7159.8174 -1208.7485 959.5107 -493.5227 -1380.49 5282.967 -150.38846 268.67804 -907.9542 132.51176 2592.4497 3269.0977 -479.41708 75.924515 -3302.2383 4289.7407 
119.5 6704.6016 2322.5786 519.93335 28.010132 2181.495 4612.116 29.860603 -1088.555 -373.9776 -49.91124 1853.4113 200.57236 7.6631165 -1223.185 -278.25586 3732.8083 
120.5 7835.427 -1175.8969 -970.80615 139.65637 -1269.2446 5429.9463 386.51312 -548.03485 1178.8333 -361.84802 1892.6074 -3651.497 138.07095 -720.6033 3540.6636 4096.611 
121.5 7971.425 -4152.5835 -542.7174 -186.86446 -4346.4663 5521.8994 248.4772 931.57263 604.08966 -176.1199 2044.1025 -616.7207 -202.71545 719.51746 537.8245 4281.3506 
122.5 5817.5903 -1493.4386 549.1505 -44.774094 -1597.6968 3581.5889 109.27985 541.5841 -469.08505 -11.7043 1899.4708 1553.1196 -36.390564 386.95813 -1664.0808 3892.2134 
123.5 4198.5645 -47.798325 346.92407 15.877289 -68.81111 2167.6047 163.20375 -105.74515 -129.6367 -116.09774 1746.5599 252.20221 79.87724 -211.82594 -361.94043 3551.606 
124.5 3147.3816 -258.26904 119.99189 -70.58304 -395.62943 1464.827 57.48058 80.82212 40.823185 -51.49701 1288.7556 -8.756346 -32.079575 -104.745316 -61.883682 2739.369 
125.5 2205.3484 -34.75527 220.87468 114.513885 -63.993015 799.0253 46.20528 24.08812 -65.22734 -8.32653 647.9547 66.98701 136.18367 -159.55794 -184.2192 1787.1461 
126.5 1891.5388 -27.85736 153.68819 102.81598 26.805285 529.1155 143.50877 -47.50341 106.87424 -84.9958 326.77963 -199.21146 168.17288 -178.72235 69.83369 1439.2802 
127.5 1556.534 6.851967 120.75231 -9.883016 -57.065216 383.35992 68.43275 33.06528 122.78338 -28.472694 231.97485 -142.03749 59.658558 -151.86546 48.397575 1159.2878 
128.5 1157.426 70.45355 112.0731 -12.177985 33.19288 214.14284 25.938372 -9.342226 129.34903 16.441084 134.24852 -96.9746 33.430836 -138.49788 -35.777252 789.73975 
129.5 1224.1409 91.58197 161.21153 -114.178955 93.803055 262.0571 -5.5448375 18.787323 184.50381 70.28208 154.87718 -144.0838 -42.083145 -15.679288 -2.2297482 820.03986 
130.5 1276.3484 101.75359 226.3674 -151.91454 84.56193 293.9236 -58.450546 34.310276 153.71028 112.14882 176.53699 -157.20212 -37.95067 -26.774 75.73936 869.417 
131.5 1108.7952 84.38168 147.41003 -133.82965 86.057495 174.4529 6.456244 -63.725014 145.20107 28.793703 96.57062 -134.36646 -31.643559 -77.47049 -0.012990475 733.7521 
132.5 1203.4868 164.52663 113.202835 -169.69995 147.92776 221.2709 4.894614 -129.52354 180.66664 49.176243 171.55511 -194.33453 -78.491264 -39.82483 -41.53016 855.4264 
133.5 1309.2184 130.71356 156.50269 -219.41063 136.74359 346.30576 -4.610525 -153.60541 233.57306 62.862053 263.7928 -271.39435 -80.61978 -38.21798 88.811455 930.25024 
134.5 1172.4122 31.757795 105.0295 -318.31174 74.04132 314.31787 6.0836077 -172.97899 252.77855 0.32832885 202.004 -236.88683 -150.1002 1.6600151 71.356606 761.9112 
135.5 1170.9214 21.132578 48.972557 -270.49298 29.726814 311.3859 -79.04461 -177.99855 252.29887 31.415264 196.7868 -211.61372 -145.62195 91.216 -40.588776 755.4962 
136.5 1247.4866 -41.43704 77.6639 -115.919586 -31.709425 333.47757 -85.65813 -147.98349 241.98131 22.643118 201.86836 -150.34502 -54.09261 123.35053 -97.72441 809.0034 
137.5 1199.503 -47.47671 79.3475 -79.23083 -39.569798 277.7454 -86.67381 -97.2507 169.74709 16.24428 139.39177 -30.639803 -43.586147 125.78639 -170.13638 755.2589 
138.5 1079.6033 63.05656 10.622784 -37.787315 29.346697 302.13348 -134.84084 -98.639534 83.68985 64.86449 137.22476 23.919062 -1.5165428 95.5763 -215.87895 646.3213 
139.5 998.49207 112.302925 -41.350502 17.715652 97.107086 403.1303 -103.19336 -132.14677 27.010784 72.85052 155.14517 43.958866 50.044094 37.98723 -216.912 541.96967 
140.5 1020.7228 134.51497 -42.14124 39.53506 158.93102 404.3523 -59.413002 -140.35281 -21.975965 71.776596 57.553654 2.2679093 73.19148 23.904547 -159.849 491.5201 
141.5 1011.0625 158.63055 -51.191837 0.48845875 173.8186 326.26273 -31.2249 -149.54202 0.43393916 29.46006 -133.18582 -116.97711 58.113308 23.6025 -62.53302 361.00223 
142.5 1006.5758 88.85978 -78.30643 -109.87339 88.75819 345.83966 -48.87596 -145.69885 89.39268 -19.266684 -247.24246 -234.76506 -17.762407 9.25097 44.944252 217.61284 
143.5 1060.8899 -7.7448306 -80.345825 -110.17727 -13.975645 393.94583 -108.30612 -120.017456 101.69211 -20.276922 -258.75336 -336.18835 -3.4830365 26.893372 173.65536 203.2896 
144.5 1049.3922 -30.060747 -43.03097 -77.79368 -81.558266 283.1271 -192.10869 -77.31749 75.036415 43.376423 -275.4755 -354.15442 32.09405 122.164795 216.9263 262.1505 
145.5 1015.10516 -11.290155 20.817621 -108.69201 -85.27914 157.53949 -281.16684 20.360405 63.76376 140.19032 -292.22437 -256.63678 25.73891 237.46942 174.45068 337.7657 
146.5 1024.7437 -23.962519 78.11145 -45.307358 -30.181904 150.88934 -224.80276 68.2629 -32.30932 93.810776 -335.66428 -167.99411 98.62462 214.05118 126.83777 330.46457 
147.5 1072.3896 -42.345947 103.44499 -30.618698 -44.42079 139.59978 -136.90187 -32.06486 -93.61799 -14.840523 -415.23495 -144.83327 63.456234 71.29948 29.644865 307.22348 
148.5 1130.7561 -23.509815 52.241497 -145.71922 -116.20755 100.940544 -249.62393 -123.33689 11.964805 79.06785 -396.56976 -110.435875 -139.45238 1.8254011 5.638649 441.8362 
149.5 1126.4707 -52.415195 -96.34031 -71.43723 -106.076256 46.72292 -323.41498 -117.96156 80.829 232.86707 -318.00952 -48.141827 -142.115 21.514273 114.813835 588.0203 
150.5 1153.694 -96.3042 -219.90204 107.288574 -29.430046 -122.903755 -140.86366 -102.72839 39.622746 172.35191 -367.78165 -53.60452 26.813938 43.16989 67.45152 641.827 
151.5 1343.6676 -40.205284 -181.8626 29.618242 -3.788803 -373.81808 -41.095795 -40.948006 27.49159 60.616863 -539.47577 -134.04712 -2.5074937 127.44508 -101.25241 803.3468 
152.5 1515.9286 -0.13437289 -61.54364 -137.56995 -40.14945 -513.7108 -175.8849 42.95634 -13.076389 77.955986 -662.7127 -133.76859 -170.36966 214.58897 -48.796257 1028.0134 
153.5 1522.1549 -16.552223 -70.14505 -76.52859 -42.12448 -402.0132 -214.6021 -37.96465 -75.44794 94.130035 -656.7309 -57.76167 -227.10576 110.14844 87.463844 982.4382 
154.5 1687.6102 71.56583 -276.95956 31.988766 8.150966 -112.61697 -119.63195 -193.16478 70.31434 164.08945 -694.7576 -91.57649 -286.37128 -14.874607 65.69916 730.4006 
155.5 2267.0774 212.4759 -551.1964 -19.817501 65.99062 127.15313 -121.304726 -80.55146 371.42752 460.15237 -967.8909 -181.6679 -434.3477 171.50584 167.21344 658.08374 
156.5 2832.971 204.60515 -612.7494 68.57067 157.26108 223.55049 -126.194275 314.21738 411.77747 791.82214 -1341.2762 -197.40498 -336.99152 565.09125 485.24487 673.4113 
157.5 3114.4023 97.18531 -238.5784 421.48886 346.16187 261.1089 -56.573387 649.6409 10.257314 1026.7869 -1580.2996 -281.2719 125.67955 857.45667 543.2426 603.76953 
158.5 3501.5215 210.47798 380.9561 641.83704 703.7634 317.4454 108.00479 738.2428 -562.3281 1023.6477 -1723.0225 -483.40756 620.441 940.15924 348.30804 706.47943 
159.5 3955.6113 690.5249 885.5041 567.1701 1109.6578 534.50726 537.69824 574.24194 -1019.74817 362.75583 -1859.1271 -649.76166 852.48663 747.64465 472.75082 814.6599 
160.5 4025.5889 1105.4039 1118.1729 422.1065 1211.6512 1081.1891 809.53564 135.37929 -1223.8398 -453.47336 -1869.5619 -858.22327 690.4828 252.13014 905.4084 510.19803 
161.5 3815.907 939.10583 826.952 239.45195 917.4084 1661.2894 522.35095 -480.64017 -1011.80743 -502.9084 -1683.5809 -1139.7831 133.92795 -387.89066 1167.0736 137.73189 
162.5 3661.009 472.42172 -68.44003 -20.642508 454.25586 1723.338 361.6786 -992.1999 -440.34598 -315.10666 -1421.2783 -1239.1765 -491.08105 -895.2118 1155.9955 187.81058 
163.5 3527.1455 274.55432 -841.5705 -130.5561 8.419891 1271.6613 528.8608 -1069.0956 50.4337 -454.2734 -1167.5216 -1106.1681 -787.34534 -953.40875 967.8726 568.7018 
164.5 3162.685 210.5349 -856.9279 -28.654785 -220.48186 718.9611 240.51114 -622.4825 225.61188 -186.80797 -872.98517 -844.68805 -723.9439 -466.87372 698.8211 994.0497 
165.5 2553.422 -16.006407 -477.36887 131.47311 -225.12662 281.62204 -157.18994 -89.4432 198.47679 309.03088 -480.6296 -470.35925 -377.3999 117.42201 553.2916 1320.18 
166.5 2148.1484 -185.83229 -195.80745 329.68076 -282.79227 93.065956 125.71035 70.65828 -74.40489 29.484278 -103.49616 -197.18935 121.881226 232.56483 422.9183 1517.2545 
167.5 2140.73 -120.92387 -73.92909 396.74207 -287.17413 242.3075 377.39893 -7.58104 -452.33414 -459.9326 69.072044 -188.71196 273.87485 -27.406355 84.28233 1497.6194 
168.5 2144.1467 30.63173 -170.02913 143.84409 -52.49968 470.39716 80.93644 -83.78623 -387.05 -337.24857 40.37551 -180.83801 -114.41233 -161.66354 -96.856834 1262.6737 
169.5 2038.5095 143.98819 -382.0318 -37.286068 -26.48575 469.07626 3.3530188 -182.99088 43.75131 -163.97775 -20.591705 -62.510014 -384.16913 -111.170525 160.0456 1162.2389 
170.5 2018.1747 91.30154 -370.58618 136.736 -359.78647 347.71964 262.81244 -215.82591 106.63152 -216.35838 15.684054 -25.63821 -176.91641 -139.6691 309.24292 1349.0898 
171.5 1953.6221 -106.21229 -175.63469 206.34665 -381.48248 337.95828 227.14001 -147.6256 -199.99277 -102.643814 164.42508 8.137491 -14.902281 -224.00888 42.1094 1429.8804 
172.5 1659.9747 -136.8072 -105.54671 36.42975 13.605971 359.08887 20.207783 -143.07271 -263.12823 15.733964 282.5221 95.69721 -100.71638 -178.76645 -93.525986 1174.7161 
173.5 1309.7526 16.623325 -154.95203 76.86738 153.97421 225.62169 -47.44233 -129.64096 -90.31868 3.0735674 179.8137 42.76411 -72.53163 -72.76004 106.90128 856.3188 
174.5 1161.0449 37.330204 -165.6714 266.4819 10.774112 26.305763 -156.12978 -21.717384 -96.37315 103.726105 -14.618732 -78.162346 72.36336 -63.404404 229.46628 778.91156 
175.5 1207.4753 -32.077034 -120.96935 308.77014 83.01773 4.523564 -235.03613 -10.689515 -246.95782 140.74129 11.863393 -90.240456 147.46518 -79.85366 211.7752 880.5406 
176.5 1229.1406 -15.349359 -43.636936 358.12668 230.58322 143.81569 -72.65034 -20.595078 -243.85207 -13.986975 152.28201 -137.5072 154.6815 30.75735 228.59192 834.13116 
177.5 1244.6685 -43.64698 43.93507 401.27142 80.37301 185.17514 106.73243 150.09982 -86.27542 -45.046387 110.057465 -247.08472 21.397673 192.67538 179.48373 713.1426 
178.5 1509.782 -86.302185 63.702507 200.97263 -88.06446 45.43683 84.48045 215.69383 11.496746 25.12528 35.00804 -192.2881 -164.58803 179.4866 52.964233 1017.8263 
179.5 1878.4701 -19.201387 12.065947 -70.769745 -24.533115 -101.11945 -8.703627 41.98504 5.3891973 -9.8472395 102.52383 -30.034452 -204.67464 30.236027 1.9429574 1575.5385 
