0.25 32252756 0 0 -0.2958477 0 32252708 -0.7487335 0 0 0.7487335 32252708 0 -0.2958477 0 0 32252756 
0.75 26768964 0 0 -0.34311026 0 26768558 -64.69983 0 0 64.69983 26768558 0 -0.34311026 0 0 26768964 
1.25 18168264 0 0 -0.13802198 0 18167388 -344.74878 0 0 344.74878 18167388 0 -0.13802198 0 0 18168264 
1.75 9729415 0 0 -0.036530506 0 9728244 -705.34064 0 0 705.34064 9728244 0 -0.036530506 0 0 9729415 
2.25 3822454.5 0 0 -0.036320433 0 3821222.8 -649.0964 0 0 649.0964 3821222.8 0 -0.036320433 0 0 3822454.5 
2.75 974975.3 -0.0000030742085 0 -0.034752585 0.0000023020477 973800.7 48.693447 0 0 -48.693447 973800.7 0 -0.034752585 0 0 974975.3 
3.25 249449.39 0.0000008863333 0 -0.012750851 -0.000010548614 248287.83 800.8356 0 0 -800.8356 248287.83 0 -0.012750851 0 0 249449.39 
3.75 336074.6 -0.00006817692 0 -0.030126253 0.000068975874 334867.13 690.82385 0 0 -690.82385 334867.13 0 -0.030126253 0 0 336074.6 
4.25 417642.13 0 0 0.026368985 0 416448.78 -383.93018 0 0 383.93018 416448.78 0 0.026368985 0 0 417642.13 
4.75 325557.5 0 0 -0.08562464 0 324538.3 -1330.5603 0 0 1330.5603 324538.3 0 -0.08562464 0 0 325557.5 
5.25 197666.31 0.00000000026007432 0 0.023203555 0.00000036644468 196937.98 -950.6273 0 0 950.6273 196937.98 0 0.023203555 0 0 197666.31 
5.75 132741.45 -0.000000049934272 0 -0.014655658 -0.0000010486197 132262.17 611.73895 0 0 -611.73895 132262.17 0 -0.014655658 0 0 132741.45 
6.25 109669.39 -0.000000051494716 0 0.008940792 -0.0000013830754 109267.055 1814.4573 0 0 -1814.4573 109267.055 0 0.008940792 0 0 109669.39 
6.75 83528.95 0.0000020848167 0 0.0044887364 -0.0000022428198 83039.484 1308.7561 0 0 -1308.7561 83039.484 0 0.0044887364 0 0 83528.95 
7.25 55482.414 0.0000021471735 0 0.0063972957 0.000002180463 54872.926 -533.0258 0 0 533.0258 54872.926 0 0.0063972957 0 0 55482.414 
7.75 47515.65 -0.00001711211 0 -0.005348218 0.000016576876 46890.5 -1910.7759 0 0 1910.7759 46890.5 0 -0.005348218 0 0 47515.65 
8.25 56634.53 0.000004144414 0 0.012594121 -0.000012661589 56130.957 -1456.7432 0 0 1456.7432 56130.957 0 0.012594121 0 0 56634.53 
8.75 58639.426 0.0000009820407 0 -0.004113649 -0.0000018683739 58306.035 348.37363 0 0 -348.37363 58306.035 0 -0.004113649 0 0 58639.426 
9.25 42747.49 0.00000027463852 0 -0.002396794 -0.000004003064 42505.168 1709.9347 0 0 -1709.9347 42505.168 0 -0.002396794 0 0 42747.49 
9.75 22642.53 0.00000006410832 0 0.0105107045 0.00000057177346 22354.523 1371.2351 0 0 -1371.2351 22354.523 0 0.0105107045 0 0 22642.53 
10.25 14527.449 -0.000004227248 0 0.008034428 0.0000035136043 14115.849 -198.22466 0 0 198.22466 14115.849 0 0.008034428 0 0 14527.449 
10.75 17723.766 -0.00000024915934 0 0.016966565 0.00000040830855 17232.164 -1419.0565 0 0 1419.0565 17232.164 0 0.016966565 0 0 17723.766 
11.25 20927.826 -0.0000043439604 0 0.008556219 0.0000029422822 20477.385 -1225.0837 0 0 1225.0837 20477.385 0 0.008556219 0 0 20927.826 
11.75 18795.326 -0.000000024967136 0 0.003704661 -0.00000021638182 18475.822 11.086549 0 0 -11.086549 18475.822 0 0.003704661 0 0 18795.326 
12.25 15247.93 -0.000000025416679 0 -0.0009852208 -0.00000022515377 15042.573 1039.3947 0 0 -1039.3947 15042.573 0 -0.0009852208 0 0 15247.93 
12.75 14063.421 -0.000000014564162 0 -0.0017334716 -0.0000013586284 13871.556 1014.6866 0 0 -1014.6866 13871.556 0 -0.0017334716 0 0 14063.421 
13.25 13506.089 0.00000001144327 0 -0.0021403779 0.000009091157 13236.627 176.21037 0 0 -176.21037 13236.627 0 -0.0021403779 0 0 13506.089 
13.75 10941.49 0.00000093626755 0 0.0006372548 -0.000004889397 10588.855 -590.1107 0 0 590.1107 10588.855 0 0.0006372548 0 0 10941.49 
14.25 7661.4863 0.0000010862003 0 0.0027429026 -0.0000004097471 7300.0005 -676.2001 0 0 676.2001 7300.0005 0 0.0027429026 0 0 7661.4863 
14.75 6494.797 -0.000004494734 0 0.0017244141 0.0000038859007 6205.243 -212.57916 0 0 212.57916 6205.243 0 0.0017244141 0 0 6494.797 
15.25 7294.818 0.00000009934839 0 -0.00068484404 -0.0000007640984 7093.526 244.43327 0 0 -244.43327 7093.526 0 -0.00068484404 0 0 7294.818 
15.75 7609.198 0.000000857335 0 -0.0007293008 -0.00000022353385 7440.3726 320.76544 0 0 -320.76544 7440.3726 0 -0.0007293008 0 0 7609.198 
16.25 6643.9097 -0.000014980281 0 -0.0021007322 0.0000145204685 6436.6143 96.87763 0 0 -96.87763 6436.6143 0 -0.0021007322 0 0 6643.9097 
16.75 5926.1406 -0.00000006059731 0 -0.002095573 -0.000004259237 5661.033 -108.36072 0 0 108.36072 5661.033 0 -0.002095573 0 0 5926.1406 
17.25 6193.7646 -0.00001504894 0 -0.0013750412 0.000019692827 5917.4272 -101.48249 0 0 101.48249 5917.4272 0 -0.0013750412 0 0 6193.7646 
17.75 6012.5264 0.000004235628 0 0.00026293777 -0.0000039723177 5786.1978 47.534107 0 0 -47.534107 5786.1978 0 0.00026293777 0 0 6012.5264 
18.25 4283.0503 0.000000020935984 0 0.001021393 -0.0000021865749 4116.9487 143.71967 0 0 -143.71967 4116.9487 0 0.001021393 0 0 4283.0503 
18.75 2366.8362 0.00000013163012 0 0.00040325007 -0.0000010251805 2208.6394 74.760994 0 0 -74.760994 2208.6394 0 0.00040325007 0 0 2366.8362 
19.25 2311.7332 -0.0000006973055 0 0.0003155968 0.0000010618373 2103.4375 -102.34554 0 0 102.34554 2103.4375 0 0.0003155968 0 0 2311.7332 
19.75 3868.9927 0.0000042064744 0 0.00077420915 -0.0000062661984 3611.9832 -226.0504 0 0 226.0504 3611.9832 0 0.00077420915 0 0 3868.9927 
20.25 4794.128 0.0000021347917 0 -0.0005335104 -0.0000015759489 4550.171 -169.71619 0 0 169.71619 4550.171 0 -0.0005335104 0 0 4794.128 
20.75 3895.971 0.0000030992162 0 0.0004400066 -0.0000030218932 3721.4358 45.046417 0 0 -45.046417 3721.4358 0 0.0004400066 0 0 3895.971 
21.25 2396.5457 -0.000000116328536 0 0.00059541577 0.0000012025083 2281.8428 248.57845 0 0 -248.57845 2281.8428 0 0.00059541577 0 0 2396.5457 
21.75 1955.2612 -0.000002548435 0 0.00025544383 0.0000013965023 1834.7439 258.66653 0 0 -258.66653 1834.7439 0 0.00025544383 0 0 1955.2612 
22.25 2498.4858 -0.000000008749316 0 0.000047934343 0.0000021503874 2316.9128 50.967403 0 0 -50.967403 2316.9128 0 0.000047934343 0 0 2498.4858 
22.75 2767.0862 -0.0000015748476 0 0.009103762 0.0000018290051 2530.1963 -202.36937 0 0 202.36937 2530.1963 0 0.009103762 0 0 2767.0862 
23.25 2284.3777 0.000000033460235 0 0.0002863819 0.000000106801224 2046.4176 -284.066 0 0 284.066 2046.4176 0 0.0002863819 0 0 2284.3777 
23.75 1766.0327 -0.0000013258914 0 0.00026404014 0.0000017438961 1576.9824 -132.97765 0 0 132.97765 1576.9824 0 0.00026404014 0 0 1766.0327 
24.25 1772.741 0.0000022149882 0 -0.0027350334 -0.0000016384031 1640.2544 107.06859 0 0 -107.06859 1640.2544 0 -0.0027350334 0 0 1772.741 
24.75 1928.6683 -0.0000010596159 0 0.0009328195 0.0000010355427 1821.0287 232.44963 0 0 -232.44963 1821.0287 0 0.0009328195 0 0 1928.6683 
25.25 1729.9227 0.000000056176056 0 0.00054009946 -0.0000009859743 1604.6954 161.91284 0 0 -161.91284 1604.6954 0 0.00054009946 0 0 1729.9227 
25.75 1404.6447 -0.0000002748051 0 0.00020072753 0.0000013454253 1237.187 -17.02506 0 0 17.02506 1237.187 0 0.00020072753 0 0 1404.6447 
26.25 1454.8615 0.0000000096788755 0 -0.00057046406 0.0000014871614 1252.8588 -151.42369 0 0 151.42369 1252.8588 0 -0.00057046406 0 0 1454.8615 
26.75 1753.5742 -0.000001075631 0 -0.000708586 0.0000015857097 1551.9857 -153.22914 0 0 153.22914 1551.9857 0 -0.000708586 0 0 1753.5742 
27.25 1703.1721 -0.0000021229691 0 -0.00029819852 0.0000011647601 1538.9298 -46.70644 0 0 46.70644 1538.9298 0 -0.00029819852 0 0 1703.1721 
27.75 1182.956 -0.0000016543084 0 0.0004379694 0.000005055089 1064.0464 75.55261 0 0 -75.55261 1064.0464 0 0.0004379694 0 0 1182.956 
28.25 777.9116 0.000000020979792 0 -0.0023084467 0.00000010836477 674.6674 128.82375 0 0 -128.82375 674.6674 0 -0.0023084467 0 0 777.9116 
28.75 940.5895 -0.000000057013168 0 0.00024527402 -0.000000643741 811.9682 88.534225 0 0 -88.534225 811.9682 0 0.00024527402 0 0 940.5895 
29.25 1361.563 0.000000092003326 0 -0.00040558842 0.0000005258073 1192.8029 -4.561009 0 0 4.561009 1192.8029 0 -0.00040558842 0 0 1361.563 
29.75 1444.0916 0.000001303013 0 0.0005472387 -0.0000010340149 1257.6501 -80.47386 0 0 80.47386 1257.6501 0 0.0005472387 0 0 1444.0916 
30.25 1117.6265 0.0000011208771 0 -0.00033298938 0.0000007416887 948.2773 -90.68607 0 0 90.68607 948.2773 0 -0.00033298938 0 0 1117.6265 
30.75 824.09717 0.000000010055878 0 -0.0002635826 -0.000003080147 687.6115 -38.608997 0 0 38.608997 687.6115 0 -0.0002635826 0 0 824.09717 
31.25 820.9543 0.0000005624758 0 -0.00042081112 -0.0000017610934 707.249 30.160778 0 0 -30.160778 707.249 0 -0.00042081112 0 0 820.9543 
31.75 885.7286 0.000000016951564 0 0.0004200203 -0.00000087731405 774.81036 66.6695 0 0 -66.6695 774.81036 0 0.0004200203 0 0 885.7286 
32.25 769.8924 0.000000012932475 0 0.00022487508 0.0000008430979 647.12305 53.850315 0 0 -53.850315 647.12305 0 0.00022487508 0 0 769.8924 
32.75 610.7764 -0.00000027380673 0 0.00025134152 0.0000008779974 469.9601 11.827433 0 0 -11.827433 469.9601 0 0.00025134152 0 0 610.7764 
33.25 678.0769 0.00000012989041 0 -0.000041476163 -0.00000077386784 520.7604 -25.783154 0 0 25.783154 520.7604 0 -0.000041476163 0 0 678.0769 
33.75 907.0834 0.0000010564868 0 -0.000103500126 -0.000002043534 744.4995 -39.615253 0 0 39.615253 744.4995 0 -0.000103500126 0 0 907.0834 
34.25 964.0225 -0.000000012013203 0 -0.00009896663 0.00000040397558 814.15015 -32.16063 0 0 32.16063 814.15015 0 -0.00009896663 0 0 964.0225 
34.75 733.58276 -0.0000010512408 0 -0.00014097788 0.0000013389073 608.11566 -15.162269 0 0 15.162269 608.11566 0 -0.00014097788 0 0 733.58276 
35.25 483.57993 -0.000000013924642 0 -0.00021742725 0.000000076321086 376.6952 3.058919 0 0 -3.058919 376.6952 0 -0.00021742725 0 0 483.57993 
35.75 475.96335 0.0000000015000006 0 -0.00011882858 0.00000081735334 369.68256 17.332804 0 0 -17.332804 369.68256 0 -0.00011882858 0 0 475.96335 
36.25 616.69385 -0.00000072959324 0 -0.00031642077 0.0000012015887 497.79398 21.62921 0 0 -21.62921 497.79398 0 -0.00031642077 0 0 616.69385 
36.75 638.95764 0.000000114741546 0 0.00008799241 -0.0000005148983 507.521 13.901841 0 0 -13.901841 507.521 0 0.00008799241 0 0 638.95764 
37.25 506.3709 0.00000024964797 0 0.00027119412 -0.0000006603521 368.44266 2.5819936 0 0 -2.5819936 368.44266 0 0.00027119412 0 0 506.3709 
37.75 434.67395 -0.0000001541936 0 0.00046678618 -0.0000010742634 292.9775 -0.70165133 0 0 0.70165133 292.9775 0 0.00046678618 0 0 434.67395 
38.25 538.00507 0.00000006835078 0 0.0005293157 0.0000010579985 394.00806 3.537084 0 0 -3.537084 394.00806 0 0.0005293157 0 0 538.00507 
38.75 653.1373 -0.0000005370041 0 0.0001539205 0.00000018209329 513.817 2.4083188 0 0 -2.4083188 513.817 0 0.0001539205 0 0 653.1373 
39.25 590.60425 -0.000000010669906 0 -0.0003026671 -0.0000011911799 465.63123 -10.73012 0 0 10.73012 465.63123 0 -0.0003026671 0 0 590.60425 
39.75 415.51794 -0.000000012125714 0 -0.00058040436 0.00000038468272 306.47025 -24.971603 0 0 24.971603 306.47025 0 -0.00058040436 0 0 415.51794 
40.25 343.1301 0.00000000031285632 0 -0.0007659231 0.0000005592125 240.16306 -25.636179 0 0 25.636179 240.16306 0 -0.0007659231 0 0 343.1301 
40.75 423.52185 0.000000035455905 0 -0.00055015186 0.00000015404984 314.91782 -13.159041 0 0 13.159041 314.91782 0 -0.00055015186 0 0 423.52185 
41.25 485.95123 -0.0000010655021 0 -0.00031261746 0.0000015000661 367.69394 0.74755204 0 0 -0.74755204 367.69394 0 -0.00031261746 0 0 485.95123 
41.75 404.63354 0.000000054975494 0 0.00047372992 -0.0000005809063 278.49335 11.488146 0 0 -11.488146 278.49335 0 0.00047372992 0 0 404.63354 
42.25 279.51102 -0.000000012849304 0 0.0007416618 0.00000021702388 145.9657 23.831512 0 0 -23.831512 145.9657 0 0.0007416618 0 0 279.51102 
42.75 278.5979 -0.0000001258902 0 0.00092311646 -0.00000034432009 137.22433 35.5145 0 0 -35.5145 137.22433 0 0.00092311646 0 0 278.5979 
43.25 393.50885 0.00000006482452 0 0.00088361197 0.00000042307693 249.46725 32.613598 0 0 -32.613598 249.46725 0 0.00088361197 0 0 393.50885 
43.75 462.64172 0.000000008746521 0 0.000402589 0.00000087970284 326.71277 8.855389 0 0 -8.855389 326.71277 0 0.000402589 0 0 462.64172 
44.25 405.34085 -0.000000028093872 0 -0.00056513364 -0.00000064954133 284.4938 -20.385782 0 0 20.385782 284.4938 0 -0.00056513364 0 0 405.34085 
44.75 318.87036 -0.00000046951547 0 0.0005925445 0.0000005691238 209.36705 -34.06227 0 0 34.06227 209.36705 0 0.0005925445 0 0 318.87036 
45.25 319.19922 -0.00000025713672 0 -0.0011104544 0.0000005543195 211.32062 -29.62696 0 0 29.62696 211.32062 0 -0.0011104544 0 0 319.19922 
45.75 377.27502 0.000000024885864 0 -0.0015737142 -0.00000032300827 264.63885 -19.842524 0 0 19.842524 264.63885 0 -0.0015737142 0 0 377.27502 
46.25 378.0998 -0.00000006713982 0 -0.00062521937 0.0000004887691 259.6062 -9.549997 0 0 9.549997 259.6062 0 -0.00062521937 0 0 378.0998 
46.75 292.69788 -0.00000006756244 0 0.00009873322 0.0000006348983 167.6103 9.001162 0 0 -9.001162 167.6103 0 0.00009873322 0 0 292.69788 
47.25 212.49495 -0.00000046686316 0 0.00056079944 -0.0000003696604 78.66628 35.21327 0 0 -35.21327 78.66628 0 0.00056079944 0 0 212.49495 
47.75 217.82607 -0.00000018692181 0 0.0007728202 0.000000781929 75.95766 50.454853 0 0 -50.454853 75.95766 0 0.0007728202 0 0 217.82607 
48.25 278.9938 -0.00000008305311 0 0.00082622253 -0.00000031448687 134.94893 40.04438 0 0 -40.04438 134.94893 0 0.00082622253 0 0 278.9938 
48.75 311.8709 -0.00000013494429 0 0.00056450634 -0.00000052466555 171.96426 15.216922 0 0 -15.216922 171.96426 0 0.00056450634 0 0 311.8709 
49.25 287.77533 0.00000028694325 0 -0.00019498008 0.0000010348764 153.11781 -0.47835007 0 0 0.47835007 153.11781 0 -0.00019498008 0 0 287.77533 
49.75 250.50189 -0.000000008685823 0 -0.0003410853 -0.0000008820317 117.93634 -1.9777566 0 0 1.9777566 117.93634 0 -0.0003410853 0 0 250.50189 
50.25 244.32008 0.0000000037553742 0 -0.0003986702 -0.00000010840166 111.48642 -5.0582623 0 0 5.0582623 111.48642 0 -0.0003986702 0 0 244.32008 
50.75 263.06998 -0.0000003584465 0 -0.00036592025 0.00000044541085 129.8742 -17.714575 0 0 17.714575 129.8742 0 -0.00036592025 0 0 263.06998 
51.25 271.51062 0.00000012823457 0 -0.00029267513 -0.00000050153545 137.19112 -25.61131 0 0 25.61131 137.19112 0 -0.00029267513 0 0 271.51062 
51.75 250.73306 0.000000054408353 0 -0.00010893212 0.0000008880848 112.72657 -14.51529 0 0 14.51529 112.72657 0 -0.00010893212 0 0 250.73306 
52.25 212.98375 0.00000010587592 0 0.00001316263 0.00000010802152 69.8433 5.133457 0 0 -5.133457 69.8433 0 0.00001316263 0 0 212.98375 
52.75 185.64749 -0.00000021043536 0 -0.0000491386 0.00000074791404 38.747196 10.445431 0 0 -10.445431 38.747196 0 -0.0000491386 0 0 185.64749 
53.25 188.2734 -0.0000001591671 0 -0.00018440405 -0.0000001735362 38.75302 -1.9304805 0 0 1.9304805 38.75302 0 -0.00018440405 0 0 188.2734 
53.75 216.02725 0.000000046132204 0 -0.00040879368 -0.00000041992095 61.504025 -11.47014 0 0 11.47014 61.504025 0 -0.00040879368 0 0 216.02725 
54.25 240.27763 0.000000046688932 0 -0.00033704456 0.000000631206 76.77527 -3.566718 0 0 3.566718 76.77527 0 -0.00033704456 0 0 240.27763 
54.75 234.63414 -0.0000004609423 0 -0.00032066123 -0.00000032303788 61.07974 10.191652 0 0 -10.191652 61.07974 0 -0.00032066123 0 0 234.63414 
55.25 206.65858 0.00000032656118 0 -0.00034478022 0.000000364597 24.988998 9.886951 0 0 -9.886951 24.988998 0 -0.00034478022 0 0 206.6586 
55.75 194.20433 -0.0000000094667865 0 -0.00021610955 -0.0000005868399 4.910392 -3.9820657 0 0 3.9820657 4.910392 0 -0.00021610955 0 0 194.20435 
56.25 220.63022 -0.000000026342539 0 -0.00013048109 -0.00000048169863 20.941395 -12.217094 0 0 12.217094 20.941395 0 -0.00013048109 0 0 220.63022 
56.75 261.5669 0.00000011169437 0 -0.00023587582 -0.0000005973495 49.761265 -4.7971363 0 0 4.7971363 49.761265 0 -0.00023587582 0 0 261.5669 
57.25 270.77814 0.0000002076653 0 -0.00012572756 0.0000008535356 50.663643 5.8811226 0 0 -5.8811226 50.663643 0 -0.00012572756 0 0 270.77814 
57.75 237.27179 0.00000013769017 0 -0.000073088595 -0.00000038632703 16.047747 3.6877573 0 0 -3.6877573 16.047743 0 -0.000073088595 0 0 237.27179 
58.25 200.1073 0.0000003705461 0 -0.00011188179 0.00000075337357 -17.711052 -8.996743 0 0 8.996743 -17.711052 0 -0.00011188179 0 0 200.1073 
58.75 199.58217 0.00000013361417 0 -0.00032308442 -0.00000031273842 -14.41582 -16.096674 0 0 16.096674 -14.41582 0 -0.00032308442 0 0 199.58217 
59.25 226.95384 -0.00000008262644 0 -0.000117510834 -0.000000117614576 18.332603 -10.332773 0 0 10.332773 18.3326 0 -0.000117510834 0 0 226.95384 
59.75 236.75276 -0.00000044910024 0 -0.000026794361 0.00000028453596 40.50581 -1.2648753 0 0 1.2648753 40.50581 0 -0.000026794361 0 0 236.75276 
60.25 204.05743 -0.00000022648408 0 -0.0000070035453 -0.00000028781497 29.443256 -0.23495518 0 0 0.23495518 29.443256 0 -0.0000070035453 0 0 204.05743 
60.75 153.34573 -0.00000019950531 0 -0.00001043524 -0.00000020644612 5.00361 -5.629864 0 0 5.629864 5.00361 0 -0.00001043524 0 0 153.34573 
61.25 126.00854 -0.00000022179977 0 -0.0000005684921 -0.00000048788627 2.156816 -7.8735433 0 0 7.8735433 2.156814 0 -0.0000005684921 0 0 126.00854 
61.75 131.59789 0.00000021495346 0 -0.000086286826 0.0000003315973 29.092236 -3.995325 0 0 3.995325 29.092237 0 -0.000086286826 0 0 131.59789 
62.25 142.31963 0.000000037345547 0 -0.00010824783 -0.00000039326443 61.295937 -0.2882395 0 0 0.2882395 61.295937 0 -0.00010824783 0 0 142.31963 
62.75 130.88821 0.00000011493228 0 -0.0000843997 0.000000088242174 72.84478 -1.3684803 0 0 1.3684803 72.84478 0 -0.0000843997 0 0 130.88821 
63.25 100.91487 -0.000000014159063 0 -0.00006872982 0.00000014715204 63.33981 -3.305699 0 0 3.305699 63.33981 0 -0.00006872982 0 0 100.91487 
63.75 76.5814 -0.000000040371457 0 -0.000018055023 -0.00000005196509 51.77948 -0.540959 0 0 0.540959 51.77948 0 -0.000018055023 0 0 76.5814 
64.25 71.808556 -0.00000007582964 0 -0.000016963248 0.000000106498725 51.79619 4.7080154 0 0 -4.7080154 51.79619 0 -0.000016963248 0 0 71.808556 
64.75 78.35328 -0.00000014506846 0 0.000010360427 0.00000014174478 59.80837 4.9925804 0 0 -4.9925804 59.80837 0 0.000010360427 0 0 78.35328 
65.25 81.41716 0.00000011060408 0 0.0000066037237 -0.00000022055585 65.02355 -1.327211 0 0 1.327211 65.02355 0 0.0000066037237 0 0 81.41716 
65.75 77.462006 0.000000022927575 0 0.000026225383 -0.000000032143166 63.409527 -6.513086 0 0 6.513086 63.409527 0 0.000026225383 0 0 77.462006 
66.25 72.99073 -0.000000018030718 0 -0.000015821004 0.00000013149575 58.825157 -3.0899675 0 0 3.0899675 58.825157 0 -0.000015821004 0 0 72.99073 
66.75 71.59132 0.000000019164807 0 -0.00005772201 0.000000015946389 54.796535 5.822578 0 0 -5.822578 54.796535 0 -0.00005772201 0 0 71.59132 
67.25 69.28503 0.000000087569845 0 -0.00007040412 0.0000000067192554 50.593002 9.405306 0 0 -9.405306 50.593002 0 -0.00007040412 0 0 69.28503 
67.75 62.754826 0.00000029119883 0 -0.00012792346 -0.00000026815604 45.526215 2.1894085 0 0 -2.1894085 45.526215 0 -0.00012792346 0 0 62.754826 
68.25 56.426643 0.00000008529295 0 -0.0000916511 -0.000000087721006 42.80105 -8.820801 0 0 8.820801 42.80105 0 -0.0000916511 0 0 56.426643 
68.75 57.399963 0.000000011071864 0 -0.000088355424 -0.000000017162455 46.02306 -11.757 0 0 11.757 46.02306 0 -0.000088355424 0 0 57.399963 
69.25 65.03793 0.00000007350757 0 -0.00005808293 -0.000000051726342 53.01472 -3.2283618 0 0 3.2283618 53.01472 0 -0.00005808293 0 0 65.03793 
69.75 69.73564 0.00000013013873 0 -0.000013613329 -0.000000103269855 56.177902 8.0243025 0 0 -8.0243025 56.177902 0 -0.000013613329 0 0 69.73564 
70.25 63.534878 -0.000000018088878 0 0.000015007673 -0.000000008200978 50.34174 10.829881 0 0 -10.829881 50.34174 0 0.000015007673 0 0 63.534878 
70.75 49.990948 0.00000013830402 0 0.000038660808 -0.0000000993714 39.12279 3.2594454 0 0 -3.2594454 39.12279 0 0.000038660808 0 0 49.990948 
71.25 41.22609 -0.0000000032815337 0 0.000024705043 -0.000000033108307 31.978867 -6.289158 0 0 6.289158 31.978867 0 0.000024705043 0 0 41.22609 
71.75 45.173172 0.0000000003280231 0 0.0000036797742 0.00000007389656 34.783108 -8.61434 0 0 8.61434 34.783108 0 0.0000036797742 0 0 45.173172 
72.25 57.20833 0.000000014517304 0 -0.0000018577858 -0.000000027858558 44.04536 -2.7800255 0 0 2.7800255 44.04536 0 -0.0000018577858 0 0 57.20833 
72.75 65.084656 -0.0000000133968765 0 -0.000020779422 -0.00000021367089 50.69161 4.343495 0 0 -4.343495 50.69161 0 -0.000020779422 0 0 65.084656 
73.25 61.36996 -0.0000000012294162 0 -0.00002234575 0.00000005304383 48.996487 6.083459 0 0 -6.083459 48.996487 0 -0.00002234575 0 0 61.36996 
73.75 50.16885 0.00000000020942201 0 -0.000026596568 -0.000000016991539 41.395893 2.2555165 0 0 -2.2555165 41.395893 0 -0.000026596568 0 0 50.16885 
74.25 41.976276 0.0000000052635216 0 -0.000037946025 -0.00000004514925 35.03843 -2.1569812 0 0 2.1569812 35.03843 0 -0.000037946025 0 0 41.976276 
74.75 43.048954 0.0000000098459445 0 -0.000027050452 -0.000000089795016 34.54383 -3.11195 0 0 3.11195 34.54383 0 -0.000027050452 0 0 43.048954 
75.25 50.263832 -0.00000013624454 0 -0.000013438296 0.00000014196179 38.402523 -1.3072278 0 0 1.3072278 38.402523 0 -0.000013438296 0 0 50.263832 
75.75 55.553757 -0.00000013134922 0 -0.000013966618 0.00000006716064 41.704136 -0.25811395 0 0 0.25811395 41.704136 0 -0.000013966618 0 0 55.553757 
76.25 54.216515 0.000000071338796 0 0.000003658086 -0.00000006789855 41.406757 -1.7189958 0 0 1.7189958 41.406757 0 0.000003658086 0 0 54.216515 
76.75 48.640865 -0.00000006356925 0 0.0000021410697 0.00000003241037 38.698742 -3.739682 0 0 3.739682 38.698742 0 0.0000021410697 0 0 48.640865 
77.25 44.75193 -0.0000000361351 0 -0.000004060087 0.000000058072782 36.84403 -3.1277878 0 0 3.1277878 36.84403 0 -0.000004060087 0 0 44.75193 
77.75 45.743633 0.000000051001532 0 -0.0000025022998 0.000000068922304 37.46956 0.72565854 0 0 -0.72565854 37.46956 0 -0.0000025022998 0 0 45.743633 
78.25 49.38144 -0.000000009575359 0 0.0000016527633 0.000000025453394 39.119335 4.8016577 0 0 -4.8016577 39.119335 0 0.0000016527633 0 0 49.38144 
78.75 50.78446 0.00000003016667 0 0.000005124495 -0.000000077142445 39.039116 5.190529 0 0 -5.190529 39.039116 0 0.000005124495 0 0 50.78446 
79.25 47.29736 -0.000000066161235 0 0.000006672539 0.000000036439616 35.990932 0.8259917 0 0 -0.8259917 35.990932 0 0.000006672539 0 0 47.29736 
79.75 40.767612 -0.000000028996828 0 -0.0000135836435 -0.00000003626266 31.361591 -5.326911 0 0 5.326911 31.361591 0 -0.0000135836435 0 0 40.767612 
80.25 35.59129 0.000000007558917 0 -0.000028498802 0.000000019818476 27.81959 -8.621088 0 0 8.621088 27.81959 0 -0.000028498802 0 0 35.59129 
80.75 34.794544 -0.000000001006645 0 -0.000009285059 -0.00000008476683 27.021986 -6.431221 0 0 6.431221 27.021986 0 -0.000009285059 0 0 34.794544 
81.25 37.699055 0.0000000004417109 0 0.000008154734 0.00000006934336 28.4119 -0.10242084 0 0 0.10242084 28.4119 0 0.000008154734 0 0 37.699055 
81.75 40.84096 0.000000054404815 0 0.000016935011 -0.00000006313857 29.901737 6.2340436 0 0 -6.2340436 29.901737 0 0.000016935011 0 0 40.84096 
82.25 40.958794 0.000000043316113 0 0.000026861479 -0.00000006173766 29.627373 8.751173 0 0 -8.751173 29.627373 0 0.000026861479 0 0 40.958794 
82.75 37.43853 0.000000005492229 0 0.000015704392 0.000000045942414 27.275608 6.438919 0 0 -6.438919 27.275608 0 0.000015704392 0 0 37.43853 
83.25 32.470993 0.00000011407402 0 0.00002846523 -0.00000018665317 24.096912 1.3560432 0 0 -1.3560432 24.096912 0 0.00002846523 0 0 32.470993 
83.75 29.152485 -0.00000005018228 0 0.000013703068 0.00000004068119 21.819212 -3.1778362 0 0 3.1778362 21.819212 0 0.000013703068 0 0 29.152485 
84.25 29.214218 -0.00000004277944 0 0.00002081497 0.0000000018253423 21.419518 -4.8651605 0 0 4.8651605 21.419518 0 0.00002081497 0 0 29.214218 
84.75 32.029003 0.00000007818033 0 0.00000976069 -0.00000010952041 22.618073 -3.6000795 0 0 3.6000795 22.618073 0 0.00000976069 0 0 32.029003 
85.25 35.35547 0.0000001251725 0 -0.0000056866506 -0.000000009530748 24.289297 -1.007342 0 0 1.007342 24.289297 0 -0.0000056866506 0 0 35.35547 
85.75 37.01615 0.00000006695933 0 -0.000011140976 -0.0000000636437 25.329247 0.9845998 0 0 -0.9845998 25.329247 0 -0.000011140976 0 0 37.01615 
86.25 36.236374 -0.00000003578576 0 -0.00002352923 0.000000045637822 25.310396 1.4115392 0 0 -1.4115392 25.310396 0 -0.00002352923 0 0 36.236374 
86.75 33.840378 -0.00000000017924551 0 -0.000030123467 -0.0000000020617368 24.541998 0.6166731 0 0 -0.6166731 24.541998 0 -0.000030123467 0 0 33.840378 
87.25 31.414389 -0.0000000011968118 0 -0.000024424848 -0.000000052415455 23.639883 -0.3144823 0 0 0.3144823 23.639883 0 -0.000024424848 0 0 31.414389 
87.75 30.175179 0.000000000053255844 0 -0.000026992338 -0.000000026177679 23.008713 -0.4572756 0 0 0.4572756 23.008713 0 -0.000026992338 0 0 30.175179 
88.25 30.310713 -0.000000013768099 0 -0.000009292678 -0.000000031290607 22.608526 0.35715488 0 0 -0.35715488 22.608526 0 -0.000009292678 0 0 30.310713 
88.75 31.082272 -0.00000003210662 0 -0.00003123883 0.000000063795795 22.088774 1.548383 0 0 -1.548383 22.088774 0 -0.00003123883 0 0 31.082272 
89.25 31.458036 -0.00000000068239364 0 -0.000028085935 -0.000000053678633 21.120054 2.2596972 0 0 -2.2596972 21.120054 0 -0.000028085935 0 0 31.458036 
89.75 30.778849 0.00000000040242942 0 -0.0285757 0.000000006132191 19.653181 1.9217585 0 0 -1.9217585 19.653181 0 -0.0285757 0 0 30.778849 
90.5 28.021282 -0.0000000012952907 0 0.00048422723 0.000000013155102 17.177763 -0.39573324 0 0 0.39573324 17.177763 0 0.00048422723 0 0 28.021282 
91.5 24.602375 -0.00000006807108 0 0.0000143912075 0.00000020333272 15.399001 -3.5097892 0 0 3.5097892 15.399001 0 0.0000143912075 0 0 24.602375 
92.5 24.742228 -0.000000013851624 0 0.000011100634 0.000000054239152 15.987061 -2.947637 0 0 2.947637 15.987061 0 0.000011100634 0 0 24.742228 
93.5 26.513565 -0.0000000006076443 0 0.000011145702 -0.000000007708893 16.758518 0.33362642 0 0 -0.33362642 16.758518 0 0.000011145702 0 0 26.513565 
94.5 26.687033 -0.000000016192796 0 0.000005083944 0.0000000000943591 16.115997 2.8723516 0 0 -2.8723516 16.115997 0 0.000005083944 0 0 26.687033 
95.5 25.731396 0.0000000012254409 0 0.000020816478 0.0000001113908 15.27679 2.978671 0 0 -2.978671 15.27679 0 0.000020816478 0 0 25.731396 
96.5 25.50387 -0.000000066827425 0 0.0000050720655 0.00000008868889 15.471896 1.3241568 0 0 -1.3241568 15.471896 0 0.0000050720655 0 0 25.50387 
97.5 25.108486 -0.00000000017809472 0 -0.000027979597 -0.00000006026745 15.22604 -0.47060025 0 0 0.47060025 15.22604 0 -0.000027979597 0 0 25.108486 
98.5 22.977137 0.0000000035563097 0 -0.000012114004 0.000000009334834 13.080345 -1.1627464 0 0 1.1627464 13.080345 0 -0.000012114004 0 0 22.977137 
99.5 20.54297 0.0000000002600307 0 0.0001296094 0.000000010813612 10.544581 -0.9668057 0 0 0.9668057 10.544581 0 0.0001296094 0 0 20.54297 
100.5 20.072378 -0.000000015199365 0 -0.000011467726 0.00000013480661 9.708293 -1.0695806 0 0 1.0695806 9.708293 0 -0.000011467726 0 0 20.072378 
101.5 20.564919 -0.00000001843337 0 -0.000022605565 0.000000019025958 9.806685 -1.5090919 0 0 1.5090919 9.806685 0 -0.000022605565 0 0 20.564919 
102.5 19.609783 -0.00000001681066 0 -0.0000316796 0.000000029417555 8.860195 -1.19842 0 0 1.19842 8.860195 0 -0.0000316796 0 0 19.609783 
103.5 18.003885 0.00000000821828 0 0.000000811001 -0.00000006375881 7.3720374 -0.46288508 0 0 0.46288508 7.3720374 0 0.000000811001 0 0 18.003885 
104.5 17.835615 0.0000000010638538 0 -0.000007930164 0.000000003794631 6.8741264 -0.70900834 0 0 0.70900834 6.8741264 0 -0.000007930164 0 0 17.835615 
105.5 18.229197 0.00000000047440074 0 -0.000005301071 -0.000000024612614 6.818386 -1.3654696 0 0 1.3654696 6.818386 0 -0.000005301071 0 0 18.229197 
106.5 17.465574 0.000000032914315 0 0.0000018998766 0.000000045564118 6.038287 -0.96314526 0 0 0.96314526 6.038287 0 0.0000018998766 0 0 17.465574 
107.5 16.530737 -0.00000003687726 0 0.000034445176 0.00000007925253 5.04869 -0.36073282 0 0 0.36073282 5.04869 0 0.000034445176 0 0 16.530737 
108.5 16.919142 -0.0000000053067604 0 -0.000021105327 0.0000000941229 4.7952724 -0.6292101 0 0 0.6292101 4.795272 0 -0.000021105327 0 0 16.919142 
109.5 17.284576 -0.000000029032766 0 -0.000030379804 0.000000033694043 4.3901486 -0.6979412 0 0 0.6979412 4.3901477 0 -0.000030379804 0 0 17.284576 
110.5 16.613699 0.000000016347597 0 -0.000010660242 -0.000000054992004 3.1685193 -0.30447838 0 0 0.30447838 3.1685193 0 -0.000010660242 0 0 16.613699 
111.5 16.580074 0.00000000042235104 0 -0.000017619219 -0.000000016693669 2.6234088 -0.4659445 0 0 0.4659445 2.6234088 0 -0.000017619219 0 0 16.580074 
112.5 17.004423 0.0000000063877112 0 0.000056982706 -0.000000043467857 2.6148262 -0.6414872 0 0 0.6414872 2.6148262 0 0.000056982706 0 0 17.004423 
113.5 16.49872 -0.000000007672552 0 0.000013659701 0.0000000043711257 1.4201977 -0.4133286 0 0 0.4133286 1.420198 0 0.000013659701 0 0 16.49872 
114.5 16.655758 0.000000026559897 0 -0.000013283467 0.000000072605246 0.16118172 -0.7824033 0 0 0.7824033 0.16118196 0 -0.000013283467 0 0 16.655758 
115.5 17.864098 0.000000009558333 0 -0.000008708084 0.000000007026164 -0.16032696 -1.2065748 0 0 1.2065748 -0.16032672 0 -0.000008708084 0 0 17.8641 
116.5 18.26664 0.000000011157928 0 0.000007989311 -0.0000000049031863 -0.72923946 -0.7298213 0 0 0.7298213 -0.72923946 0 0.000007989311 0 0 18.26664 
117.5 18.78685 0.0000000103484545 0 0.00010371984 0.000000029238386 -0.598773 -0.09637129 0 0 0.09637129 -0.5987725 0 0.00010371984 0 0 18.78685 
118.5 19.519306 -0.0000000110439 0 0.00021483464 -0.000000027192897 0.5121968 0.7067906 0 0 -0.7067906 0.5121968 0 0.00021483464 0 0 19.519306 
119.5 18.950947 -0.000000033761847 0 0.00029638913 -0.00000001719728 0.8937167 1.7255356 0 0 -1.7255356 0.8937161 0 0.00029638913 0 0 18.950947 
120.5 18.103035 0.000000036099607 0 0.00021707753 0.000000013517831 1.1700008 1.8397202 0 0 -1.8397202 1.170001 0 0.00021707753 0 0 18.103035 
121.5 16.657848 -0.0000000004843619 0 0.00017853419 0.0000000028234597 1.4313262 1.4458287 0 0 -1.4458287 1.4313262 0 0.00017853419 0 0 16.657848 
122.5 13.884018 -0.0000000013056966 0 0.00005133592 -0.00000003324252 1.0229521 1.0205365 0 0 -1.0205365 1.0229521 0 0.00005133592 0 0 13.884018 
123.5 11.160197 -0.000000023317234 0 -0.000037822763 0.000000016498511 0.87702644 0.2674868 0 0 -0.2674868 0.87702644 0 -0.000037822763 0 0 11.160197 
124.5 8.687365 -0.0000000068839694 0 -0.0000654901 -0.0000000067193873 1.0022788 0.041929305 0 0 -0.041929305 1.0022789 0 -0.0000654901 0 0 8.687365 
125.5 6.936381 0.000000003087847 0 -0.000085099615 -0.000000015303268 1.1844158 0.17123458 0 0 -0.17123458 1.1844158 0 -0.000085099615 0 0 6.936381 
126.5 6.565148 0.00000000040239378 0 -0.00007958152 -0.00000001763404 1.8389763 0.27490428 0 0 -0.27490428 1.8389763 0 -0.00007958152 0 0 6.565148 
127.5 6.661753 0.0000000012232749 0 -0.000025117282 0.000000038917808 2.4589245 0.64705116 0 0 -0.64705116 2.4589245 0 -0.000025117282 0 0 6.661753 
128.5 6.89804 -0.00000000813403 0 0.000016817186 -0.000000009095087 2.535517 0.52201104 0 0 -0.52201104 2.535517 0 0.000016817186 0 0 6.89804 
129.5 6.9436345 0.0000000049424833 0 0.000028696557 0.00000001704807 2.151342 0.19208997 0 0 -0.19208997 2.151342 0 0.000028696557 0 0 6.9436345 
130.5 6.6160507 -0.0000000017824987 0 0.000026280144 0.000000010400104 1.442229 -0.0059781987 0 0 0.0059781987 1.4422292 0 0.000026280144 0 0 6.6160507 
131.5 6.4521794 -0.000000002053051 0 0.0000084375415 -0.0000000031177294 0.8643247 -0.1960455 0 0 0.1960455 0.8643247 0 0.0000084375415 0 0 6.4521794 
132.5 6.4648714 -0.0000000057869 0 0.000010173508 0.00000001713113 0.8075279 0.004701885 0 0 -0.004701885 0.8075279 0 0.000010173508 0 0 6.4648714 
133.5 6.518277 0.000000004438589 0 -0.0000022616405 0.000000011680478 0.7847716 0.03836335 0 0 -0.03836335 0.7847715 0 -0.0000022616405 0 0 6.518277 
134.5 6.3235745 -0.0000000055367875 0 0.0000035321245 0.0000000030169665 0.41792887 -0.051115133 0 0 0.051115133 0.41792887 0 0.0000035321245 0 0 6.3235745 
135.5 6.10449 0.000000006354543 0 0.0000047463864 0.0000000046925055 -0.14822294 -0.10649426 0 0 0.10649426 -0.14822294 0 0.0000047463864 0 0 6.10449 
136.5 6.2391143 -0.000000008199342 0 0.0000046527916 -0.000000015445863 -0.8073778 -0.18164895 0 0 0.18164895 -0.8073779 0 0.0000046527916 0 0 6.2391143 
137.5 6.7306676 -0.0000000053300253 0 -0.000014614889 0.000000005462581 -1.1463813 -0.08673565 0 0 0.08673565 -1.1463813 0 -0.000014614889 0 0 6.730667 
138.5 7.1644053 0.00000001285824 0 -0.000007496555 0.000000012554478 -1.5567167 -0.112439774 0 0 0.112439774 -1.5567167 0 -0.000007496555 0 0 7.1644053 
139.5 7.124099 -0.000000025221926 0 -0.000008778134 -0.000000021407672 -2.2459128 -0.10568392 0 0 0.10568392 -2.2459128 0 -0.000008778134 0 0 7.124099 
140.5 7.0099998 0.000000004042109 0 0.0000030277554 0.000000014574864 -2.6705956 -0.057392836 0 0 0.057392836 -2.6705954 0 0.0000030277554 0 0 7.01 
141.5 6.7161956 0.000000015259348 0 -0.0000043012005 0.0000000040888475 -2.7708576 -0.023428995 0 0 0.023428995 -2.7708576 0 -0.0000043012005 0 0 6.716195 
142.5 6.0305586 -0.000000018123796 0 -0.00024994998 0.000000001056681 -2.3560224 -0.08562054 0 0 0.08562054 -2.3560224 0 -0.00024994998 0 0 6.0305586 
143.5 4.861324 0.00000000073710243 0 -0.00000786875 0.000000010935621 -1.75669 -0.19215026 0 0 0.19215026 -1.75669 0 -0.00000786875 0 0 4.861324 
144.5 3.712931 -0.0000000034226473 0 -0.0000112200105 0.0000000124923325 -0.9532895 -0.18125981 0 0 0.18125981 -0.9532896 0 -0.0000112200105 0 0 3.712931 
145.5 2.9846704 -0.00000000066260286 0 -0.000011953699 -0.0000000073675146 -0.078561515 -0.12981804 0 0 0.12981804 -0.078561515 0 -0.000011953699 0 0 2.9846704 
146.5 2.3876865 0.0000000015523695 0 -0.000012224168 -0.000000008383663 0.29409286 -0.06466314 0 0 0.06466314 0.29409286 0 -0.000012224168 0 0 2.3876865 
147.5 2.0621326 0.0000000021763433 0 -0.0000017309774 -0.0000000085476755 0.3380131 -0.0639135 0 0 0.0639135 0.3380131 0 -0.0000017309774 0 0 2.0621326 
148.5 1.9277508 -0.000000003774576 0 -0.0000015620672 -0.0000000061164833 0.17509665 -0.05078709 0 0 0.05078709 0.17509665 0 -0.0000015620672 0 0 1.9277507 
149.5 1.9554002 -0.000000000029212462 0 -0.0000036817414 -0.0000000069049273 0.12760474 -0.104678325 0 0 0.104678325 0.12760474 0 -0.0000036817414 0 0 1.9554002 
150.5 1.9137772 0.00000000005987549 0 -0.000009863649 -0.0000000115154615 0.07263482 -0.10884331 0 0 0.10884331 0.07263483 0 -0.000009863649 0 0 1.9137772 
151.5 1.8721374 0.00000000004370183 0 -0.0000051969846 -0.0000000004936848 0.01638119 -0.04910666 0 0 0.04910666 0.016381191 0 -0.0000051969846 0 0 1.8721374 
152.5 1.8119825 -0.0000000008902379 0 0.000005339753 -0.000000007481751 -0.07622282 -0.032158207 0 0 0.032158207 -0.07622282 0 0.000005339753 0 0 1.8119825 
153.5 1.7084619 0.00000000044931292 0 0.000004360514 0.0000000021859259 -0.2592902 -0.049268443 0 0 0.049268443 -0.2592902 0 0.000004360514 0 0 1.7084619 
154.5 1.7681524 -0.00000000059983957 0 -0.000009994999 0.0000000045481845 -0.3589999 -0.06444707 0 0 0.06444707 -0.35899988 0 -0.000009994999 0 0 1.7681524 
155.5 1.8679818 0.0000000022104978 0 -0.000007585191 0.000000005776234 -0.6191579 -0.0681855 0 0 0.0681855 -0.6191579 0 -0.000007585191 0 0 1.8679818 
156.5 2.0018356 -0.00000000027067854 0 -0.00000149127 0.0000000012382735 -0.9538235 -0.09658358 0 0 0.09658358 -0.9538235 0 -0.00000149127 0 0 2.0018356 
157.5 2.0675206 0.0000000026900233 0 0.0000058344012 0.0000000049317674 -1.1760274 -0.058666628 0 0 0.058666628 -1.1760274 0 0.0000058344012 0 0 2.0675206 
158.5 1.9737225 0.0000000024919604 0 0.000009040373 0.0000000009414203 -1.2589536 -0.017938524 0 0 0.017938524 -1.2589535 0 0.000009040373 0 0 1.9737225 
159.5 1.7179105 0.0000000006147528 0 -0.0000028460324 -0.0000000021102495 -1.2118266 0.0029190541 0 0 -0.0029190541 -1.2118266 0 -0.0000028460324 0 0 1.7179105 
160.5 1.3633578 -0.00000000050892834 0 -0.0000015496489 -0.00000000056505733 -1.0189189 0.016623642 0 0 -0.016623642 -1.0189188 0 -0.0000015496489 0 0 1.3633578 
161.5 0.9367558 0.00000000039204817 0 -0.00000077801377 -0.00000000009603588 -0.7214076 0.027308688 0 0 -0.027308688 -0.7214076 0 -0.00000077801377 0 0 0.9367557 
162.5 0.5518298 -0.00000000025236943 0 0.0000008288099 -0.0000000008241078 -0.4150604 0.026027631 0 0 -0.026027631 -0.4150604 0 0.0000008288099 0 0 0.5518298 
163.5 0.2817601 -0.00000000081080104 0 0.00000058420005 -0.0000000010197961 -0.1829533 0.0153587395 0 0 -0.0153587395 -0.18295328 0 0.00000058420005 0 0 0.2817601 
164.5 0.11343025 0.00000000009219285 0 -0.00000019380666 -0.00000000015505558 -0.06498775 0.0100321835 0 0 -0.0100321835 -0.06498775 0 -0.00000019380666 0 0 0.11343025 
165.5 0.05817921 0.0000000000086514945 0 0.000000079416715 0.000000000008984837 -0.003343837 0.0013616206 0 0 -0.0013616206 -0.003343837 0 0.000000079416715 0 0 0.05817921 
166.5 0.042597804 0.000000000027768019 0 0.00000034877476 -0.000000000053505207 0.006429025 -0.0009912264 0 0 0.0009912264 0.0064290254 0 0.00000034877476 0 0 0.042597804 
167.5 0.04198348 0.000000000070516315 0 0.00000018691246 0.00000000009283473 -0.011472383 0.0026460344 0 0 -0.0026460344 -0.011472383 0 0.00000018691246 0 0 0.04198348 
168.5 0.046935435 0.000000000024556048 0 -0.0000004512248 0.00000000006583159 -0.01431735 0.0019361126 0 0 -0.0019361126 -0.01431735 0 -0.0000004512248 0 0 0.046935435 
169.5 0.030228091 -0.000000000035474065 0 -0.0000011845634 0.000000000009289688 -0.013422305 -0.00046111774 0 0 0.00046111774 -0.013422305 0 -0.0000011845634 0 0 0.030228091 
170.5 0.021340832 -0.000000000026444505 0 -0.00000016024809 0.000000000022454354 -0.0014629612 0.0011504119 0 0 -0.0011504119 -0.0014629612 0 -0.00000016024809 0 0 0.021340832 
171.5 0.011266178 0.0000000000067795483 0 -0.00000017289607 0.00000000001033525 -0.0007944117 -0.00029571616 0 0 0.00029571616 -0.0007944117 0 -0.00000017289607 0 0 0.011266178 
172.5 0.0078262035 -0.0000000000044468305 0 0.00000008685335 -0.000000000005079793 0.0010706055 0.0008503462 0 0 -0.0008503462 0.0010706055 0 0.00000008685335 0 0 0.0078262035 
173.5 0.007988456 0.0000000000042206616 0 -0.00000039008637 -0.0000000000072222744 0.0024287158 -0.0000127155035 0 0 0.0000127155035 0.0024287158 0 -0.00000039008637 0 0 0.007988456 
174.5 0.0050550415 -0.000000000004942771 0 -0.00000017169349 -0.00000000000016876264 -0.001305227 -0.00048575207 0 0 0.00048575207 -0.0013052269 0 -0.00000017169349 0 0 0.0050550415 
175.5 0.004657153 -0.0000000000030818494 0 0.0000000482851 -0.000000000009302347 -0.0007210708 0.00032626203 0 0 -0.00032626203 -0.0007210708 0 0.0000000482851 0 0 0.004657153 
176.5 0.0022757093 0.00000000000036005164 0 -0.000000089075485 -0.0000000000016556572 -0.0007289267 -0.0000060319608 0 0 0.0000060319608 -0.0007289267 0 -0.000000089075485 0 0 0.0022757093 
177.5 0.0009237648 -0.0000000000002770558 0 -0.00000008302272 -0.0000000000012007057 -0.00007961476 -0.000016259513 0 0 0.000016259513 -0.000079614765 0 -0.00000008302272 0 0 0.0009237648 
178.5 0.00022925781 -0.00000000000029400015 0 0.00000011516774 -0.00000000000013228714 -0.00002142435 -0.000090793365 0 0 0.000090793365 -0.00002142435 0 0.00000011516774 0 0 0.00022925781 
179.5 0.000033510463 0.00000000000000056629574 0 -0.000000023439787 0.000000000000030329438 -0.000002255712 -0.000003552778 0 0 0.000003552778 -0.000002255712 0 -0.000000023439787 0 0 0.000033510463 
