0.25 20586018 -73.58569 -206.27472 -3805.4495 -68.608154 20585512 -39807.83 216.91888 -189.27101 39807.824 20585516 837.20984 -4253.739 -219.52106 -838.78534 20585122 
0.75 16509657 -359.36392 -1552.9423 -2961.4883 -320.3208 16509034 -34743.855 1724.9668 -1410.3807 34743.863 16509037 6298.7056 -3331.657 -1745.9391 -6316.2637 16508823 
1.25 10356755 249.82358 -2936.612 -1643.2479 334.58368 10355917 -27254.803 3673.5398 -2591.6455 27254.996 10355896 11876.932 -1876.4104 -3719.9082 -11940.156 10355999 
1.75 4795210.5 2763.156 -2988.4258 -342.67648 2885.6567 4794102.5 -20670.96 4555.068 -2435.1194 20672 4794049.5 11743.831 -415.49744 -4616.5435 -11893.669 4794526 
2.25 1547008.1 6817.783 -1511.0239 613.7107 6973.4243 1545654.3 -16746.855 3334.972 -804.0101 16750.557 1545558.4 4777.874 682.9793 -3386.0737 -5044.0435 1546357.6 
2.75 662411.06 10897.557 498.45425 1126.7954 11097.423 660925.25 -14874.051 111.26623 1271.274 14883.929 660808.75 -4551.4893 1288.852 -120.3707 4178.6216 661762 
3.25 1021594.75 13547.999 1904.6438 1186.3218 13804.701 1020139.7 -13156.602 -3916.7632 2646.101 13176.652 1020037.56 -10089.166 1384.7605 3975.0728 9668.385 1020933.94 
3.75 1421719.8 14228.424 2400.0342 752.4496 14531.417 1420430.1 -10210.753 -7162.911 3018.096 10242.331 1420369 -8921.4375 946.5345 7296.5737 8538.266 1421055.5 
4.25 1327707.5 13136.607 2470.3633 -160.4573 13445.679 1326620.9 -6140.0005 -8560.855 2891.2505 6178.548 1326598.3 -3140.4795 11.5193405 8753.923 2864.508 1327051.4 
4.75 878914.7 10631.004 2614.68 -1300.0818 10895.8545 877978 -2133.021 -8053.58 2802.92 2168.62 877963.6 2480.051 -1154.437 8267.435 -2628.0088 878278.06 
5.25 435602.06 7100.624 2784.0066 -2168.8455 7286.453 434735.56 629.57184 -6406.7188 2763.0916 -607.181 434695.3 4353.5913 -2053.9646 6590.3228 -4401.275 434988.63 
5.75 192987.23 3241.0857 2577.3118 -2318.5132 3339.4736 192161.86 1718.6012 -4608.066 2432.0117 -1713.8846 192082.56 2266.8445 -2243.7524 4715.031 -2261.6658 192405.7 
6.25 121227.14 60.694153 1815.4479 -1720.2708 85.63783 120474.61 1440.6788 -3324.5942 1662.2617 -1450.1718 120374.07 -1314.4785 -1693.686 3330.8884 1337.3243 120695.55 
6.75 113668.68 -1626.3019 783.3245 -820.12427 -1645.0294 113026.67 420.36963 -2701.0852 717.824 -436.0573 112937.99 -3581.9648 -840.1875 2615.801 3612.5679 113208.664 
7.25 110020.984 -1713.1632 -58.977837 -181.43541 -1735.5223 109471.734 -717.1938 -2475.352 -6.9948463 702.3631 109418.98 -3302.097 -235.4465 2339.1763 3347.7039 109642.51 
7.75 103015.54 -774.1784 -478.7752 -31.910046 -761.8354 102483.91 -1470.6729 -2241.855 -350.86633 1459.6871 102464.625 -1158.6168 -101.5334 2113.1353 1227.2677 102705.81 
8.25 94032.3 396.71454 -551.83093 -148.58307 461.1334 93442.39 -1590.0347 -1724.056 -421.3514 1582.358 93429.37 1213.2249 -216.76682 1657.0465 -1124.3108 93759.71 
8.75 76864.98 1194.9208 -451.52124 -166.07077 1296.0715 76196.516 -1236.192 -948.4612 -366.79395 1229.961 76156.266 2472.5317 -220.80052 971.70483 -2378.6318 76595.98 
9.25 52128.12 1347.6538 -275.35187 38.375233 1447.6833 51422.027 -918.0929 -219.2214 -227.19025 911.884 51334.152 2253.7935 3.2884398 323.76782 -2175.4946 51842.99 
9.75 33291.09 939.73926 -70.74121 274.56888 1004.6221 32609.828 -1076.0226 119.025696 -6.5913324 1069.805 32475.654 1089.2909 259.47995 26.397488 -1041.2861 32989.113 
10.25 32026.98 393.4364 85.32164 306.22556 413.6726 31409.313 -1632.1237 -36.515594 215.3406 1627.4412 31246.715 -116.41685 305.77444 174.29317 132.89053 31719.45 
10.75 44856.2 244.79308 118.32776 123.11062 236.24722 44299.004 -2011.0955 -463.12387 321.54294 2010.0486 44129.695 -650.0268 127.625786 564.28564 644.8395 44555.207 
11.25 57887.348 717.5717 47.39443 -74.27644 707.92804 57356.652 -1696.3882 -803.96594 283.78802 1699.7006 57194.996 -333.0459 -75.4079 871.69257 316.94046 57597.87 
11.75 60712.715 1475.593 -19.598452 -117.59763 1489.7444 60171.383 -776.05896 -847.77985 191.35107 782.083 60020.36 456.48538 -131.5235 905.1541 -479.72488 60431.06 
12.25 52882.97 1890.9987 1.7522315 -42.786762 1941.152 52320.598 106.5556 -640.3878 146.68849 -100.285995 52175.707 1076.3508 -69.74798 703.7751 -1107.7119 52602.008 
12.75 40188.26 1611.6771 96.39571 -8.229061 1691.6251 39634.61 351.58466 -370.46555 171.94496 -345.58096 39491.652 1070.7097 -41.254436 431.5995 -1107.9733 39906.258 
13.25 28957.17 843.2088 193.70009 -82.19764 929.74963 28464.111 -77.70732 -193.82327 227.97263 85.585594 28324.963 477.52496 -111.05065 225.6878 -512.3465 28683.453 
13.75 23316.379 86.96884 250.00797 -155.64633 152.7323 22915.938 -712.2749 -162.13458 282.11337 724.2455 22787.658 -247.65987 -173.57133 142.34491 224.18324 23067.514 
14.25 23945.65 -319.3689 261.38162 -73.312965 -287.99628 23619.227 -1061.114 -254.75992 321.24374 1076.4363 23507.545 -620.75995 -82.09154 185.79857 611.9506 23733.293 
14.75 27496.889 -382.43317 223.28711 175.45218 -378.40952 27186.172 -982.15735 -414.05978 321.19363 997.2692 27089.95 -481.6266 166.74379 324.25558 486.41013 27317.43 
15.25 28687.072 -294.11798 127.187355 422.57208 -301.4001 28337.717 -649.7274 -549.9183 254.24966 661.66364 28249.893 -28.156874 405.1334 475.60776 46.401497 28522.93 
15.75 24751.64 -221.44386 3.3123722 480.67303 -232.27966 24349.08 -301.95154 -564.6268 138.80107 311.5635 24262.918 413.8201 454.03458 527.3584 -381.02533 24583.432 
16.25 17830.41 -236.14346 -73.47648 323.30075 -254.53708 17399.875 -76.544754 -418.74805 47.367607 88.421135 17313.664 617.6871 296.8467 413.24698 -574.4059 17649.43 
16.75 12388.674 -322.07394 -51.375374 96.851944 -351.06088 11969.467 -4.0387616 -173.82881 38.187054 23.307676 11885.847 524.6312 83.18024 174.13553 -484.0651 12199.871 
17.25 10648.73 -382.95868 35.278843 -40.05815 -412.89938 10269.743 -40.43053 47.713043 89.5378 68.973694 10191.206 212.39995 -34.486927 -69.10121 -190.84097 10463.879 
17.75 11137.3125 -302.8681 94.24096 -70.524155 -315.87064 10805.567 -86.61807 151.46512 122.291565 121.05626 10731.093 -147.10362 -49.974552 -206.0994 142.01247 10965.132 
18.25 11222.133 -75.10705 68.627914 -101.24358 -60.50061 10920.367 -44.612473 124.28397 84.97048 77.032425 10845.147 -360.4273 -77.28496 -204.8063 335.84302 11062.024 
18.75 9981.207 145.35063 -10.492935 -203.95045 181.13939 9675.346 96.32449 18.331835 1.59865 -75.06842 9592.901 -337.80817 -187.2985 -110.158035 310.54327 9823.624 
19.25 8393.943 179.10439 -62.78296 -307.5033 217.64703 8055.932 244.82117 -94.709694 -61.12772 -240.72342 7961.569 -171.74855 -301.47412 0.78733695 157.24887 8227.347 
19.75 7619.172 14.880797 -37.424446 -272.94467 39.48899 7254.1636 299.15384 -158.52826 -58.356712 -311.93967 7148.7813 -54.423508 -273.045 65.36386 58.876865 7439.7236 
20.25 7804.6567 -180.68954 45.545628 -66.64275 -174.49655 7454.222 241.49026 -151.58595 0.3067727 -264.60474 7345.9956 -95.4752 -66.01233 64.29362 115.03467 7621.5093 
20.75 8323.598 -250.94223 114.668236 173.88817 -254.85013 8032.3037 129.35753 -94.461205 62.37763 -153.025 7933.542 -236.01913 178.07478 25.346653 261.24023 8154.009 
21.25 8551.171 -197.61974 101.661835 264.4941 -198.84746 8324.462 21.184416 -32.72404 68.5987 -36.976227 8244.781 -340.6484 269.11993 -5.305337 362.3355 8408.306 
21.75 8269.699 -126.318 -4.791688 152.4766 -118.55448 8065.675 -59.05811 1.7544129 -3.6007838 54.095257 8006.9824 -336.06387 152.4764 -6.4643683 349.30606 8153.4087 
22.25 7611.4473 -100.58662 -139.71664 -45.993454 -89.051254 7376.0967 -98.96886 14.17232 -112.038956 100.519295 7333.474 -241.45381 -51.74268 2.2066135 246.35156 7509.86 
22.75 6808.122 -102.277145 -200.68658 -172.7299 -97.48982 6518.46 -85.10546 27.795624 -170.05551 83.89673 6485.0596 -109.11704 -179.57614 -9.7628145 108.49525 6707.3022 
23.25 5975.7656 -105.10601 -128.69823 -166.36076 -110.35947 5651.433 -26.168598 48.023582 -116.35977 14.28324 5622.184 10.564087 -168.0151 -43.933018 -13.918447 5868.2407 
23.75 5128.469 -116.981834 35.682453 -77.7115 -122.87293 4808.028 38.605835 56.422386 24.715092 -61.2474 4779.8657 62.182697 -72.37131 -71.78614 -66.38899 5014.827 
24.25 4391.527 -139.02922 180.016 11.630779 -132.80899 4101.065 74.42265 37.55419 157.80157 -99.00509 4071.5562 13.2128105 19.03087 -69.08244 -16.456951 4276.623 
24.75 4042.1418 -138.62875 212.29552 55.459435 -119.547264 3781.148 79.66024 -2.187274 196.83167 -94.71062 3747.3943 -85.15889 56.937572 -39.673607 85.545944 3929.86 
25.25 4158.9624 -96.89071 131.91801 47.195755 -80.168106 3907.1646 65.44738 -45.74917 131.79742 -65.577614 3864.8372 -114.70066 38.07097 -4.549162 122.472984 4047.8586 
25.75 4324.267 -50.25505 17.717806 4.9942536 -53.70666 4059.6409 22.764193 -81.82563 23.684378 -12.492761 4002.4863 -16.497202 -12.246672 20.02202 36.42469 4206.067 
26.25 3967.1443 -47.62787 -44.568527 -31.63128 -74.17025 3683.242 -65.18482 -101.70871 -52.249657 75.485214 3605.3962 118.334625 -48.626793 27.33429 -81.61465 3830.5598 
26.75 3092.913 -84.198586 -24.800472 -20.405888 -118.16176 2804.0244 -180.13083 -91.065384 -55.97871 182.3244 2705.628 133.00963 -28.100203 14.379133 -78.58668 2932.0815 
27.25 2445.266 -115.14202 42.938118 37.851524 -135.74854 2172.8513 -261.50565 -41.11812 4.0035625 255.39233 2064.099 -17.689531 43.7744 -16.133106 82.65688 2266.2869 
27.75 2751.9402 -123.66858 96.59736 79.470505 -122.32243 2501.2551 -253.12354 32.12304 83.96935 245.95464 2398.9543 -213.91306 96.34197 -50.93232 274.35532 2570.6858 
28.25 3904.7112 -129.98976 93.35069 33.35458 -116.15536 3654.4734 -151.94273 92.115524 131.12085 152.40341 3571.7405 -304.03998 53.62742 -74.71523 344.671 3736.7122 
28.75 5043.005 -129.09998 37.949215 -94.499954 -121.24665 4761.9106 -10.936167 110.033516 115.2905 21.688482 4699.16 -255.14757 -78.48371 -84.766716 270.9702 4893.715 
29.25 5386.0103 -73.55065 -24.382515 -208.78896 -83.80223 5061.793 96.41716 83.76077 49.017273 -82.00766 5006.4775 -153.7211 -200.64136 -88.52682 154.11777 5248.641 
29.75 4854.336 46.016193 -46.562885 -210.61745 21.246489 4505.4756 118.024734 29.791904 -24.515852 -111.318436 4440.4473 -97.44871 -208.8259 -85.41344 99.58721 4715.1426 
30.25 3984.4944 138.8973 -19.878931 -91.03535 114.986565 3643.0212 53.40486 -32.121105 -68.50537 -60.577866 3557.3022 -127.060425 -91.101456 -62.36077 143.9552 3831.0793 
30.75 3474.454 92.74838 20.693907 66.08243 82.402084 3159.5898 -40.609505 -81.72094 -78.22356 25.176823 3055.3828 -235.811 68.006134 -14.887928 268.51544 3303.2498 
31.25 3779.01 -80.63145 31.496847 164.45271 -80.15491 3488.7764 -85.61329 -99.4344 -71.92902 75.34903 3381.224 -378.69907 168.62334 35.85572 417.5903 3598.7944 
31.75 4807.999 -223.80205 0.3436612 169.04535 -229.0256 4532.287 -46.142406 -81.18565 -64.686356 50.250935 4440.991 -461.17325 171.7564 59.757347 494.0148 4635.633 
32.25 5833.8794 -185.90024 -46.501442 111.039665 -210.61761 5568.644 34.678947 -50.145546 -57.12104 -19.755444 5504.0303 -385.08606 107.78737 50.723278 405.61423 5681.7607 
32.75 5942.739 22.16376 -71.52824 44.06328 -17.267696 5688.7466 74.849144 -37.556923 -44.04072 -61.25935 5641.8564 -163.51404 34.96267 30.592066 174.82414 5805.7764 
33.25 4915.5786 242.78036 -56.936638 4.2495527 209.91061 4667.241 35.38606 -44.40267 -23.831697 -30.251877 4612.1997 31.52716 -2.7728422 14.718464 -21.28775 4769.577 
33.75 3640.916 322.24258 -14.993294 -1.6806355 313.7388 3382.5583 -40.92257 -32.25815 0.7635023 45.296658 3292.4998 -2.0671453 5.1848955 -16.081106 15.67361 3456.5435 
34.25 3366.2512 224.69133 21.62967 11.716188 236.41794 3082.214 -74.56647 35.22555 21.44133 96.08895 2948.09 -296.15555 37.542873 -94.39821 308.85745 3129.4675 
34.75 4430.6885 24.240477 19.324923 24.31739 32.27585 4118.328 -28.406504 142.12152 21.156307 78.635445 3957.6785 -660.62384 58.651 -213.20172 664.499 4155.461 
35.25 5893.337 -158.47617 -32.514824 24.691895 -176.51175 5565.012 58.10297 220.55446 -15.642911 11.536567 5415.0444 -842 45.285885 -303.87643 836.45966 5618.2646 
35.75 6483.614 -201.52356 -103.13263 13.379301 -246.40552 6156.215 105.34879 207.46884 -76.70234 -44.39835 6053.1733 -726.4586 3.9133222 -283.7063 722.2329 6251.7134 
36.25 5759.245 -31.856176 -130.2325 -6.3610682 -82.27765 5442.0254 64.34204 103.83334 -110.6184 -37.624744 5392.0884 -412.36258 -37.818417 -139.77396 421.0354 5585.018 
36.75 4292.636 285.57135 -70.088776 -35.68294 254.82375 3983.4404 -30.548168 -18.071499 -62.70484 26.776999 3936.9343 -149.93782 -56.352936 30.099018 168.716 4130.245 
37.25 3057.3174 497.00235 43.40252 -74.21887 495.16464 2747.264 -64.88663 -64.54933 61.045017 72.33926 2600.1287 -228.57011 -50.767387 73.78038 239.11023 2798.5403 
37.75 2944.6006 278.23 94.770485 -113.34685 293.0014 2623.9275 82.8324 10.21379 169.2218 -8.580187 2269.807 -817.8994 -43.86382 -88.48106 804.7915 2473.5117 
38.25 4585.97 -482.81506 -28.892391 -147.32689 -473.87918 4245.808 429.61942 161.99648 144.63719 -264.7112 3666.7988 -1764.0363 -71.93995 -368.84732 1735.1307 3876.577 
38.75 7891.7334 -1455.9783 -319.3882 -190.10767 -1467.2278 7523.5547 827.05896 273.31638 -49.700073 -610.5059 6852.1274 -2515.0938 -164.363 -548.6106 2499.7725 7074.79 
39.25 11424.348 -1957.4392 -607.69885 -263.4368 -1983.7086 11021.403 1037.8467 231.06006 -315.0445 -854.9655 10489.064 -2424.6196 -310.76395 -448.41132 2447.9407 10734.5625 
39.75 12832.106 -1411.2405 -671.4206 -354.80432 -1431.2113 12392.791 924.98737 21.31524 -475.3255 -846.4561 12152.066 -1368.1416 -437.96484 -102.754234 1425.783 12425.03 
40.25 10889.672 94.930374 -425.05472 -399.7553 103.33231 10418.392 595.06 -236.9899 -411.7723 -617.91364 10351.811 -133.85129 -441.27115 229.24551 193.93835 10648.694 
40.75 7446.0313 1630.1748 -27.012678 -335.79266 1674.0745 6949.33 341.68207 -370.3 -161.38579 -385.63547 6648.4653 -25.733782 -277.04315 263.12238 56.044647 6964.837 
41.25 6733.0986 1925.7863 218.53607 -189.78207 1993.2684 6214.4443 414.23654 -293.5512 108.269196 -382.9754 5221.299 -1787.6473 -41.414085 -55.62536 1780.6439 5559.941 
41.75 11826.591 366.12567 109.127365 -94.52614 435.65604 11284.917 813.9256 -90.969 229.45613 -671.86694 9467.297 -4735.318 66.99249 -478.17145 4707.547 9835.383 
42.25 21365.012 -2268.1208 -270.83612 -183.35507 -2214.575 20797.23 1297.4095 54.61855 157.86618 -1094.8993 18556.145 -7008.1284 -93.104546 -654.6764 6978.934 18953.9 
42.75 29978.822 -4079.6543 -608.59625 -446.62207 -4051.0962 29382.9 1568.6257 27.301003 -15.060692 -1394.1592 27454.035 -6936.139 -455.8579 -443.31302 6910.807 27869.531 
43.25 32459.262 -3416.9177 -630.57544 -702.5357 -3416.7546 31836.213 1480.4463 -124.00565 -160.05804 -1386.4044 30758.648 -4456.5776 -767.7081 -35.791378 4429.7964 31177.309 
43.75 28002.547 -346.72073 -338.46127 -740.2731 -376.76276 27357.793 1102.0775 -255.63379 -213.98705 -1073.732 27007.06 -1331.6188 -789.9407 227.00241 1301.7456 27426.313 
44.25 20764.693 3107.4348 10.107652 -517.5982 3048.8079 20107.418 652.4491 -288.7929 -190.1887 -643.9216 19714.559 131.75488 -512.73914 172.11191 -158.21396 20147.328 
44.75 16403.084 4421.1797 156.29454 -216.62231 4343.0596 15740.686 377.3473 -280.49255 -108.10669 -369.26593 14455.552 -1121.2805 -173.00682 -67.4536 1101.8693 14918.065 
45.25 17743.057 2637.7427 76.05675 -83.06248 2554.9216 17073.633 421.77676 -328.30457 49.925774 -435.83215 14651.127 -4055.5923 -42.659912 -220.80739 4032.9653 15146.998 
45.75 23065.219 -769.7532 -34.728714 -189.541 -845.9618 22377.645 730.77344 -426.13693 285.90054 -788.1314 19409.744 -6380.601 -177.98859 -163.92326 6336.092 19924.84 
46.25 27971.705 -3103.332 3.2046957 -362.55734 -3173.6492 27257.09 1044.9075 -451.0042 504.83026 -1122.2551 24732.477 -6370.571 -377.12714 -17.935804 6296.189 25244.203 
46.75 28925.37 -2682.7813 158.4635 -365.33887 -2760.6616 28187.73 1052.5125 -312.61472 542.8097 -1096.0664 26742.23 -4156.95 -396.3898 27.721872 4066.4778 27236.05 
47.25 25610.014 -111.07995 244.22318 -165.08861 -215.18564 24861.25 637.3856 -95.44243 327.37732 -628.537 24351.373 -1455.2665 -214.49297 -53.062706 1374.5239 24832.086 
47.75 20603.799 2502.4658 152.06897 7.385413 2358.9412 19846.725 19.494625 -14.954234 9.856661 -18.362085 19570.195 -79.00009 -61.871105 -106.36046 25.565414 20057.37 
48.25 17074.217 3466.3738 -7.940854 -93.65437 3285.676 16295.857 -373.86246 -206.98897 -119.12236 268.8047 15594.654 -602.46173 -160.8563 -8.694128 577.32666 16103.243 
48.75 16574.041 2706.0479 -23.316395 -411.7262 2511.9504 15760.182 -249.77914 -567.83026 96.92235 -1.0882797 14449.166 -2245.6072 -439.58096 160.78966 2242.5476 14973.187 
49.25 18524.459 1314.2582 176.54681 -571.34125 1148.3042 17677.201 267.57584 -825.4024 486.06784 -589.74023 16002.655 -3806.4358 -551.6835 208.56766 3821.5662 16523.006 
49.75 21268.809 279.15186 425.10977 -250.6859 181.42162 20402.936 676.8158 -787.51337 675.90643 -935.2175 18724.896 -4571.352 -233.44296 80.005844 4595.675 19237.982 
50.25 23320.871 -147.32318 483.0913 409.10934 -166.29976 22445.031 484.49316 -519.9041 461.56027 -600.6424 21020.018 -4452.2534 355.06982 -41.63443 4457.759 21552.182 
50.75 23796.143 -34.968864 285.38843 835.2166 -9.090975 22908.832 -343.24835 -275.90356 40.890724 327.49536 21882.83 -3630.6045 706.02466 59.86106 3578.1814 22461.453 
51.25 22354.662 757.1165 5.363805 556.7464 767.3124 21464.623 -1261.641 -243.86292 -163.65436 1239.0153 20867.295 -2432.078 447.42432 347.6693 2308.7717 21472.434 
51.75 19447.902 2278.161 -122.48604 -259.39093 2230.3794 18583.764 -1566.6122 -375.7321 51.34015 1477.0696 18173.688 -1563.933 -234.18553 536.2543 1411.5753 18734.678 
52.25 16766.885 3744.7168 -21.631512 -878.0768 3650.251 15946.475 -1069.1984 -456.74823 426.8107 948.98645 15110.451 -2050.332 -715.76227 422.75565 1943.5629 15573.477 
52.75 16783.145 3629.6028 189.32837 -696.3004 3543.6406 15967.592 -402.48114 -338.36676 488.45987 323.96368 14008.048 -4414.73 -546.0894 172.05948 4395.0396 14414.364 
53.25 20892.537 1037.5471 347.55655 100.49239 1008.4018 19991.082 -530.17554 -87.79513 56.027977 511.4085 16751.11 -7743.3486 60.061363 172.53055 7773.875 17229.72 
53.75 27571.62 -2894.5342 392.96228 653.7378 -2871.5854 26517.742 -1779.4928 90.599075 -530.3836 1771.2114 22770.188 -9864.451 393.368 570.8445 9861.611 23429.703 
54.25 32704.389 -5350.052 362.61258 287.2854 -5327.0234 31534.12 -3341.2097 63.849358 -738.6714 3298.432 28580.146 -8976.111 -29.257751 1024.6237 8893.829 29401.178 
54.75 32625.533 -4121.2954 292.5637 -737.2087 -4145.013 31466.264 -3901.532 -118.54471 -403.1365 3837.8047 30094.258 -5466.2603 -910.33075 1034.8258 5343.8335 30938.348 
55.25 26986.58 215.17155 178.65404 -1427.7601 151.06041 25952.975 -2882.9727 -282.45682 100.771576 2837.953 25664.459 -1907.7318 -1421.9733 509.32666 1827.3973 26398.738 
55.75 19828.098 4397.762 56.46917 -1032.9891 4341.835 18915.94 -1178.9691 -312.04456 248.86876 1133.3975 18202.49 -1219.6959 -1006.43933 -19.126976 1212.9299 18821.193 
56.25 15984.035 5153.783 44.48412 132.66 5141.0073 15077.822 -337.0651 -199.93068 -64.491516 205.84671 12641.886 -4049.168 13.386494 55.0266 4061.9885 13258.373 
56.75 17423.182 1965.3871 246.3858 965.53424 1977.0839 16407.643 -1103.3462 1.5229872 -434.85706 833.0424 12262.469 -8200.562 719.738 743.36285 8156.088 12989.807 
57.25 21837.81 -2568.3562 587.8808 665.4495 -2583.6938 20706.47 -2685.4358 250.35826 -417.647 2350.3982 16174.386 -10461.82 481.68146 1379.3365 10350.846 17016.352 
57.75 24903.738 -5057.5522 806.12384 -469.21686 -5126.481 23763.508 -3558.6018 501.5629 -26.998972 3325.5916 20391.33 -9273 -444.67117 1286.0676 9166.453 21244.723 
58.25 23920.885 -4103.138 668.7732 -1367.5166 -4200.5513 22892.633 -2952.0488 661.3547 295.35004 2926.2278 21286.127 -5817.733 -1198.5475 487.57608 5784.9624 22041.1 
58.75 19610.73 -1062.2166 221.72147 -1261.8259 -1146.235 18726.229 -1492.5194 623.9307 192.6587 1605.4791 18290.902 -2719.18 -1155.5261 -312.40723 2747.2747 18924.836 
59.25 14811.681 1567.4578 -215.68962 -377.5462 1501.6243 13999.813 -427.0694 384.36392 -213.47829 496.72675 13666.58 -1722.8381 -460.634 -457.35956 1731.5326 14249.46 
59.75 11784.429 2329.3955 -335.85916 418.7298 2242.317 10949.271 -371.43167 93.74696 -485.86707 279.20807 10091.249 -2529.9927 227.34831 24.244358 2464.3264 10710.99 
60.25 10663.122 1584.9163 -121.725296 533.1363 1441.2744 9771.863 -894.9322 -51.390575 -368.43182 694.1013 8511.224 -3569.582 420.10648 536.6553 3460.8662 9195.441 
60.75 10141.167 587.5238 168.76979 124.3911 401.83243 9241.066 -1201.5314 14.75691 -32.572567 1048.9896 8059.7446 -3645.7634 180.21332 584.3366 3572.4993 8760.877 
61.25 9136.22 154.89136 279.20868 -250.31168 -20.31292 8296.466 -988.69324 172.51817 172.21013 985.2367 7498.0815 -2796.1826 -105.28989 223.61462 2795.7126 8143.8506 
61.75 7641.566 222.73686 181.4145 -273.69382 95.44953 6887.876 -563.6725 253.47083 113.09532 675.85754 6423.784 -1813.813 -178.28662 -133.18347 1848.9825 6978.2876 
62.25 6247.076 343.2652 30.203445 -88.49305 254.57321 5551.438 -313.19772 210.04529 -48.1395 439.39294 5224.96 -1267.1661 -97.23438 -222.07657 1278.8748 5706.8516 
62.75 5289.5967 292.3992 -45.22324 18.461002 209.38753 4612.767 -275.26627 130.1453 -116.11407 356.0768 4319.268 -1092.4539 -46.37224 -130.04916 1066.5692 4770.2725 
63.25 4627.512 163.87796 -52.90807 -35.334396 71.9782 3957.1785 -257.0977 103.53661 -84.24105 304.1323 3718.8884 -943.57404 -96.43617 -62.70159 914.0166 4165.2305 
63.75 4024.329 97.34623 -58.096073 -127.68579 8.46628 3370.1987 -170.17702 116.78993 -67.178635 210.10205 3226.999 -668.6827 -177.50026 -68.10777 665.34326 3672.5986 
64.25 3453.2327 108.636024 -66.93033 -156.73856 32.355686 2819.7952 -103.671234 96.39042 -99.40933 131.71645 2757.8218 -378.23416 -212.16312 -55.190254 392.29935 3203.9 
64.75 2994.6907 150.88013 -37.652203 -144.98888 74.70074 2371.3164 -117.26382 25.064978 -102.037415 117.273834 2347.396 -203.17395 -197.05646 5.944452 208.33989 2805.2817 
65.25 2649.7314 200.90852 28.086086 -143.04303 107.45372 2026.9066 -128.32018 -31.48702 -29.453232 113.225136 2010.6814 -146.25996 -165.7569 30.76895 137.45956 2489.837 
65.75 2376.063 235.05998 66.530266 -131.32909 131.78342 1757.9923 -55.699627 -12.216953 43.36889 60.460613 1733.4092 -151.5627 -127.81985 -33.13589 148.88445 2225.998 
66.25 2205.024 207.22267 38.52725 -74.293 121.282135 1597.9468 28.659332 60.986526 25.259981 8.095012 1553.383 -193.71832 -80.99704 -109.783104 212.40771 2041.4197 
66.75 2169.646 115.27281 -12.305386 -8.222582 57.21892 1568.2927 -12.197976 114.288315 -56.379963 54.288677 1508.9436 -251.80164 -45.842655 -100.72651 284.05762 1983.2053 
67.25 2165.731 46.82928 -18.61131 -8.52226 -8.928247 1561.1384 -172.45763 110.73733 -89.67272 191.25104 1515.8665 -272.62042 -52.277027 -30.463028 303.30548 1979.9994 
67.75 2028.3728 84.78156 17.757315 -79.04298 -2.3876212 1428.4073 -284.27155 80.43568 -31.36805 286.78046 1417.7252 -230.1244 -94.127495 -10.694565 259.2924 1871.1058 
68.25 1777.0592 181.02687 32.325638 -134.48164 63.614937 1203.9808 -226.57896 70.592064 38.294754 242.70135 1202.3735 -190.75122 -126.842094 -77.51885 230.84511 1632.2935 
68.75 1626.9042 196.84416 -7.465523 -107.81898 88.32847 1090.3864 -81.02516 90.69986 28.690933 120.249695 1043.8606 -242.69627 -117.55975 -138.08928 297.489 1442.4297 
69.25 1714.2986 81.52387 -56.021454 -38.91428 15.190087 1194.7787 -28.26165 120.07627 -43.026035 67.39057 1082.9374 -371.0607 -85.75603 -105.1707 428.1083 1465.6613 
69.75 1880.3457 -52.252403 -55.545765 -19.564869 -86.58119 1348.4479 -122.73605 140.84232 -87.350845 138.3672 1213.1008 -455.27264 -77.243286 -20.746534 500.7057 1608.0348 
70.25 1852.9541 -70.45664 -17.104158 -73.327095 -112.327354 1302.5364 -237.70721 146.98344 -65.54403 236.25854 1202.6053 -414.38586 -106.452446 3.334638 447.7843 1619.3151 
70.75 1597.9473 13.023693 -3.3550878 -130.4122 -58.513138 1051.3595 -231.94771 135.82228 -27.892687 238.4129 1000.6576 -306.87988 -139.61847 -64.3413 337.8286 1419.2013 
71.25 1346.8712 68.55117 -40.40054 -121.61597 -15.958472 826.4 -112.55645 108.605606 -29.467897 137.07933 791.8197 -244.85242 -136.07512 -139.87341 279.74072 1189.2887 
71.75 1288.0797 27.841291 -83.14138 -61.810295 -40.336823 792.6913 -3.856487 84.159775 -56.6556 33.21861 746.3004 -251.96236 -95.677376 -143.68175 289.75693 1123.7891 
72.25 1352.26 -40.038486 -76.79406 -20.314537 -86.74252 865.2052 5.613552 88.97852 -59.841446 15.056256 817.2159 -255.77472 -56.548096 -99.26227 293.57922 1192.4954 
72.75 1354.859 -39.86962 -26.867865 -29.596828 -85.29357 868.56775 -56.646854 125.68444 -30.454157 73.44102 844.1181 -206.47533 -49.124542 -85.25879 242.3528 1220.7626 
73.25 1254.631 24.26034 12.439685 -54.933434 -35.279694 779.0587 -109.76822 163.75868 -8.948493 135.85277 780.2743 -144.38336 -64.274025 -125.25456 174.5919 1138.3203 
73.75 1165.6614 74.16252 6.008687 -51.91952 8.434274 714.4089 -114.67734 171.23553 -23.542677 151.2385 719.65344 -131.4705 -71.17438 -166.9352 151.24817 1040.4409 
74.25 1164.4052 69.79528 -28.985596 -24.404583 14.633832 740.3135 -90.328064 148.85838 -53.80264 125.845276 733.00586 -162.01378 -58.015736 -161.38048 172.52725 1023.25806 
74.75 1202.1519 44.758507 -53.912117 -9.843215 2.6426823 797.4288 -66.84515 123.83008 -63.219128 94.33931 780.8627 -178.99005 -43.16894 -122.94595 189.06499 1064.1923 
75.25 1219.022 40.704876 -51.409683 -24.166264 0.5163229 823.8457 -52.781887 117.05238 -45.2604 79.10306 808.3482 -157.91766 -45.9614 -100.93462 174.53818 1097.2249 
75.75 1238.2026 55.979538 -30.539814 -44.043217 12.598655 846.14484 -45.46727 126.1621 -22.465271 80.43633 834.6357 -131.10117 -59.231796 -116.75301 150.35667 1120.133 
76.25 1299.6534 69.604095 -7.409789 -43.686516 31.471756 910.0555 -45.180893 138.15814 -13.449021 87.7661 900.2237 -131.90439 -61.361454 -149.37912 144.09938 1167.6719 
76.75 1367.222 78.149284 5.870853 -27.302036 52.557404 987.7407 -48.921265 143.54765 -17.939127 89.15148 978.5854 -150.98114 -47.147728 -168.62888 154.17888 1223.2626 
77.25 1374.0901 86.67935 2.1587381 -14.250055 66.709755 1018.06396 -44.311333 135.87881 -28.165234 76.09768 1007.30145 -160.96957 -31.498875 -162.93108 164.47386 1231.8785 
77.75 1328.5109 87.629745 -15.057909 -6.8105783 61.558105 1003.3091 -24.416042 111.89301 -37.44843 50.957855 984.40955 -158.72336 -23.131855 -138.43558 171.73758 1189.6893 
78.25 1302.5939 74.43099 -27.735247 7.691805 43.917507 999.4419 -4.460052 80.24487 -36.50399 30.770752 969.2779 -161.282 -12.486581 -107.35946 182.54417 1155.5748 
78.75 1323.2354 62.15539 -18.902048 25.212143 41.50796 1024.4457 -8.849841 61.94341 -16.987806 34.233418 991.0692 -174.90808 4.5626307 -82.79614 196.5076 1163.5779 
79.25 1339.9379 68.5364 4.6503425 19.582268 64.683716 1038.8646 -37.583965 68.81769 13.289557 58.50495 1013.61365 -190.46376 8.650042 -73.82328 208.71313 1177.2616 
79.75 1314.3127 80.17026 16.327374 -18.675959 82.30958 1024.1748 -57.1014 84.3112 29.430407 74.24713 1006.4279 -203.79771 -16.886503 -78.3057 221.8938 1155.5466 
80.25 1282.4298 64.68701 2.9476185 -53.815525 59.591003 1020.65515 -35.59276 78.231705 15.279446 52.949448 998.1425 -219.49013 -48.833435 -83.426384 241.31577 1120.6156 
80.75 1290.9324 19.24473 -15.493681 -39.70724 10.870478 1056.3293 16.655659 42.274162 -13.459085 0.029536843 1022.9046 -232.63841 -41.552933 -76.52394 259.08014 1118.7482 
81.25 1314.1432 -17.413542 -10.390296 16.895563 -12.901669 1084.8539 55.67363 0.80966604 -23.071846 -47.872715 1050.9501 -227.36432 9.931405 -54.583878 259.2997 1139.9354 
81.75 1288.8567 -13.117041 16.628525 52.89129 8.6459 1044.1328 57.085587 -19.356813 0.06332441 -64.52701 1024.4739 -203.83852 49.91681 -24.591745 243.59137 1127.4838 
82.25 1217.2878 15.4292345 33.97265 23.643429 38.21798 956.593 47.320892 -20.858692 32.900394 -64.52381 951.8224 -190.62697 28.441792 1.4234878 237.0025 1067.845 
82.75 1177.4579 25.20406 22.627222 -36.335938 32.587795 915.3217 68.32445 -28.36325 42.80462 -82.267845 912.61115 -213.47792 -27.942451 12.641476 259.56497 1022.0043 
83.25 1216.7955 1.4578125 3.7937622 -52.885063 -0.70162773 963.03174 118.10126 -53.21667 25.485744 -124.028046 953.6401 -257.72888 -44.402126 8.171022 298.48703 1044.132 
83.75 1282.429 -28.529688 12.186747 -8.206268 -19.354298 1033.2544 147.21585 -79.78089 9.096893 -155.96796 1022.28564 -279.81207 2.3724387 2.3911748 320.10312 1103.0986 
84.25 1287.0627 -33.275322 48.286686 34.738384 -5.194683 1035.6863 123.327385 -89.639175 20.128405 -148.9539 1032.2686 -259.3714 49.675323 13.649236 308.9292 1118.3514 
84.75 1224.2329 -12.194611 74.38006 16.723412 18.088198 972.4227 78.94199 -89.09481 51.817993 -120.46144 975.66766 -225.62894 33.512756 42.444847 284.9696 1066.292 
85.25 1179.9512 10.633534 62.594128 -35.916664 24.299625 933.00775 72.179016 -101.1971 71.94873 -113.376144 932.7317 -222.03923 -20.796978 67.035866 278.80966 1015.7479 
85.75 1229.5923 15.1595745 33.084126 -46.939507 17.289816 983.48724 108.77973 -133.09787 61.220417 -138.0076 973.1232 -253.8391 -32.052975 69.10696 296.48752 1047.419 
86.25 1349.4542 2.2587547 30.243 2.6780868 16.076586 1091.7214 131.43423 -163.35683 37.94796 -156.57562 1075.6942 -283.82925 21.921452 58.810417 315.58197 1157.1107 
86.75 1441.9075 -10.811179 65.33684 44.900093 25.613647 1169.311 99.331116 -167.52737 37.601345 -137.31891 1156.6859 -279.51126 69.29523 62.70536 313.83652 1255.5844 
87.25 1436.7333 -6.705279 99.86107 18.518175 35.59057 1165.2614 49.090424 -150.26425 69.47296 -102.63392 1159.2382 -251.25691 43.562946 88.10813 294.4368 1261.7616 
87.75 1355.4995 13.7397 93.382996 -41.78818 37.874645 1104.8191 48.030724 -141.8529 101.98493 -100.77333 1100.5526 -235.40869 -20.212078 113.57666 279.35034 1183.428 
88.25 1282.2278 27.024876 56.193752 -49.477936 31.635496 1050.8997 97.71283 -161.6812 99.06784 -135.90714 1042.4827 -247.59814 -30.694473 120.337685 281.6553 1104.2787 
88.75 1278.544 10.007566 38.36796 12.1916065 17.69016 1043.2476 123.86174 -193.59152 66.53411 -156.29396 1030.7058 -266.11145 31.580667 119.01595 291.26627 1095.8835 
89.25 1327.0012 -27.453114 67.145065 59.852222 1.1332762 1070.4258 75.69275 -204.79074 48.958984 -123.652275 1059.1821 -263.77692 81.964554 131.23398 290.53894 1146.6925 
89.75 1353.949 -45.427593 111.83106 20.5608 -5.276165 1086.9724 2.9141636 -186.0626 75.337555 -71.424866 1080.9865 -244.47845 45.607685 152.91867 278.3701 1179.1558 
90.5 1264.2845 -2.893466 107.84069 -88.80733 9.843651 1022.88794 25.565702 -162.09737 129.41405 -84.676636 1016.69836 -240.0518 -61.619034 150.07408 271.61856 1092.4247 
91.5 1168.8217 -24.426369 55.521603 27.043053 -30.567123 922.7578 118.97057 -204.97282 64.76108 -151.94168 897.65643 -263.8108 45.776867 129.2454 278.4175 999.80646 
92.5 1298.1188 -87.75672 122.18843 -7.9532146 -68.59894 1024.2109 -13.232262 -176.37506 86.94677 -61.17705 1003.2728 -231.11813 11.269835 192.42216 250.39067 1132.5393 
93.5 1295.4333 18.03547 90.8947 -80.3038 -5.5940228 1039.7109 95.16012 -159.52756 133.25803 -137.05759 1007.249 -260.96155 -45.90216 131.41985 271.2146 1116.809 
94.5 1294.3146 -68.07342 88.28537 59.820736 -84.9054 982.16614 43.086643 -176.03204 49.83574 -79.52823 925.7238 -221.73256 75.18323 130.6455 222.32913 1123.4948 
95.5 1240.287 -91.02516 115.28682 -104.164986 -84.44299 944.23627 -80.82329 -104.16844 111.9946 24.287264 907.22156 -195.60547 -88.22886 175.51103 193.60408 1074.9072 
96.5 1043.3501 -16.122345 60.224007 -52.78801 -56.061718 740.1411 38.318546 -145.74417 87.485 -64.02087 686.55994 -217.05478 -24.161205 112.36804 216.9604 863.19135 
97.5 1025.0583 -77.31558 83.97741 35.718124 -92.92094 665.6365 -60.96809 -151.59457 48.07245 23.192167 605.08875 -144.47166 49.17203 145.67355 143.31857 866.0234 
98.5 1054.5295 -76.647354 65.008606 -118.207794 -91.893845 724.90204 -49.87531 -78.09669 102.22466 21.637503 687.8075 -201.76172 -109.92959 128.67 186.49667 898.9683 
99.5 1017.8059 -82.74617 37.349113 -10.085659 -143.86049 659.766 -11.199819 -123.66347 54.579887 -10.164336 610.1175 -164.31563 -3.5972922 95.98704 171.56136 859.7228 
100.5 925.4606 -65.29275 38.894005 -6.64021 -92.34209 540.1547 -115.89559 -79.728584 57.730087 90.59604 497.6962 -78.325195 -0.31811586 115.239876 88.083275 790.1058 
101.5 815.4545 -5.5911517 9.374823 -97.904816 -58.37711 445.67444 -79.96136 -61.998344 58.478886 67.17176 407.27216 -148.00325 -104.65734 83.33502 139.47778 667.1128 
102.5 831.6661 -55.87005 30.79653 -0.23092866 -132.8439 462.23596 -65.037834 -90.07731 53.316948 40.77855 415.5816 -127.37074 -10.261087 80.38261 160.80388 687.5612 
103.5 866.33527 -87.4485 3.987869 -24.868849 -131.45401 490.27554 -80.94982 -11.372616 49.00002 71.908966 445.54773 -54.116642 -37.10725 61.67572 75.75754 725.6013 
104.5 869.00146 -0.9699701 -2.4948246 -57.814693 -87.32711 473.81946 -74.007385 -49.01235 23.930841 64.30942 428.47314 -49.185608 -83.77176 48.545456 53.543747 719.25397 
105.5 836.128 -4.081629 36.686108 26.968267 -100.42712 420.62366 -84.13 -49.440834 67.68195 59.667427 380.93515 -58.155792 14.335182 39.414787 97.74982 693.96136 
106.5 682.61346 -7.8190775 -7.3029137 -11.010707 -77.70856 286.8231 -83.798225 -0.55255795 32.8425 80.37487 242.1798 -66.78033 -44.08703 3.3114693 84.438995 528.52386 
107.5 684.08575 -16.12672 2.4702072 -25.741245 -139.94595 270.95944 -73.77044 -46.393265 10.414338 57.877663 211.56366 -4.5195007 -67.00779 12.649658 21.145 513.9117 
108.5 866.9587 55.27282 31.843626 4.6493764 -74.516685 393.7957 -53.48953 -34.616333 55.180527 35.850555 332.252 79.555756 -9.385511 -12.782783 -37.905693 687.28357 
109.5 953.8511 111.378654 -20.797438 -45.12544 9.7852745 497.42303 -25.718842 -17.66788 25.355196 19.49694 436.20526 -83.97541 -86.23943 -34.395916 107.09077 770.6955 
110.5 984.36084 -26.562752 -4.759348 10.889185 -184.9446 467.07785 -53.247395 -33.468147 25.074888 28.961744 403.0683 -73.85945 -37.67933 -10.106317 92.77249 795.8724 
111.5 888.07294 -8.844774 17.796694 55.788685 -160.8412 307.93292 -101.52814 -17.309847 50.21989 100.9052 234.41124 -16.309689 32.05254 -35.01891 44.637207 685.5536 
112.5 740.1394 -7.8030367 -7.146857 7.498521 -135.62276 208.25313 -116.04278 -2.344112 -16.267006 121.11814 73.25101 -6.00311 -38.363064 -42.205734 24.205141 479.56723 
113.5 752.246 117.471054 10.095637 25.094296 -44.05604 204.24832 -82.8863 -50.490746 9.012264 74.487816 41.685913 10.220201 -13.028849 -62.565834 -0.03019619 453.45444 
114.5 1122.601 -79.95455 -11.97555 41.63539 -211.1221 463.19135 -9.207221 2.5337934 87.87868 15.00544 274.789 -207.16507 33.937416 -75.55028 217.9692 795.2144 
115.5 1813.8998 -182.47804 -8.402705 -5.329872 -329.69662 959.9364 28.501263 21.252655 11.366919 -26.435589 779.2907 -46.091545 -69.55789 -71.499084 62.451138 1489.1514 
116.5 3473.3398 -792.6603 -135.91275 -113.62194 -963.1081 2303.5676 157.01465 43.61013 222.71399 -125.3268 1793.2097 -607.0884 -180.68546 -18.082401 595.12006 2796.2834 
117.5 6352.2256 -3129.5005 59.370266 -448.55276 -3257.8252 4742.4214 113.5242 587.4797 80.33534 -73.77634 2928.9465 492.06775 -425.48718 418.71878 -535.8649 4375.213 
118.5 7364.268 -1328.081 957.662 -545.60205 -1498.8074 5455.957 -197.72461 282.16714 -906.6615 179.8478 2765.4395 3394.9785 -531.4967 86.58587 -3423.673 4494.192 
119.5 6720.4033 2295.5854 527.39667 1.3068848 2156.5762 4609.3955 -47.729454 -1071.9043 -387.89755 27.678822 1850.6909 389.84772 -19.04013 -1203.3035 -464.8883 3748.6084 
120.5 7676.3823 -1069.5713 -952.0145 158.92291 -1163.1172 5254.0513 320.83667 -535.9112 1162.1733 -296.17224 1716.7133 -3475.8833 157.33737 -701.83466 3366.2776 3937.5662 
121.5 7804.226 -3993.895 -526.2704 -140.5061 -4187.605 5340.191 237.55081 941.65283 589.5489 -165.19379 1862.3948 -517.6034 -156.35715 725.83887 441.9052 4114.148 
122.5 5749.493 -1382.6235 554.371 -40.999725 -1485.6511 3511.3362 145.03777 541.6426 -476.1789 -47.461838 1829.2179 1579.8591 -32.61624 393.12128 -1693.1663 3824.1133 
123.5 4229.97 -3.5411682 347.38016 -28.997116 -25.774002 2212.5205 198.57474 -104.14403 -126.28568 -151.46881 1791.4752 241.60002 35.00273 -204.52684 -353.97296 3583.0117 
124.5 3188.914 -257.59195 115.85608 -100.337166 -393.6357 1510.792 79.909355 84.91652 38.925987 -73.92583 1334.7201 -17.659859 -61.833786 -106.998085 -52.489372 2780.9006 
125.5 2225.6155 -40.830063 215.49217 108.22197 -67.50164 799.86774 63.602158 18.789913 -66.29934 -25.723454 648.79724 65.82991 129.89182 -162.76541 -187.69711 1807.412 
126.5 1931.1099 -34.58114 153.63658 106.139854 20.354887 547.622 156.36671 -45.672195 112.15738 -97.85372 345.28616 -208.15039 171.49667 -183.51555 76.873116 1478.8502 
127.5 1581.3442 -8.240382 120.54445 -0.99427414 -68.88429 397.41058 74.22033 38.733547 120.953224 -34.260307 246.02539 -144.90361 68.54733 -158.55322 50.412727 1184.0984 
128.5 1166.5557 71.9922 115.010666 -15.920639 36.23874 214.64618 15.949232 -11.041186 129.61832 26.430237 134.75179 -97.47311 29.688148 -137.01186 -41.483124 798.86945 
129.5 1237.837 98.53881 167.24734 -111.59304 102.40539 271.36142 -12.26659 22.709873 186.06895 77.00383 164.1815 -152.27782 -39.497044 -17.600473 5.585844 833.73553 
130.5 1275.033 103.14648 224.2161 -140.77321 93.28411 290.91202 -57.036774 33.585945 152.055 110.73508 173.52513 -160.37526 -26.809376 -29.591654 77.701706 868.1017 
131.5 1122.1187 93.835464 145.2299 -134.39183 99.51684 185.269 1.628503 -67.69885 153.1388 33.621407 107.386765 -140.45137 -32.2058 -72.766235 3.267782 747.0757 
132.5 1222.6621 166.06915 111.3585 -157.84196 154.47926 237.14166 16.640432 -126.71488 185.231 37.430405 187.42584 -201.46748 -66.63324 -41.437637 -29.29506 874.6021 
133.5 1332.572 130.37573 149.50835 -206.22539 142.74023 354.2939 15.1151085 -158.67903 235.41151 43.13637 271.7807 -276.29578 -67.43449 -37.928707 95.17216 953.6039 
134.5 1211.5984 36.658226 102.17356 -320.6557 78.74585 333.40335 20.562033 -175.07896 261.30682 -14.150088 221.08931 -246.03542 -152.4442 6.863488 82.26141 801.0976 
135.5 1189.7207 20.252972 42.21549 -267.0513 31.215311 314.65723 -55.507275 -173.06317 254.68056 7.8779697 200.05817 -213.52597 -142.18011 90.79045 -33.522224 774.2953 
136.5 1271.2838 -40.35233 65.93446 -114.24129 -27.347677 338.02362 -70.602066 -149.69112 247.63205 7.5869637 206.4144 -150.0064 -52.414295 126.24288 -100.779495 832.80164 
137.5 1226.7635 -49.751488 72.16669 -86.28584 -40.81581 291.11923 -72.75258 -96.41297 180.66936 2.3231637 152.76553 -33.261734 -50.64119 126.3616 -169.37544 782.5191 
138.5 1092.0665 53.932503 1.4502109 -43.1757 27.056812 304.601 -116.2997 -97.10027 88.05104 46.323414 139.69234 23.77064 -6.904917 89.81778 -214.76581 658.78485 
139.5 1014.9734 108.024414 -49.578606 14.36105 100.42652 404.78177 -90.990295 -137.44914 32.62022 60.647457 156.79668 42.6321 46.68948 36.164078 -217.75003 558.4508 
140.5 1030.038 131.85178 -44.849068 37.63021 161.14091 400.7338 -39.542324 -142.95474 -15.639991 51.905937 53.935295 1.1451868 71.2866 20.821314 -157.15796 500.8351 
141.5 1022.73413 152.48593 -53.649574 0.66519064 174.07436 321.99316 -15.708373 -150.17871 -0.09683262 13.943531 -137.45541 -117.005775 58.29005 18.550673 -59.20206 372.67392 
142.5 1022.65674 86.97164 -79.7811 -115.988335 90.74996 344.92615 -42.481255 -151.14621 88.71845 -25.661383 -248.15593 -235.56752 -23.877354 8.003836 45.624435 233.69441 
143.5 1065.698 -6.256931 -79.16121 -117.56662 -12.423256 390.38748 -96.83391 -122.63289 103.16974 -31.749216 -262.31186 -337.08786 -10.872409 25.752583 176.4367 208.098 
144.5 1052.747 -31.494457 -42.308933 -76.23236 -81.86628 279.0526 -183.48999 -76.386444 72.28254 34.75771 -279.55 -353.68613 33.65534 120.96351 218.48921 265.5056 
145.5 1026.4337 -11.234576 21.250856 -109.89259 -84.85735 157.97745 -280.6204 19.187807 60.01524 139.644 -291.78632 -255.98096 24.538332 238.81598 171.77048 349.0944 
146.5 1036.8511 -23.813322 80.24033 -50.95097 -30.58325 153.70247 -222.07626 68.9249 -34.78344 91.084175 -332.85107 -168.77478 92.98097 214.79044 126.53175 342.57132 
147.5 1078.793 -44.44836 104.71558 -32.6515 -45.125774 137.22527 -130.97507 -30.871675 -96.63628 -20.767313 -417.60953 -145.41759 61.42342 70.24838 30.66437 313.62695 
148.5 1134.2522 -24.915644 51.881096 -145.60493 -116.60834 94.616844 -247.32365 -124.489075 10.259119 76.76754 -402.8934 -110.91139 -139.3382 0.8734361 5.586405 445.33276 
149.5 1132.2289 -53.941994 -96.49363 -73.82266 -107.87316 44.295265 -321.84616 -119.159195 80.438126 231.29785 -320.4372 -50.21521 -144.50052 20.906685 116.172455 593.7784 
150.5 1161.9642 -98.67213 -219.63261 104.16824 -31.469797 -119.3986 -133.48225 -102.72924 38.78514 164.97063 -364.27664 -57.557716 23.693632 42.741966 70.96674 650.0978 
151.5 1350.3156 -42.276096 -181.81218 31.504696 -4.5720696 -372.37494 -28.475306 -41.186897 24.595215 47.99637 -538.03265 -137.69666 -0.62103367 127.34202 -97.67429 809.9947 
152.5 1524.949 -0.07762143 -60.890087 -133.08698 -39.536407 -514.4681 -169.53056 41.632362 -17.0808 71.6016 -663.4701 -136.92935 -165.88683 214.50832 -45.116737 1037.0339 
153.5 1532.583 -15.7811985 -68.270294 -76.07184 -41.983223 -401.7303 -216.67651 -38.951237 -78.24868 96.204666 -656.44806 -61.201717 -226.6491 108.0522 92.03064 992.8662 
154.5 1694.1299 70.08565 -276.26297 29.909666 6.881497 -112.17325 -118.126274 -193.95366 69.88712 162.58386 -694.3138 -94.18702 -288.45053 -18.031904 68.77871 736.92096 
155.5 2271.8252 208.29292 -553.4718 -18.768824 63.899895 127.43943 -112.428894 -80.74501 373.3824 451.2765 -967.6045 -183.94254 -433.299 172.12012 168.46748 662.83246 
156.5 2838.2126 199.7573 -616.9957 68.75123 155.00163 223.99289 -121.39605 318.64224 414.92206 787.0243 -1340.8342 -200.11845 -336.8108 571.2727 487.2568 678.653 
157.5 3117.2612 93.90479 -243.06667 421.23572 344.2407 260.0077 -60.90715 660.41486 13.098302 1031.1205 -1581.4003 -283.7441 125.42653 866.66156 546.8917 606.62933 
158.5 3503.8303 209.82303 376.57422 643.5346 702.811 312.2762 103.21605 750.2698 -559.3493 1028.4358 -1728.1904 -484.96024 622.1388 949.598 351.45502 708.7875 
159.5 3963.08 692.06775 880.7744 566.13196 1109.4602 529.17694 536.5557 582.6448 -1015.3189 363.89795 -1864.4578 -651.7445 851.44824 754.827 476.00128 822.12976 
160.5 4031.9128 1107.0237 1112.1465 419.5086 1210.7465 1078.1361 808.2444 139.2792 -1217.883 -452.18246 -1872.6156 -860.74255 687.88513 254.36682 910.13544 516.52 
161.5 3816.2947 940.311 818.64056 238.96448 916.0755 1658.2184 518.8871 -480.9144 -1004.1258 -499.4448 -1686.6532 -1142.6362 133.44034 -389.63037 1172.5706 138.1188 
162.5 3662.8972 473.39755 -77.70781 -20.37262 452.99072 1720.0791 359.2109 -994.9477 -431.70828 -312.6391 -1424.5381 -1242.8688 -490.81107 -898.0136 1161.126 189.69733 
163.5 3532.0044 275.2933 -848.53375 -132.42873 7.649294 1270.4214 528.9921 -1071.676 57.48724 -454.4051 -1168.7604 -1108.5677 -789.2176 -956.13525 970.28864 573.5588 
164.5 3163.4153 210.4123 -859.665 -30.218668 -221.1739 720.33276 241.3186 -623.5405 229.0485 -187.61534 -871.61346 -845.3292 -725.50793 -467.99982 699.1353 994.7792 
165.5 2551.0996 -16.369686 -477.48447 133.07538 -225.64815 283.04495 -157.92023 -89.227066 198.75435 309.76117 -479.2068 -470.45065 -375.79785 118.58833 553.6334 1317.8594 
166.5 2148.3865 -185.42618 -195.57616 331.50327 -282.65482 92.87941 125.96092 71.75125 -75.08931 29.233624 -103.68269 -197.14333 123.703835 234.12384 423.2926 1517.492 
167.5 2142.223 -121.182526 -73.81827 396.4389 -287.5199 242.2331 379.7104 -6.53765 -452.47333 -462.2444 68.99772 -188.90555 273.5717 -26.803183 84.490395 1499.1119 
168.5 2143.9824 30.000992 -170.21542 143.32907 -52.746212 470.9778 80.80576 -83.77365 -386.53638 -337.11758 40.956028 -181.71486 -114.927345 -161.4458 -96.07804 1262.5077 
169.5 2038.7775 143.77155 -382.42615 -36.943535 -26.467255 469.48795 1.3669367 -183.55061 44.39697 -161.99161 -20.179884 -63.13424 -383.82654 -111.22894 160.72728 1162.5063 
170.5 2019.6276 91.49144 -370.56952 136.60735 -359.7666 348.22162 262.1455 -215.87 107.04804 -215.69142 16.186432 -25.957605 -177.045 -139.87187 309.3479 1350.5427 
171.5 1953.6597 -105.98999 -175.24039 206.52777 -381.20837 338.40335 227.22295 -147.19333 -199.79759 -102.726685 164.87032 7.469214 -14.721189 -223.6529 42.268307 1429.9182 
172.5 1659.3771 -136.70122 -105.59347 37.159313 13.992034 359.08688 19.65014 -142.96404 -262.9974 16.29163 282.52014 95.65129 -99.986824 -178.32814 -93.45758 1174.1188 
173.5 1310.2657 16.848505 -155.48499 76.55229 154.20383 225.27628 -47.965286 -129.83467 -90.149704 3.596508 179.46826 42.83198 -72.8468 -72.835976 107.14943 856.832 
174.5 1161.6769 37.318047 -165.92746 266.15317 10.834936 26.103905 -155.63795 -21.952063 -96.17799 103.234314 -14.820671 -78.362976 72.03449 -63.720036 229.3972 779.54333 
175.5 1207.4966 -32.238247 -120.895935 309.10135 83.15252 4.912864 -234.65602 -10.850906 -246.64273 140.36131 12.252631 -90.31723 147.79646 -79.8862 211.41695 880.5621 
176.5 1229.1786 -15.265001 -43.489124 358.69672 230.6474 144.28171 -72.81063 -20.50745 -243.54608 -13.8267765 152.748 -137.44267 155.25171 30.836744 228.54048 834.1688 
177.5 1244.6495 -43.435154 44.00236 402.0059 80.52393 185.1393 106.74925 150.20265 -86.212234 -45.063213 110.02166 -246.9259 22.132257 192.62363 179.47769 713.12317 
178.5 1509.551 -86.37165 63.621593 201.14113 -87.94513 45.33812 84.54796 215.69986 11.476753 25.057827 34.909267 -192.288 -164.41957 179.62418 52.987362 1017.5955 
179.5 1878.4142 -19.247452 12.039383 -70.80269 -24.525057 -101.12186 -8.701757 41.983593 5.388405 -9.84914 102.521355 -30.05324 -204.70749 30.291285 1.9574685 1575.4824 
