0.25 1493693.6 322.30496 -95.6423 -12012.775 324.32495 1493293.4 -3051.8433 22.293365 -87.139496 3051.819 1493293 -375.49167 -12429.916 -25.903463 378.2308 1493010.1 
0.75 1426580.6 2677.6003 -801.42523 -11735.651 2694.8276 1426147.1 -3996.7273 153.47414 -728.0901 3994.7153 1426141.9 -3165.1226 -12107.955 -185.10623 3187.2769 1425894.9 
1.25 1302709 6371.314 -1918.8656 -10953.527 6414.087 1302248.1 -5323.5757 220.98434 -1735.3577 5310.7104 1302210.3 -7664.8804 -11260.413 -301.85043 7714.384 1302006.4 
1.75 1139900 10029.712 -2996.3682 -9356.532 10099.211 1139427.5 -6316.1045 35.638435 -2700.6963 6278.7075 1139318.9 -12150.875 -9603.43 -167.47488 12221.934 1139153.4 
2.25 958712.1 12682.656 -3634.6804 -6786.951 12770.347 958188.44 -6555.0723 -373.73712 -3282.414 6485.3154 957992.5 -14966.007 -6985.4883 220.67924 15048.163 957902.4 
2.75 778089.25 14056.9795 -3667.3628 -3465.7239 14150.589 777388.06 -6063.1553 -754.2203 -3353.3655 5968.0913 777131.06 -15204.894 -3614.7703 636.76996 15296.418 777214.9 
3.25 612659.5 14305.216 -3210.7524 -38.676918 14397.4375 611640.5 -5097.383 -832.09546 -3016.454 4997.0176 611382.25 -13047.217 -126.147354 805.8402 13160.305 611737.3 
3.75 471698.38 13580.676 -2558.7866 2650.672 13671.693 470335.78 -3854.3809 -543.6461 -2498.1611 3769.1772 470129.94 -9565.779 2628.6445 625.12537 9715.939 470748.8 
4.25 359248.1 11881.827 -1998.6147 3957.636 11972.649 357706.75 -2419.0396 -86.7898 -2007.0913 2357.0193 357564.34 -6132.5313 3981.5715 236.37033 6317.8843 358287.13 
4.75 274518.72 9264.245 -1661.4432 3778.042 9347.749 273085.94 -876.07715 234.13736 -1642.4902 829.78534 272975.2 -3749.1838 3810.956 -89.58454 3937.2803 273563.78 
5.25 212869.33 6091.09 -1502.8619 2577.6917 6152.7935 211781.4 527.09753 233.65024 -1398.1898 -571.6954 211659.8 -2672.7983 2587.2412 -150.86093 2810.193 211953.86 
5.75 167345.83 3045.6428 -1390.3098 1111.4263 3076.0105 166642.9 1445.8428 -46.373104 -1219.2069 -1496.4321 166494.2 -2477.967 1088.9071 65.396645 2520.5857 166525.64 
6.25 130890.75 847.0138 -1216.3907 14.271843 854.0707 130416.055 1655.8569 -401.75662 -1054.3429 -1707.2123 130260.48 -2462.2969 -24.521446 404.50766 2405.22 130226.29 
6.75 98616.984 -121.73895 -959.68207 -473.21484 -112.98381 98153.45 1226.2594 -623.5881 -875.85 -1264.7794 98026.52 -2123.4707 -503.39072 662.96246 2005.6957 98139.5 
7.25 69176.73 -16.423256 -672.3653 -507.87796 20.236977 68605.7 497.1764 -619.77673 -675.91003 -512.3341 68522.984 -1422.4314 -513.13416 709.1193 1300.5142 68860.93 
7.75 44506.16 569.7009 -427.73666 -419.14572 642.4357 43862.938 -107.07477 -434.0326 -462.42474 113.748825 43800.496 -698.4875 -399.3286 538.5422 608.2906 44272.617 
8.25 27965.295 961.3948 -271.602 -430.45428 1052.5426 27365.64 -288.71188 -183.18646 -258.90524 304.0065 27272.969 -334.28644 -396.8885 251.0686 270.29962 27717.291 
8.75 21807.85 804.0543 -203.20105 -511.79715 879.873 21326.988 0.17928791 24.123817 -99.23751 7.7613487 21163.63 -443.56488 -476.87634 -20.904861 370.94742 21482.504 
9.25 25291.727 252.44615 -186.84862 -455.37546 284.1947 24901.988 552.06055 137.86182 -12.71311 -560.40875 24670.072 -811.9552 -424.73438 -186.01865 700.13104 24891.527 
9.75 34475.49 -197.6671 -180.37787 -107.02871 -214.75809 34082.668 1009.18756 171.19136 -8.126886 -1032.5382 33829.258 -1100.7854 -78.95348 -229.05884 951.43933 34059.113 
10.25 43818.773 -122.42226 -162.04855 441.48877 -165.12839 43348.57 1056.34 171.01239 -70.20229 -1087.6111 43134.12 -1110.2551 470.21854 -194.58846 959.0545 43456.58 
10.75 48689.637 484.1589 -140.78546 884.88544 451.92047 48144.492 619.2191 177.02243 -170.79428 -651.97784 47999.668 -885.55865 911.8932 -139.5511 778.3688 48414.29 
11.25 47330.25 1201.5792 -141.5046 943.623 1203.4757 46775.87 -69.70202 195.13878 -280.8363 38.62583 46679.027 -631.49194 958.7618 -95.06966 594.2249 47114.96 
11.75 41215.527 1496.0725 -180.4895 619.06915 1526.4479 40724.207 -618.34644 198.10663 -375.987 590.64874 40616.688 -534.2789 609.79236 -59.099026 557.69055 40994.684 
12.25 33643.82 1105.514 -243.67644 196.78757 1135.1896 33247.133 -748.32556 154.95213 -430.8047 726.3051 33076.57 -640.5571 157.61018 -18.633835 688.8366 33361.098 
12.75 27539.898 211.15868 -289.62833 -2.9608898 212.1377 27223.736 -474.9603 65.63947 -419.0469 460.8284 26983.684 -833.1275 -64.22964 26.166645 868.0187 27190.588 
13.25 23852.154 -689.59814 -277.18073 102.27056 -721.49554 23582.92 -49.170475 -27.922825 -328.9401 42.76777 23319.213 -903.8315 37.75243 56.845467 906.69995 23488.238 
13.75 21485.701 -1096.164 -199.05371 320.48926 -1140.3923 21235.986 267.61206 -69.046616 -184.00699 -269.59665 21013.484 -697.05756 272.96396 52.874367 674.81744 21177.639 
14.25 18653.318 -809.03705 -93.23715 403.07806 -840.54987 18407.637 384.26138 -33.97876 -44.343155 -386.6668 18260.309 -255.4363 383.65762 13.659825 229.09444 18434.19 
14.75 14570.809 -58.197323 -19.088158 287.23843 -68.71051 14317.598 380.061 40.881863 24.72046 -387.06168 14218.967 150.97395 293.10068 -34.092575 -164.19911 14404.953 
15.25 10219.499 626.87366 -14.829582 132.18454 625.7877 9945.987 373.37332 81.76135 -2.87261 -387.43848 9824.055 187.02916 149.80566 -52.34797 -184.75018 10022.074 
15.75 7612.5947 755.68335 -71.502975 140.08588 747.6284 7309.564 404.85297 36.57248 -94.7188 -426.59723 7097.868 -279.817 153.77406 -19.57289 286.3925 7308.9478 
16.25 8139.283 220.80318 -143.70479 351.54184 200.75443 7808.031 421.59518 -79.826164 -184.3611 -449.58066 7496.507 -1026.2126 352.04095 53.051983 1021.51355 7721.2886 
16.75 11292.152 -608.3992 -184.33495 599.4501 -631.9188 10944.19 341.26328 -195.08891 -217.90298 -371.89648 10591.525 -1593.7102 587.967 130.65396 1567.5367 10829.033 
17.25 14833.178 -1147.0991 -172.4919 644.8724 -1163.2362 14483.114 131.59068 -235.61337 -184.12415 -159.95265 14178.837 -1614.7623 630.66754 179.2062 1568.1293 14426.816 
17.75 16313.075 -1034.209 -117.16423 370.23175 -1041.5067 15972.645 -145.8461 -181.88681 -110.122444 124.23398 15773.812 -1089.4235 363.55942 185.05487 1035.6132 16028.121 
18.25 14871.904 -413.55975 -44.29367 -111.6057 -421.47342 14550.107 -354.62564 -76.31818 -36.11766 342.04196 14437.677 -394.8047 -106.50965 154.31616 354.168 14689.723 
18.75 11805.725 177.95972 18.032074 -525.98474 157.3475 11510.581 -372.45602 12.593375 8.740895 368.0369 11399.097 -16.898447 -513.1805 105.1973 6.3987226 11635.986 
19.25 9524.271 223.37204 50.2029 -631.5631 184.80211 9260.757 -193.00432 39.55981 17.9748 192.86351 9057.871 -205.80006 -619.4868 59.401024 227.7758 9268.39 
19.75 9644.788 -379.1628 49.348774 -405.68314 -431.15982 9409.745 50.13282 7.240774 6.5554004 -51.489555 9084.437 -798.1513 -400.32837 36.105663 837.1776 9267.629 
20.25 11739.342 -1240.6414 31.394201 -61.54767 -1296.1747 11520.263 180.0578 -44.641945 -2.3483481 -187.04022 11128.501 -1333.1099 -62.178 43.436104 1365.3641 11296.39 
20.75 13721.06 -1776.0848 21.025202 130.87901 -1826.8694 13502.611 116.88975 -72.32866 3.9438534 -130.20253 13148.057 -1386.2286 130.44017 71.16431 1395.2666 13317.864 
21.25 13556.977 -1643.7722 33.769665 67.71497 -1687.0563 13330.894 -69.393745 -58.01784 18.506315 53.059494 13087.566 -888.181 74.05857 94.5375 874.6838 13268.848 
21.75 10934.859 -998.2411 65.5783 -128.08575 -1035.788 10704.667 -237.6829 -15.785438 25.995136 222.74878 10560.398 -187.34555 -112.075424 90.34591 165.47127 10748.231 
22.25 7546.0522 -364.1048 98.88657 -257.89197 -398.8044 7322.369 -297.28976 28.885359 22.420013 285.4562 7188.0366 207.58408 -233.41872 52.561836 -223.01459 7368.548 
22.75 5759.385 -225.59235 117.11636 -247.42357 -259.70316 5549.616 -256.60162 64.95096 18.878086 245.65524 5327.8276 16.987642 -217.6827 -4.8802395 -21.338198 5491.502 
23.25 6755.5244 -652.94324 114.01011 -192.54245 -689.36285 6555.7266 -180.00217 100.51484 23.681185 166.33386 6215.5938 -596.773 -161.2753 -58.119232 597.0497 6367.075 
23.75 9622.306 -1265.4631 93.516174 -222.90498 -1309.2998 9417.559 -124.12926 141.81775 25.706705 106.36919 9017.515 -1164.742 -194.70209 -87.15092 1160.3901 9173.791 
24.25 12109.974 -1554.764 66.85966 -344.3523 -1611.4691 11884.063 -110.86196 172.54024 4.384968 90.83496 11526.555 -1278.8796 -324.68256 -86.36729 1267.5544 11704.617 
24.75 12392.768 -1291.3693 47.783092 -429.89746 -1361.1617 12141.433 -131.36858 161.38837 -43.677696 111.35113 11896.268 -890.3812 -422.901 -67.64152 879.34796 12099.241 
25.25 10381.303 -678.44354 46.253365 -351.81052 -751.5655 10119.361 -155.45595 93.66886 -91.58098 134.34825 9974.23 -313.8579 -357.07242 -50.570667 312.98502 10186.073 
25.75 7598.2354 -153.8822 59.63643 -123.210205 -212.71307 7353.2266 -149.92609 -5.9280686 -102.5019 122.34155 7226.1035 32.881775 -135.06276 -42.65866 -22.006342 7419.6494 
26.25 5847.893 -42.140625 73.20189 89.773 -71.340294 5641.9434 -114.10991 -85.34622 -63.366055 74.19953 5442.8086 -67.8986 78.73255 -26.332893 79.6627 5597.5684 
26.75 5865.259 -346.56613 73.20801 93.227356 -344.92465 5696.334 -101.96346 -102.6405 0.1447854 49.614407 5391.637 -504.68915 87.24788 26.8717 502.1685 5511.2036 
27.25 6984.746 -802.3278 60.470436 -172.39668 -786.4205 6821.1357 -188.53714 -56.82535 40.47464 132.5912 6456.58 -941.56323 -173.71254 120.61273 919.4929 6573.583 
27.75 7899.084 -1085.2338 48.60428 -562.0655 -1079.98 7693.19 -391.23917 10.847356 23.609716 345.6131 7362.0015 -1058.8724 -560.3347 212.78458 1028.846 7524.218 
28.25 7716.8594 -1001.40753 48.028004 -813.2526 -1023.3309 7431.7407 -619.3283 44.007767 -41.751156 593.41016 7211.0684 -767.931 -806.83276 240.30634 750.6813 7453.95 
28.75 6490.1675 -570.80914 54.406536 -740.0726 -616.918 6123.2285 -716.59454 9.181186 -102.76532 706.7888 6017.8423 -274.6513 -724.00934 175.50784 284.02457 6340.048 
29.25 5017.653 -14.56379 55.76713 -387.88477 -65.91919 4605.9087 -581.9539 -78.191315 -97.05983 571.4927 4531.903 39.841507 -359.44107 62.09895 -7.454161 4891.6763 
29.75 4304.853 332.84048 51.192276 -12.213402 295.97113 3905.7478 -277.47433 -160.0334 -5.66707 245.68225 3726.6655 -146.2834 23.177614 -8.196914 183.49565 4064.9795 
30.25 5091.0015 187.16196 60.066803 117.75951 171.24321 4748.096 -27.694563 -177.43475 119.3654 -37.129047 4351.794 -875.70746 146.96033 35.440975 897.46735 4628.991 
30.75 7528.215 -483.6151 108.63077 -67.65579 -487.66864 7242.91 -82.433556 -119.839806 189.07278 -9.988083 6622.6772 -1834.8672 -57.067516 182.55865 1830.9816 6844.014 
31.25 10956.066 -1345.8131 200.20465 -390.66617 -1352.6685 10687.791 -518.239 -37.32154 154.33102 419.12213 9973.816 -2489.3958 -400.26495 338.88556 2463.8455 10183.484 
31.75 13937.278 -1820.6638 295.4114 -586.8014 -1838.5306 13634.139 -1129.4198 3.0803049 57.210743 1049.0781 13032.389 -2399.2244 -604.60876 388.989 2365.6677 13279.815 
32.25 14860.284 -1456.247 326.0976 -526.0314 -1482.0701 14500.274 -1532.5905 -20.51108 -2.4395485 1486.6869 14150.97 -1561.4076 -534.8762 284.9921 1533.6525 14452.43 
32.75 13057.519 -336.65158 246.79405 -303.99588 -361.00818 12666.028 -1454.6558 -64.10855 39.984535 1439.4573 12509.674 -537.5027 -295.1098 95.918724 521.1186 12836.611 
33.25 9679.388 816.207 88.11576 -134.79396 800.34265 9305.249 -987.7606 -61.009567 149.59831 981.88513 9074.479 -176.82924 -115.5542 -30.857315 166.90291 9380.38 
33.75 7332.012 1051.701 -42.701187 -154.13826 1043.9657 6999.596 -564.1842 12.427026 222.12672 541.44336 6384.656 -1009.5391 -142.91698 18.3002 995.29047 6650.5376 
34.25 8295.686 -80.80092 -35.58353 -309.16248 -86.43741 7976.1772 -616.8876 110.970535 181.98663 561.97 6869.5864 -2721.244 -320.61502 222.63124 2693.2617 7127.488 
34.75 12511.551 -2034.7156 125.30822 -422.84555 -2044.9264 12144.328 -1191.3528 157.52414 55.9361 1107.8258 10771.314 -4207.5107 -455.25607 431.11627 4162.338 11079.579 
35.25 17143.424 -3506.308 332.37527 -363.88974 -3525.455 16693.676 -1865.7108 109.2369 -46.820366 1772.2582 15490.315 -4327.0815 -399.33035 481.3298 4267.913 15877.434 
35.75 18496.47 -3375.234 434.7678 -165.11758 -3406.0667 17996.729 -2085.9888 -2.7644396 -31.014 2005.8547 17292.803 -2848.8738 -182.96725 334.19333 2784.5173 17720.838 
36.25 15026.666 -1656.0168 364.2462 14.868332 -1700.8208 14558.869 -1639.3062 -92.01298 96.217445 1590.7784 14304.087 -784.5295 21.81288 102.88018 727.65924 14691.403 
36.75 8930.552 377.05328 191.00162 47.193295 317.82303 8558.2 -842.3253 -81.47352 223.32538 833.54663 8328.107 292.44128 67.72417 -49.496124 -329.97388 8617.35 
37.25 4715.2134 1118.2291 56.617485 -41.67608 1048.1211 4425.8384 -271.82697 32.6765 225.60306 298.6143 3731.7166 -519.7115 -26.847635 -45.40172 504.63028 3942.69 
37.75 5683.4624 -78.80928 49.298717 -95.459625 -153.5008 5396.0605 -283.63535 171.69867 74.93276 330.06787 4067.3398 -2677.8674 -97.44484 59.83503 2674.7593 4283.779 
38.25 11207.212 -2332.2568 137.66766 20.80525 -2406.915 10840.053 -747.63916 233.33849 -129.31654 791.9393 9169.993 -4575.9478 6.4719133 148.75449 4566.6035 9469.883 
38.75 17165.783 -3908.5884 216.67632 288.58725 -3982.7556 16702.59 -1210.3182 175.18582 -241.12238 1236.2382 15231.259 -4809.574 275.1983 149.41621 4783.1455 15623.939 
39.25 19254.268 -3601.428 210.33043 550.9128 -3675.7434 18749.563 -1299.4352 49.338688 -191.31212 1306.5807 17856.188 -3278.6526 548.50385 80.323944 3243.029 18282.197 
39.75 16373.939 -1653.941 132.67722 657.72534 -1725.6324 15897.474 -996.913 -43.746124 -40.537094 1000.89795 15532.551 -1210.9724 668.24524 8.063957 1188.0253 15921.888 
40.25 11266.978 526.6285 59.756138 597.409 462.52264 10844.336 -576.6053 -37.94156 84.79127 597.1778 10609.747 -117.87405 619.05054 -24.347855 125.11095 10940.817 
40.75 8010.556 1556.9182 50.71481 490.2053 1500.3317 7613.4224 -328.37527 54.234272 104.80902 374.18433 7103.1245 -596.11304 521.6143 -26.755394 631.3097 7410.066 
41.25 8691.593 1118.7089 95.095985 460.09592 1060.2638 8277.495 -343.85715 165.35588 37.368248 405.88306 7382.378 -1972.178 497.57083 -32.166317 2015.1565 7712.547 
41.75 12099.709 22.342182 130.20656 519.8184 -50.29596 11654.004 -515.1792 227.22733 -45.96972 573.3895 10591.738 -3002.6008 553.0322 -50.374287 3031.4934 10960.942 
42.25 15259.798 -623.8245 105.84317 577.86957 -713.1999 14800.118 -672.7302 205.80592 -92.69908 709.9765 13887.41 -2930.9941 594.5422 -56.796295 2937.2603 14274.011 
42.75 16097.523 -315.96985 33.269108 545.3568 -408.74982 15645.75 -705.0503 108.19579 -93.34316 717.8194 15042.391 -1978.2958 544.0786 -25.58115 1968.7006 15417.333 
43.25 14819.8955 618.3685 -26.48942 425.25177 542.6336 14377.947 -588.8535 -20.17667 -56.52936 588.4202 14014.795 -953.70294 422.22885 32.48996 941.1502 14370.724 
43.75 13122.561 1505.5444 -22.28355 298.60764 1457.382 12675.945 -370.01086 -107.333984 8.710424 374.81335 12377.909 -483.12408 317.16357 71.950485 477.07217 12729.395 
44.25 12409.15 1943.0756 37.817043 237.0438 1912.9949 11946.673 -144.85931 -92.196465 79.01486 169.67934 11591.331 -595.6214 287.33475 55.671684 598.796 11953.617 
44.75 12802.482 1991.2891 94.48089 236.77342 1956.1821 12326.081 -26.590546 23.326313 108.9856 74.55255 11892.553 -929.11053 305.70013 -5.7949333 939.33887 12266.702 
45.25 13563.137 1908.2358 93.35997 231.91597 1849.4283 13078.083 -74.5356 158.4127 65.51494 135.31352 12589.536 -1183.8442 293.85352 -60.46705 1196.7589 12969.33 
45.75 14092.995 1829.1345 34.026955 162.19362 1746.5388 13594.015 -230.2482 210.03749 -27.823915 285.15005 13060.487 -1322.7975 199.53821 -62.513615 1333.4633 13448.91 
46.25 14343.365 1730.6956 -31.933542 23.538324 1641.9027 13815.468 -344.11932 137.76979 -96.68278 375.4377 13244.955 -1410.0336 37.771145 -9.669161 1414.3354 13657.574 
46.75 14499.177 1609.6783 -50.34854 -130.75577 1534.1898 13933.398 -292.8123 -1.3833233 -84.183846 293.85776 13369.354 -1420.6481 -125.77522 58.338493 1415.0629 13818.576 
47.25 14549.254 1579.1161 -12.022011 -230.70584 1521.5741 13955.957 -91.42376 -110.26282 -8.306837 71.54467 13466.137 -1279.9473 -223.06357 98.455475 1261.1655 13943.967 
47.75 14344.454 1735.6089 43.28344 -238.8329 1682.3065 13748.518 124.500145 -136.31284 58.074486 -144.47679 13363.683 -1033.5685 -225.778 94.39951 999.2555 13843.474 
48.25 13918.318 1992.3356 65.99862 -178.3946 1923.7739 13339.649 228.7188 -102.988205 63.663113 -229.6637 13017.261 -857.7637 -163.2337 60.984962 809.3971 13475.351 
48.75 13538.551 2128.62 41.378014 -119.581505 2036.6409 12976.311 212.72539 -64.52868 25.615646 -190.20627 12641.134 -857.7013 -105.28804 25.54372 802.3941 13077.304 
49.25 13373.767 2032.703 0.32337123 -124.28637 1926.0647 12809.814 162.97684 -48.730713 -1.8819177 -128.75772 12428.814 -924.0388 -111.15129 8.546651 870.93774 12864.15 
49.75 13242.914 1837.5824 -13.073658 -190.4064 1731.8247 12660.072 147.5375 -46.19191 6.487767 -117.0615 12265.169 -865.8144 -177.35504 12.526226 818.5469 12720.441 
50.25 12914.423 1777.8381 10.962271 -248.16997 1679.8201 12310.869 160.99828 -39.485985 21.402647 -139.34132 11946.042 -672.56866 -234.19855 22.120312 625.65674 12423.437 
50.75 12378.94 1893.3152 42.87239 -243.944 1797.0082 11766.383 147.64835 -30.12803 12.551919 -127.039566 11432.313 -546.2752 -227.84319 20.625969 492.02573 11917.466 
51.25 11987.677 2006.2168 43.12748 -200.77463 1901.8623 11374.918 100.47169 -29.529121 -14.0336485 -72.26196 11035.327 -651.45654 -181.9484 6.6240335 589.45624 11517.799 
51.75 11987.365 1958.8724 11.905682 -200.80276 1843.6412 11370.197 70.683075 -42.68731 -21.219246 -36.59703 10998.133 -901.70953 -179.97395 -5.4302773 841.3765 11483.447 
52.25 12230.001 1811.7869 -8.030352 -277.38998 1691.1232 11598.613 110.487526 -65.497215 7.3524237 -79.16516 11177.346 -1114.8794 -255.2916 -7.5736217 1066.0375 11678.003 
52.75 12506.358 1699.934 19.681559 -350.52496 1579.2328 11860.3545 213.91243 -91.18501 42.798485 -188.10464 11324.515 -1357.422 -324.8403 -15.819521 1319.8497 11841.178 
53.25 13102.722 1528.3906 75.117004 -306.0374 1405.7903 12453.163 321.62518 -109.990974 45.041058 -293.42355 11674.229 -1966.207 -271.11743 -51.871235 1930.4805 12191.99 
53.75 14692.605 1007.63684 93.88225 -150.9579 875.9826 14044.985 372.9425 -106.76977 14.36567 -334.3881 12953.86 -3072.0884 -102.52633 -104.11714 3030.421 13461.59 
54.25 17383.906 146.70052 35.97055 -50.630787 0.9296236 16720.89 356.66428 -72.71692 -5.3745537 -312.9594 15477.23 -4160.5557 9.068194 -123.796646 4114.591 15989.112 
54.75 19968.041 -383.04294 -59.332977 -164.70747 -541.14594 19256.479 327.4423 -27.073154 21.76969 -295.4575 18221.986 -4379.772 -101.17034 -76.83196 4335.53 18773.17 
55.25 20616.678 291.33575 -99.62033 -436.8282 127.02297 19839.135 369.5956 -12.934933 73.414604 -362.58594 19239.4 -3533.3062 -375.3579 1.5389366 3491.2214 19852.92 
55.75 18823.148 2146.1426 -26.448605 -588.70447 1981.1322 18004.78 512.97375 -59.001495 82.22472 -528.791 17529.395 -2725.0906 -530.46277 28.260822 2678.8906 18184.885 
56.25 16649.4 3710.38 120.317635 -376.87552 3546.444 15848.726 671.65466 -142.71591 2.7020013 -696.95374 14658.652 -3661.194 -323.56696 -38.513454 3608.3223 15298.24 
56.75 17475.357 3037.1836 228.07642 127.881035 2871.9697 16739.076 685.8696 -202.88826 -131.48593 -709.0334 14074.113 -6933.6777 167.68422 -141.07487 6882.9673 14648.269 
57.25 22813.162 -362.9944 204.92715 546.27136 -533.69244 22136.566 484.16763 -195.35477 -225.39142 -501.59384 18096.078 -10935.774 560.8708 -172.79047 10900.193 18607.04 
57.75 30149.775 -4518.9624 57.239883 516.5943 -4697.3867 29479.15 205.53368 -134.71912 -206.91759 -218.03331 25210.762 -12804.09 504.0818 -91.03602 12784.386 25712.453 
58.25 34380.664 -6280.7993 -114.270805 47.340042 -6463.4824 33658.38 109.53885 -76.913895 -102.80424 -118.6484 30602.365 -10877.345 22.201052 33.055614 10856.969 31154.063 
58.75 32073.104 -4038.5762 -194.20526 -462.86484 -4216.479 31284.865 316.08154 -67.157524 -23.997505 -327.80707 30013.367 -6432.598 -480.0544 87.58458 6394.0625 30629.482 
59.25 24600.627 651.47125 -140.7466 -578.2229 486.89136 23783.916 640.81 -106.78445 -62.05044 -669.36127 23472.383 -2833.1003 -579.3334 36.209587 2779.705 24113.998 
59.75 17314.06 4230.2173 -16.430988 -224.65 4079.0627 16522.305 763.14197 -167.28441 -194.1535 -824.34906 15591.493 -2761.752 -221.56479 -52.358963 2719.1418 16205.55 
60.25 14796.983 4163.991 65.92891 256.12936 4016.6846 14056.225 549.4415 -220.37363 -298.76816 -646.2993 11471.189 -5911.174 243.77066 -81.16443 5902.863 12036.096 
60.75 17215.115 984.643 33.080475 443.5097 829.999 16509.068 197.46252 -252.62903 -272.59497 -312.65244 12580.475 -9434.3 406.0884 -25.354267 9454.584 13118.205 
61.25 20695.549 -2482.0876 -93.17372 225.13527 -2645.3867 19989.426 32.492897 -263.5546 -135.35385 -139.27333 16015.36 -10520.075 168.84262 57.052998 10536.409 16562.873 
61.75 21206.754 -3759.3843 -219.88565 -140.9565 -3919.2246 20481.883 173.24142 -259.43726 -4.6356926 -255.41968 17651.484 -8630.869 -202.86395 97.13769 8614.901 18224.576 
62.25 17911.617 -2612.532 -263.31638 -318.6227 -2752.8525 17176.16 442.19467 -252.62384 25.904474 -504.96402 15763.021 -5456.56 -375.8173 84.56644 5414.3193 16349.515 
62.75 13046.446 -630.196 -211.44667 -210.39108 -743.9158 12324.041 584.31995 -249.45244 -28.637024 -643.771 11780.672 -3026.556 -255.8471 57.507233 2993.7654 12356.822 
63.25 9200.506 617.2109 -118.78652 18.53008 521.2376 8510.088 512.876 -242.1353 -84.32333 -578.2456 8153.3 -2059.4253 -8.371081 47.47637 2065.466 8704.317 
63.75 7129.562 810.0866 -48.759235 162.35619 715.37537 6480.645 331.2433 -216.0701 -87.8843 -398.16083 6017.293 -1931.7448 157.9366 49.480026 1969.3124 6538.039 
64.25 5971.054 571.4309 -26.257809 164.14212 466.7575 5357.533 162.17426 -169.50531 -59.671803 -221.77946 4865.4243 -1787.996 175.60281 44.21736 1818.6558 5361.785 
64.75 4821.4077 442.91275 -36.45853 92.87809 334.12408 4234.442 49.388397 -124.66194 -45.087067 -100.945366 3841.233 -1381.3026 102.68528 32.996914 1374.1364 4317.236 
65.25 3643.5652 425.2297 -53.069378 16.096224 326.79135 3062.1404 -17.613123 -109.282135 -48.916157 -32.593292 2762.132 -958.0832 8.242054 33.538864 918.8043 3232.9478 
65.75 2822.9324 315.65518 -60.03539 -45.407032 234.77512 2223.1929 -28.361383 -126.61762 -40.794876 -23.054739 1952.467 -709.647 -71.494446 49.97648 673.02466 2439.4568 
66.25 2426.0818 126.267914 -53.20929 -74.09904 53.504597 1797.7981 27.523947 -149.61754 -6.9302845 -72.06179 1556.1049 -562.43225 -103.544266 64.367004 556.3015 2071.647 
66.75 2163.9385 31.72813 -36.023727 -44.034603 -49.853367 1522.0452 100.26882 -147.34601 27.842339 -127.64712 1357.3392 -399.63123 -60.594135 63.264435 418.43036 1890.674 
67.25 1857.1603 74.97544 -17.539528 25.781906 -21.91334 1228.4523 103.97334 -114.431274 34.200066 -115.14591 1144.7339 -255.08942 26.494265 56.65687 269.51697 1671.0133 
67.75 1619.1685 116.59735 -8.816085 60.77067 15.353159 1018.99884 20.522112 -71.748085 16.781315 -28.799868 960.06244 -219.28592 71.4556 60.0869 209.83673 1461.917 
68.25 1585.704 59.008335 -12.655511 12.701796 -31.182093 1008.0813 -60.469387 -44.539417 5.7801714 42.68308 929.7539 -274.4411 24.1437 67.90075 250.77185 1409.3688 
68.75 1674.0299 -28.096895 -20.147326 -62.639812 -105.07088 1103.8243 -47.262486 -37.635532 16.891613 21.586905 1017.8983 -318.59735 -55.09606 58.281036 306.43674 1488.9539 
69.25 1725.8579 -39.17706 -20.570543 -70.41595 -114.9814 1159.4231 42.077522 -40.93442 34.850197 -63.832115 1090.8585 -321.21982 -67.426186 31.3287 331.55725 1558.988 
69.75 1734.1213 1.41921 -14.516331 0.38062823 -84.16443 1178.2471 95.50612 -42.655228 37.852123 -106.41756 1112.2787 -350.5328 -0.5676259 15.90864 368.33603 1573.253 
70.25 1805.7964 -11.312122 -11.890761 57.309032 -104.26797 1262.0902 48.491665 -39.372494 26.522285 -55.115395 1162.9589 -445.34705 54.24644 33.21956 449.43958 1615.089 
70.75 1942.1638 -95.758514 -17.63859 25.206682 -185.98158 1401.5298 -34.861 -33.824993 19.590452 20.814318 1270.1449 -532.68646 22.640162 62.809162 520.94885 1719.85 
71.25 1990.5947 -153.15375 -24.22658 -53.72693 -236.15277 1450.6587 -53.405624 -34.02915 27.402641 28.163687 1329.5118 -517.23706 -54.93891 71.49002 510.51532 1778.8596 
71.75 1851.7163 -105.5177 -22.190384 -79.33145 -186.44576 1323.0068 16.911564 -35.74949 38.275208 -43.47212 1243.758 -410.67328 -81.34798 46.30473 423.717 1682.7368 
72.25 1611.9924 3.682047 -11.735603 -21.719404 -79.2894 1108.7878 84.95741 -36.68061 36.538334 -102.33498 1052.8407 -322.76715 -25.516294 20.76414 347.98444 1468.1029 
72.75 1437.5446 75.29487 -1.2524319 49.10265 -5.19817 956.116 71.7327 -33.948452 22.794306 -80.82228 884.40356 -327.66943 47.47713 23.385233 343.99625 1278.7615 
73.25 1379.3553 74.68462 4.2022934 64.20328 4.1421432 898.9552 0.92718315 -28.476322 11.370085 -12.384089 802.8708 -385.2753 69.99434 43.08752 383.69888 1195.952 
73.75 1350.872 45.468456 7.144693 38.29763 -15.126785 860.30444 -44.45962 -23.708935 10.823491 23.92353 764.8544 -403.18982 50.108757 48.184673 396.65295 1169.5024 
74.25 1276.0272 32.427162 10.394629 31.289145 -27.368622 790.3347 -31.107666 -22.008936 14.499697 7.575446 713.42645 -345.25195 40.67362 31.734282 352.48148 1118.0177 
74.75 1173.1891 33.380863 11.347737 56.085968 -31.971498 721.21185 -6.105543 -21.815851 11.916519 -9.068382 650.91046 -256.16357 56.454185 17.443733 278.08698 1027.3041 
75.25 1106.9641 32.296944 6.779606 72.07695 -35.814896 699.2313 -20.569 -21.129951 3.380387 15.687231 616.77606 -197.61343 66.10056 25.40278 218.34949 950.2084 
75.75 1084.1428 29.84648 -1.2430555 53.281204 -32.453922 704.2052 -62.462585 -18.971409 -2.4865062 57.26213 614.94946 -182.60175 47.643143 43.810287 189.33246 917.1131 
76.25 1063.3032 30.964136 -7.202319 26.581953 -20.051758 689.15063 -81.18314 -16.358427 -0.8596204 65.14157 617.88464 -177.6766 21.860416 48.68004 175.23462 911.27313 
76.75 1020.43176 28.415194 -9.110656 27.873592 -12.628206 647.4366 -57.75153 -14.953293 4.7186146 33.617447 609.1613 -146.1882 18.395922 37.85726 149.55336 903.5015 
77.25 968.67004 20.6914 -9.002207 48.83636 -15.017053 609.37665 -22.742462 -16.339125 10.0056505 3.4791334 595.5648 -84.17293 33.086765 31.837688 100.37607 881.28076 
77.75 923.5663 27.611568 -7.0582695 52.06397 -6.4645853 589.1 -10.478761 -21.351149 15.96057 3.5231779 581.57776 -23.89122 38.097706 43.57467 45.011482 844.24194 
78.25 882.79364 62.011883 -0.23361513 25.687077 28.536524 573.88574 -18.598454 -27.618587 23.866041 17.28536 562.13513 -6.970534 22.376804 60.462273 20.243334 795.9074 
78.75 849.4731 96.24551 11.237831 -3.591175 64.90581 561.22894 -23.032133 -28.601444 29.485819 15.941711 543.94214 -45.49823 1.7258878 61.53928 46.716534 753.9398 
79.25 842.42944 85.5796 19.928192 -10.317885 60.097267 571.958 -12.751789 -19.33351 26.8725 -1.3081495 550.0654 -104.36802 -7.695802 44.031727 100.677704 744.9005 
79.75 868.7811 28.519962 17.812126 0.6884153 11.731999 613.5857 2.8311012 -3.7628489 16.935143 -13.314823 588.39746 -129.255 -6.188664 24.659266 131.5043 774.1619 
80.25 906.19305 -23.501808 6.865117 10.523677 -32.866295 660.9521 12.808262 4.2139378 8.171559 -11.58875 635.6802 -101.898125 -0.38305563 20.319717 115.54571 813.4675 
80.75 920.5237 -26.085262 -1.5415599 14.569988 -33.026005 680.45764 17.417458 -3.042934 7.798159 -9.616619 657.51355 -58.718708 9.878812 29.360088 80.27958 824.81934 
81.25 903.36694 5.8644495 1.2792375 17.43791 -2.2132635 670.06006 19.274416 -17.952188 15.016193 -17.390617 647.7591 -49.90808 21.318481 39.04323 69.9903 801.58136 
81.75 867.9469 24.898865 11.792747 15.035618 18.24443 647.3115 18.52296 -22.409357 23.201817 -27.015673 623.2696 -82.188866 19.866167 38.262184 92.66646 763.9232 
82.25 823.65076 14.3665 18.090921 -0.8581667 14.948086 617.3477 17.738405 -8.845872 25.948414 -27.659891 593.7927 -116.546814 -3.1735692 26.979553 117.97614 725.82764 
82.75 773.47437 0.43840423 12.244415 -21.388966 9.734423 575.0209 23.0245 9.721976 20.341955 -22.77214 555.9687 -120.99323 -31.044538 14.093195 123.50855 684.64215 
83.25 733.31903 5.1649194 -2.5313911 -23.441025 17.154001 534.2097 33.67629 14.906128 7.972563 -22.049759 516.7425 -108.33027 -34.157246 8.857277 122.70111 644.00446 
83.75 727.2363 15.250919 -15.58674 -0.58441734 21.888737 525.1899 37.169014 6.1434655 -4.3888254 -22.91826 498.57645 -112.40559 -6.708642 12.081584 138.92458 623.2043 
84.25 755.13306 8.164064 -18.625015 23.425568 7.609734 554.09247 22.128513 2.374012 -8.481069 -11.998668 510.8139 -140.02312 22.505905 14.326346 167.78326 631.84796 
84.75 783.5578 -11.465977 -12.692342 22.674292 -12.989203 585.704 -4.5691786 19.007118 -3.0803304 13.8621025 530.8581 -164.09113 23.599394 4.768123 183.40157 649.879 
85.25 784.28705 -20.983374 -7.171864 2.3723743 -15.532487 584.4868 -21.952534 48.36121 1.8087946 38.697876 531.1412 -162.28297 1.0700872 -15.941144 176.88283 651.27386 
85.75 772.73285 -14.685173 -11.356752 -8.683148 -0.03275966 561.6149 -18.713097 68.47874 -5.658804 45.609486 518.4736 -144.91772 -14.166053 -33.854733 168.68636 642.70276 
86.25 783.7026 -8.350705 -25.105318 3.7429042 10.434631 557.33594 -7.6773105 70.2067 -24.56915 39.234444 523.40155 -136.80705 -4.626708 -37.116806 178.25992 652.8255 
86.75 819.0434 -10.842574 -38.879578 23.18961 5.3103075 584.8837 -13.523438 67.70029 -40.99113 43.863243 555.2756 -146.01518 14.975108 -31.365623 198.89046 686.2021 
87.25 843.8881 -11.212224 -42.74131 26.78995 -0.11809379 614.96313 -42.582523 80.81955 -42.39321 72.350006 585.79755 -158.9634 20.138954 -33.44405 210.38628 711.44037 
87.75 841.059 -4.0623975 -39.006523 12.958011 6.6715126 622.1792 -75.39989 109.10035 -33.453033 110.11591 591.8957 -165.49776 5.2073407 -50.760624 211.77638 707.8917 
88.25 844.98517 -5.03861 -39.059654 -2.4070568 12.952594 623.7577 -83.33542 132.25394 -28.724445 125.49569 592.65515 -168.20718 -15.438787 -70.39831 218.62727 705.9732 
88.75 896.9557 -26.483528 -48.78052 -8.364591 2.0705066 652.91437 -59.08153 135.13426 -35.090824 104.65694 624.6476 -170.74518 -27.151138 -75.2029 235.09547 751.67426 
89.25 979.3925 -49.833492 -59.689144 -6.2597036 -15.309097 706.46716 -28.562557 126.9245 -45.73644 72.04501 686.2716 -169.44446 -26.290337 -66.80804 245.57764 835.9588 
89.75 1026.6168 -45.485905 -59.168568 0.7890786 -13.260594 744.6527 -29.198067 130.41861 -51.874107 70.43891 732.0888 -163.57376 -16.108858 -64.851364 240.15167 891.25195 
90.5 988.28687 -10.430907 -42.850765 18.001284 14.695126 739.29816 -97.55634 169.04724 -54.692364 145.68788 718.6441 -167.05945 2.1239333 -94.892845 235.56874 847.0982 
91.5 1054.145 -68.13973 -57.696377 10.280629 -31.571348 794.2719 -105.599434 185.19751 -56.27898 166.57867 750.8877 -190.52074 -14.223372 -116.46757 272.0246 871.77185 
92.5 1264.0808 -56.341377 -63.638405 -4.0872207 -21.881453 942.89954 -21.559616 166.00436 -41.834297 80.23814 916.24854 -184.14853 -22.738033 -111.947624 267.10785 1090.5426 
93.5 1306.3054 -13.218009 -42.862885 52.52686 10.304255 1038.8577 -127.81598 201.55894 -64.745964 189.17339 1005.1794 -218.68213 27.41446 -151.41812 294.52655 1129.0131 
94.5 1405.967 -104.834656 -66.43144 24.669008 -69.24964 1105.2386 -88.52345 179.76694 -69.41148 148.10982 1068.0323 -196.22235 -6.7640057 -130.82372 278.0571 1207.2645 
95.5 1390.9275 -49.90179 -48.381145 -0.93928266 -31.49149 1057.8832 35.023617 153.13377 -47.271812 18.203068 1032.8033 -181.34546 -25.67015 -131.65709 251.25389 1205.9034 
96.5 1289.539 -65.64067 -41.18071 21.624184 -50.79249 1005.6418 -42.80116 157.60687 -68.92905 91.47663 968.149 -205.30383 -11.54713 -146.97282 275.45676 1098.9775 
97.5 1317.554 -83.363014 -36.336464 5.18549 -63.168064 982.4658 14.303946 122.10038 -42.316048 23.854483 950.3137 -195.33435 -23.408184 -107.64136 259.0027 1122.4032 
98.5 1378.8083 -69.30192 5.626676 -5.0640774 -84.10741 1040.0947 36.15547 128.7995 -33.773293 2.504 1013.26953 -228.42844 -29.140245 -125.3817 278.58484 1191.8234 
99.5 1455.6041 -112.79778 -1.4535775 -50.462578 -128.52289 1105.1864 13.561716 118.21909 -53.794468 26.419075 1067.7294 -197.72095 -68.38257 -118.31636 247.13043 1263.2399 
100.5 1427.3582 -98.2279 9.515592 -17.027681 -122.982956 1010.88354 139.27498 73.96928 -13.5134115 -107.024315 969.163 -203.82687 -20.346731 -98.0628 235.33301 1231.7908 
101.5 1372.2872 -85.04988 10.52314 -20.27785 -149.51707 955.5912 124.29865 106.68636 -11.902831 -87.092 918.8971 -198.31949 -28.125685 -115.43626 228.4025 1174.7639 
102.5 1441.9794 -98.63284 0.24291551 -75.6969 -156.6437 981.4533 114.53485 88.488945 -27.00532 -73.40011 927.94073 -243.13509 -68.5263 -84.21131 270.0806 1233.3531 
103.5 1509.6958 -208.9022 21.99895 7.4083223 -272.0005 1022.623 173.64084 33.21939 4.7055464 -138.2558 949.1128 -192.66507 20.719471 -91.03683 196.00269 1290.1841 
104.5 1504.4414 -100.2841 -16.388351 -17.848637 -200.91542 1003.32526 129.31837 75.53449 -4.1514087 -93.2099 953.01556 -51.432552 -17.651426 -83.48061 59.164215 1290.3455 
105.5 1377.3898 -23.501066 -29.541151 -65.476494 -122.599335 863.3672 168.40628 47.588985 -1.1896054 -122.702774 808.9558 -163.13145 -45.221794 -53.338882 164.34586 1181.436 
106.5 1172.2114 -107.61609 -27.481527 -1.813343 -197.37848 702.6973 258.15482 21.730951 50.749763 -218.23312 639.4266 -157.60162 11.250553 -85.7653 142.09637 976.9699 
107.5 1174.8457 -87.37953 -69.17116 -43.02594 -210.77486 686.7757 227.84552 87.3787 16.196041 -194.17877 632.7652 -98.19592 -43.97051 -52.74606 87.72004 964.1045 
108.5 1215.4583 -61.98221 -51.100258 -46.212845 -175.49976 795.6354 186.6469 39.64354 30.191284 -140.9396 703.8956 -39.048084 -25.083975 -29.180485 21.596498 1004.95996 
109.5 1277.4106 11.320245 -41.866302 46.44226 -67.67741 879.2531 164.311 12.411424 71.54238 -139.51619 804.3566 -95.28679 37.109783 -65.999466 62.153526 1083.3077 
110.5 1396.6129 -55.375664 -83.60501 14.651855 -159.05295 879.4936 169.06102 20.856493 14.869761 -151.44672 831.7262 -137.73784 -9.905823 -42.6243 91.72475 1214.6542 
111.5 1051.2869 -14.684028 -59.562702 -50.34091 -98.22766 632.7024 183.91884 5.631979 55.99182 -162.21228 540.21844 -55.290173 -39.679466 -7.1187553 9.361076 858.3453 
112.5 829.7085 -40.76394 -7.898109 -4.1700845 -85.61809 437.4756 128.95699 7.3904486 44.935688 -141.18677 293.2357 -76.288475 -26.290644 -33.811928 41.518005 572.0374 
113.5 979.0413 97.19775 -27.44319 -15.2945 31.80933 472.37317 123.33535 -17.564337 28.785454 -125.968445 307.62967 20.59874 -48.52336 -17.060486 -67.14 709.5216 
114.5 1150.599 81.62212 22.694092 9.366895 22.23825 744.85596 24.409576 30.281254 31.93693 -31.82216 567.4944 -292.41257 7.178051 27.417105 241.66486 882.44403 
115.5 1751.386 -300.22794 4.3066716 96.66287 -337.24625 1282.1141 -167.68198 -14.652632 -8.5357685 139.85806 1102.2314 -111.328606 81.20389 -21.860622 86.176094 1461.8489 
116.5 2837.0674 -98.74009 9.663284 -99.18251 -149.016 2071.3528 -267.91815 143.88983 7.865942 233.23308 1702.688 -463.91788 -100.330505 203.24701 415.20474 2368.92 
117.5 5316.526 -2422.3853 534.312 -91.48326 -2497.886 4394.087 -570.60205 113.95802 -463.10645 469.26627 2764.79 -1137.7244 -111.01082 125.74351 1065.8165 3574.7825 
118.5 7755.63 -3990.585 307.44373 330.39734 -4048.912 6606.375 -769.83307 -865.7659 -317.43777 708.1329 3368.1394 2276.0815 219.61719 -804.89966 -2308.9885 4392.3984 
119.5 7299.2144 585.61115 -981.2821 218.7811 553.7046 5929.7705 -394.12802 -635.87714 977.7549 460.34384 2523.0005 3267.9307 113.86584 -496.44666 -3321.2852 3770.637 
120.5 6679.0107 1585.9508 -699.2741 -241.78162 1531.6902 5352.051 -239.65855 967.5725 720.31934 301.12338 2168.7087 -1929.3982 -232.11273 960.7036 1858.7169 3355.2686 
121.5 7167.627 -2922.048 660.8038 -239.99611 -2958.106 5879.2534 -615.078 800.34406 -678.04785 609.5064 2772.3298 -2586.6543 -161.68071 725.18335 2539.026 3917.6912 
122.5 5898.7983 -2812.084 544.6106 -72.404205 -2833.7693 4665.489 -647.13434 -283.96823 -595.2474 600.167 2813.8574 683.39484 -40.08296 -229.77339 -752.6027 3905.9346 
123.5 3989.9868 -556.441 -32.47934 -23.188843 -613.41504 2914.565 -339.881 -203.38092 15.043129 279.26328 2404.8777 637.26917 -53.779682 -101.12846 -687.4791 3337.9224 
124.5 3104.242 -632.7237 11.342638 59.37982 -652.7331 2131.6833 -155.62283 24.184263 -26.161495 120.13341 1874.4115 33.267014 38.684433 60.101337 -85.49466 2697.4385 
125.5 2241.4036 -382.51794 -49.801468 105.83429 -378.25897 1423.1132 16.617455 -76.535706 -41.406433 -28.799248 1151.3445 325.80347 97.6548 -44.837452 -402.10992 1805.7795 
126.5 1411.9009 87.24283 -112.1136 74.916725 59.134346 751.70886 156.48749 -7.7266154 42.58603 -169.37189 549.09393 84.32536 71.46597 24.14399 -108.83309 1058.0995 
127.5 1106.8313 25.586296 -40.73593 93.79048 32.936497 414.5121 167.76538 63.047348 -27.934994 -183.50816 272.40454 -30.56282 105.13973 45.236725 -7.7491474 814.6694 
128.5 1045.4888 50.224785 -52.619057 88.46496 86.1998 376.53506 137.0555 33.059692 -74.62627 -132.6735 260.80984 -19.200647 85.195305 21.713572 -67.92669 770.7077 
129.5 997.19073 52.76556 -56.828537 46.051056 38.71865 432.25513 158.16756 0.047266245 -54.23834 -130.27695 263.66382 -18.163338 39.619717 -1.8223293 -43.784756 679.2199 
130.5 1051.7885 90.156395 -87.142914 86.91398 71.09427 397.71103 192.81061 -13.81812 -56.814323 -159.36816 221.38983 16.261284 78.797264 -24.265892 -66.78327 723.1315 
131.5 1120.0607 56.111935 -131.05954 72.72607 65.35493 413.4973 175.33455 -4.634078 -68.13175 -121.604416 236.03401 -71.606735 44.22863 30.375679 18.136675 792.22577 
132.5 1088.7628 -12.370186 -118.57345 18.077435 -53.750553 457.84894 182.8663 2.9285398 -28.684353 -101.406235 249.68367 -31.978552 -9.423587 74.21603 -3.7796845 733.74457 
133.5 1124.1296 77.96037 -104.362656 79.58446 7.772502 474.76288 209.74617 10.4433 36.016785 -122.95136 257.51364 1.8298032 57.181217 85.10287 -23.541424 750.30914 
134.5 1153.347 41.213455 -84.805786 116.35861 6.573849 469.2408 165.00255 8.497108 26.306263 -82.433205 252.66136 -85.59023 93.38686 87.295006 78.57075 793.17426 
135.5 1089.4991 -30.54894 -55.204697 77.91507 -58.361004 392.72305 79.156906 -14.183874 -21.798018 -9.061899 204.14465 -42.754807 45.110622 48.33217 41.91332 780.4629 
136.5 1097.0505 3.6949792 -14.377684 114.89787 7.874194 419.7111 85.92184 -0.31689966 -11.481674 -15.047632 204.24965 -14.537479 74.754295 42.68489 7.5986547 764.45245 
137.5 1155.3647 -66.386795 30.463339 153.4407 -21.582903 566.1397 152.19398 39.93565 8.012549 -53.95584 254.03336 -82.85817 137.04738 64.48981 73.491455 721.09 
138.5 1112.8646 -92.357635 21.691748 76.66091 -79.20633 532.445 98.80044 40.151627 -6.352341 -3.8890429 218.0293 -104.76941 77.18467 34.856148 66.119095 684.5178 
139.5 969.18384 -9.554716 20.015974 34.86617 0.06544542 369.72226 7.003229 31.866446 -43.87801 53.1246 99.70614 -127.69542 27.152102 16.579859 54.112278 602.0737 
140.5 908.418 -11.184147 83.826866 63.830822 38.562782 386.78122 8.137074 11.872145 -69.74797 56.527447 64.94167 -105.916145 46.066555 5.778896 64.105125 487.269 
141.5 959.43353 -18.561205 104.63151 46.951313 12.286677 500.0438 50.38043 -49.436146 -28.19635 47.868023 130.62083 -32.946712 28.144802 -66.28011 24.164219 481.2388 
142.5 861.5815 8.562517 61.532406 19.798594 6.343998 452.9982 91.48392 -78.56799 -5.7870016 -8.327982 142.97282 -77.39865 -2.0022013 -133.46748 39.145718 449.4002 
143.5 657.4879 -15.183787 56.997715 20.929869 -10.189108 294.2585 46.5259 -64.47007 -66.52287 -8.804759 45.8585 -151.2095 -27.178219 -136.30106 78.449814 312.13412 
144.5 672.54614 -31.62682 105.14552 28.474373 -8.543095 273.76865 -39.85913 -54.093414 -102.52457 69.15655 -22.388094 -115.37163 -24.484919 -99.20245 38.35182 285.58624 
145.5 796.3515 -35.910294 117.73967 5.707801 -1.0830309 398.7964 -0.65733826 -38.434254 -52.155544 29.693258 13.516517 -108.25816 -12.436817 -63.684525 45.60382 335.92416 
146.5 759.0983 -73.880646 57.068886 -4.6246104 -64.647385 376.8194 66.06164 -30.973228 -3.1359644 -50.89814 -11.692621 -158.58395 -15.459749 -80.94706 98.26134 296.91785 
147.5 684.3151 -80.16525 39.42906 63.377357 -107.930435 227.54529 53.43273 -62.792282 -47.172256 -41.73243 -118.48757 -129.08116 38.141373 -133.38647 81.853 261.87222 
148.5 677.1375 -53.019444 117.22303 79.22268 -67.44198 182.47954 47.862835 -106.830444 -113.68089 -41.202015 -171.62141 -58.826202 64.413704 -148.02629 47.000862 256.51065 
149.5 680.60925 -64.47857 146.11156 4.9471126 -61.3161 172.39055 72.1956 -101.10607 -120.513794 -74.43343 -183.47523 -29.639673 4.7913766 -119.51287 15.135556 260.07483 
150.5 709.2765 -74.01738 73.66272 -18.20706 -80.80247 147.97491 79.26502 -77.38074 -103.50357 -89.67674 -157.27917 -25.45666 -21.86318 -96.54328 3.7037234 334.21786 
151.5 757.7747 -67.12859 14.787678 18.21151 -78.43235 169.2269 87.285065 -117.739685 -73.540215 -96.085625 -124.91956 -42.185028 9.692949 -109.226814 46.430534 392.6955 
152.5 829.6309 -105.08674 20.112307 37.784664 -108.79885 175.46399 143.10442 -144.33856 -46.179005 -118.9014 -167.60869 -30.796396 46.031322 -109.246155 60.069443 409.47226 
153.5 873.0347 -74.529106 66.64574 12.523863 -68.35265 167.0469 157.68178 -85.99867 -78.02734 -120.831924 -171.24156 11.867367 43.32703 -57.617577 39.955536 447.3521 
154.5 848.5422 65.63769 111.09291 -35.97538 39.587234 203.98578 101.7466 -59.0703 -92.63156 -113.903656 -85.786995 -25.330763 -13.893834 -33.49522 57.45044 467.99655 
155.5 841.84314 91.11522 123.168335 -59.4336 8.066267 247.4428 61.780155 -78.28404 -42.94966 -99.31535 -56.099857 -63.733017 -36.873512 -31.288963 54.53456 453.32712 
156.5 863.02594 -27.654936 83.365585 -57.01159 -93.91699 266.6028 33.748676 -50.768116 -42.566647 -22.771986 -65.3692 11.224756 4.7943254 36.10278 30.19244 445.43192 
157.5 957.8559 -92.26089 -8.072629 -21.252756 -85.95007 210.60973 41.24892 -1.1002005 -60.267788 -13.315484 -145.87004 41.01689 26.731188 75.592255 24.22349 512.14703 
158.5 1249.443 -22.869347 48.618584 133.98398 4.4022026 33.15614 89.04526 38.39382 -75.942 -148.05557 -459.40436 -19.778536 111.43607 12.850034 -8.559188 677.63684 
159.5 1585.729 94.96886 296.88016 238.78653 59.223522 -46.075336 169.48889 109.82832 -200.50926 -271.21103 -737.7812 1.0806575 242.45294 52.344597 42.192894 780.1403 
160.5 1750.917 150.18896 336.7699 74.56318 24.453331 128.90573 315.99258 217.29752 -283.00284 -314.6745 -667.86755 72.43514 218.07845 253.10103 149.33008 753.3174 
161.5 2168.5684 157.01044 163.78674 -31.541443 72.07226 147.07835 564.9007 193.58543 -168.74583 -562.50214 -599.61926 72.716034 186.39165 264.08676 70.455 1204.5486 
162.5 2912.918 191.62285 316.5672 112.39361 343.9835 -311.46558 834.53156 -10.369659 -138.2226 -964.7395 -776.03906 117.75066 290.73538 56.656902 6.2945867 2193.4011 
163.5 2992.0398 157.8083 594.891 104.58423 386.76022 -546.35736 849.4247 -16.001791 -321.90997 -737.89636 -769.6739 177.70296 301.77338 49.688606 196.64163 2324.762 
164.5 3022.4187 -11.012985 461.49176 -336.44586 -43.112743 122.56081 732.72174 101.421745 -308.85983 -185.51508 -644.7426 -51.578556 19.197514 74.43449 365.2914 1788.0682 
165.5 4740.938 161.73889 538.6205 -1018.3548 9.256218 907.3442 699.2283 -642.48224 -48.60893 -541.07935 -1132.3397 -470.0794 -440.19418 -492.61945 522.25507 2326.891 
166.5 6681.0776 1038.4668 1011.1836 -1399.8243 916.0252 1248.6082 376.9031 -2191.6628 -97.52981 -1331.666 -1817.955 -749.7954 -572.34656 -1411.7358 966.5368 2819.251 
167.5 6998.3184 1872.7599 640.93036 -1059.1318 1589.933 2344.5305 -90.20964 -2718.26 -440.85626 -1628.2909 -1396.6139 -877.6717 -143.12206 -1583.2455 1373.1503 1972.1075 
168.5 7957.542 2142.0952 -324.39883 -217.69568 2020.3586 4409.6606 -335.47302 -1414.3615 -245.5897 -1537.7146 -380.40634 -755.3721 306.5581 -449.9357 1409.1466 2198.6292 
169.5 10823.667 2654.3645 -626.8211 487.59015 2998.808 5595.5054 -995.3195 342.03036 997.9924 -258.20197 -769.2258 -762.1793 377.3048 1067.701 1596.1476 3817.386 
170.5 12911.6045 3267.3303 -948.5931 561.72345 3509.823 5636.2026 -1432.8562 1165.7258 2538.0544 1847.4232 -2609.606 -1864.2406 275.31366 1482.475 2276.5984 3676.407 
171.5 13120.689 2619.162 -1122.6144 -44.46903 2703.8823 5972.74 4.8710136 904.24207 2643.575 1622.7642 -3684.0164 -3081.5554 187.44104 940.2708 2674.7104 2445.9487 
172.5 12551.699 1384.3175 670.1526 -931.5872 1785.7546 5931.2324 1394.9146 213.25763 989.50446 -530.0874 -2965.5217 -2531.3997 334.55206 979.70825 2262.6501 2917.962 
173.5 10903.733 982.18665 2714.932 -1445.9386 1182.3064 4053.2444 120.7274 -329.10757 -262.9101 -413.4678 -1647.7013 -1386.3657 851.21216 1458.2894 1610.0446 3887.8867 
174.5 8319.227 666.05865 1915.0741 -1191.9502 487.2602 1700.3081 -1512.7515 -1242.0309 137.77379 1505.6407 -775.3454 -1054.0564 1106.3262 582.0926 750.6124 3819.2205 
175.5 6508.257 132.75919 244.58327 -434.57855 474.61566 870.78534 -784.49133 -2431.3208 562.88025 1435.7761 -417.88367 -58.891823 797.18835 -1004.93304 -562.3357 3544.058 
176.5 5673.738 358.41324 459.05728 -129.9004 701.19885 1295.8308 655.8486 -1717.612 250.65445 -88.80417 -689.3192 1352.8792 775.0779 -336.61566 -942.83026 2317.153 
177.5 5238.151 815.4303 1031.1437 -1025.1306 -172.6743 1750.2251 782.7831 870.276 287.20694 -504.68506 -1353.6185 982.3295 1023.3654 2027.1273 225.8241 147.14651 
178.5 5983.5244 559.44196 571.7776 -2701.1382 -797.94135 1598.6173 53.54996 1703.63 440.07758 -294.6661 -1513.9785 -86.84977 215.52988 2223.9995 839.5744 653.2216 
179.5 7483.0723 77.825066 62.948723 -3977.9026 -176.22029 1120.4186 -520.89465 327.27222 93.16309 -526.74744 -1119.1241 -77.82381 -1259.1085 386.05276 174.74501 3613.128 
