0.25 21099430 -964.1107 341.2225 47001.293 -977.4747 21099010 4145.6187 90.482185 344.69168 -4145.6426 21099016 1484.4614 46584.16 -103.5856 -1490.615 21098746 
0.75 16891630 -7355.3545 2629.7424 40183.703 -7470.339 16891046 6597.77 701.318 2658.2666 -6599.774 16891048 11326.873 39811.402 -803.1273 -11381.289 16890938 
1.25 10541178 -14387.522 5229.8784 29058.9 -14679.864 10540339 9274.242 1411.6559 5295.612 -9287.098 10540302 22118.582 28752.023 -1620.347 -22265.447 10540482 
1.75 4807703.5 -15403.327 5834.397 17402.125 -15894.302 4806583 9506.121 1610.4913 5932.2275 -9543.52 4806477 23918.902 17155.225 -1859.9242 -24196.883 4806958 
2.25 1476028.4 -8122.0874 3628.1643 8465.981 -8759.628 1474704.1 6204.233 1050.7788 3741.184 -6273.981 1474507.6 14165.489 8267.445 -1240.8906 -14600.942 1475218 
2.75 598611.2 4039.2302 -184.74019 3727.102 3368.5015 597220.8 548.6394 21.936668 -74.32306 -643.7042 596963.4 -711.92804 3578.0554 -88.57987 125.12176 597736.56 
3.25 1006152.3 15115.111 -3469.6316 2707.1074 14541.389 1004853.8 -5010.0024 -885.7123 -3370.0264 4909.634 1004595.7 -11226.699 2619.638 934.7407 10551.222 1005230.2 
3.75 1435924.6 20857.785 -4765.179 3725.607 20475.115 1434835.4 -8385.693 -1199.1757 -4669.1533 8300.488 1434630.1 -12388.516 3703.5796 1299.7489 11744.203 1434975.9 
4.25 1325210.6 20620.377 -4074.0796 4934.397 20458.094 1324354 -8856.114 -851.9468 -3960.5583 8794.097 1324211.4 -6473.9775 4958.3325 928.2148 5997.6523 1324249.5 
4.75 831597.7 16316.761 -2427.4778 5085.9316 16345.787 830896.94 -6972.4233 -182.66797 -2273.7896 6926.129 830786.06 253.87009 5118.847 185.75523 -472.78134 830642.5 
5.25 357602.25 10383.104 -908.9104 3831.886 10541.943 356937.22 -3903.0706 314.84732 -709.5715 3858.4753 356815.28 2948.474 3841.4368 -391.73593 -2913.5007 356686.88 
5.75 127533.266 4670.35 -37.669075 1664.8328 4888.9365 126830.9 -839.58563 310.29968 182.5302 788.9957 126682.19 1107.9502 1642.3141 -438.49246 -909.8616 126713.08 
6.25 105421.73 419.62115 191.6394 -416.78705 634.18384 104705.48 1311.0175 -163.6309 385.01453 -1362.3729 104549.92 -2401.7917 -455.58023 29.238434 2637.055 104757.266 
6.75 151695.44 -1605.3502 -23.130665 -1474.425 -1440.8236 151045.7 2082.7656 -752.3058 102.3577 -2121.2864 150918.77 -4339.9224 -1504.6005 649.5 4512.7646 151217.95 
7.25 174540.97 -1346.2109 -480.53244 -1201.3716 -1249.8099 174008.77 1554.6282 -1041.8982 -424.4951 -1569.786 173926.03 -3408.7288 -1206.6273 981.25323 3479.5806 174225.23 
7.75 159250.08 339.8085 -963.7566 -112.7417 379.57242 158802.52 314.9741 -862.036 -930.5526 -308.30035 158740.05 -605.0111 -92.925186 821.6136 587.87726 159016.61 
8.25 124062.68 2015.0686 -1237.3688 857.40515 2027.3384 123609.52 -794.6702 -388.22974 -1159.6678 809.9641 123516.86 1990.493 890.9709 328.8535 -2059.5955 123814.7 
8.75 86004.98 2476.1855 -1156.1741 1064.8788 2489.2515 85475.21 -1075.1742 42.01465 -992.39044 1083.1147 85311.83 2790.121 1099.7993 -148.49904 -2883.6646 85679.61 
9.25 57319.285 1462.1049 -766.7759 569.766 1490.9834 56716.24 -319.44235 224.84912 -532.124 311.09418 56484.336 1621.1138 600.4072 -373.22324 -1730.6829 56919.074 
9.75 47218.504 -258.79117 -268.25125 -71.8544 -213.62798 46611.355 1053.5621 216.38089 -27.039577 -1076.9119 46357.934 -416.35934 -43.779274 -368.40466 290.59302 46802.137 
10.25 55684.688 -1469.9545 127.25099 -372.98816 -1417.7883 55153.68 2196.3079 193.89494 301.67413 -2227.5806 54939.242 -1880.4655 -344.25906 -302.47903 1747.3307 55322.49 
10.75 70726.086 -1362.0723 297.5693 -278.20505 -1316.1033 70310.65 2348.9583 236.6427 365.797 -2381.717 70165.836 -1993.799 -251.19687 -277.36246 1878.1006 70450.7 
11.25 77701.41 -88.11985 228.4523 -54.41888 -58.116943 77383.664 1403.9517 272.08902 202.84045 -1435.0278 77286.77 -1052.9071 -39.280075 -259.66165 984.7127 77486.12 
11.75 71110.33 1369.1415 -6.1394405 54.146076 1385.4384 70833.91 51.114674 208.40495 -75.62281 -78.81256 70726.4 -28.396109 44.86915 -185.47221 23.607346 70889.484 
12.25 56474.684 1940.6255 -263.1868 22.404589 1959.8232 56181.473 -737.1902 62.983593 -321.57248 715.1694 56010.895 243.7959 -16.772715 -69.148346 -195.31793 56191.965 
12.75 42728.273 1257.4606 -389.0056 -37.32402 1299.4521 42390.473 -514.25024 -65.23291 -405.8846 500.11868 42150.414 -340.29553 -98.59279 20.89364 410.8325 42378.984 
13.25 34851.527 -130.51268 -319.9425 -49.50647 -61.035015 34481.797 283.9685 -112.53027 -300.17188 -290.3713 34218.07 -1174.9873 -114.02461 53.759747 1232.5797 34487.613 
13.75 32343.41 -1240.2816 -137.23775 -35.36154 -1162.2216 31977.06 794.8143 -96.427246 -108.76831 -796.7991 31754.57 -1496.4908 -82.88682 54.33047 1519.5797 32035.326 
14.25 31587.508 -1403.9519 4.1742105 -41.47355 -1347.2323 31250.15 542.8033 -58.75166 16.37893 -545.2086 31102.82 -997.01526 -60.894085 38.702885 985.09467 31368.387 
14.75 28764.545 -690.9632 16.089836 -59.2305 -672.59607 28450.992 -191.90755 -14.921038 11.833538 184.90637 28352.361 -34.9654 -53.368053 -16.09658 4.668825 28598.682 
15.25 22319.367 237.5812 -58.990387 -27.145506 227.2085 22000.965 -739.67804 21.933851 -54.295998 725.61273 21879.037 677.52747 -9.524357 -113.697 -704.1496 22121.945 
15.75 14330.611 644.9408 -119.5979 93.278305 633.8409 13981.8125 -676.59186 8.841418 -76.1691 654.8474 13770.118 625.6771 106.96646 -185.07748 -634.2894 14026.962 
16.25 9262.082 222.96188 -115.5412 241.69257 236.02586 8881.576 -109.630714 -87.35782 -24.960142 81.64494 8570.054 -145.36893 242.19185 -140.29294 154.04854 8844.086 
16.75 10225.827 -717.85034 -73.62899 262.99414 -675.3456 9836.315 520.4714 -223.3594 42.620712 -551.1047 9483.65 -1092.0151 251.51106 23.464157 1105.6016 9762.702 
17.25 15944.72 -1480.1505 -37.44793 23.037312 -1423.3225 15576.462 803.0705 -294.76535 67.92484 -831.43286 15272.178 -1569.233 8.832009 196.01779 1575.6104 15538.365 
17.75 21529.645 -1495.1055 -16.704418 -440.0746 -1447.3157 21202.822 593.2226 -240.18954 50.88944 -614.8347 21003.994 -1269.8944 -446.74664 253.37901 1268.2931 21244.691 
18.25 22547.865 -771.10175 0.115288734 -874.877 -748.6773 22264.04 69.86509 -109.78147 28.780537 -82.44867 22151.62 -424.65543 -869.7812 168.32393 425.65115 22365.69 
18.75 18464.531 97.300804 12.820351 -990.3601 94.44846 18208.295 -369.3815 -15.314627 26.59624 364.96246 18096.818 363.84772 -977.55646 20.871841 -348.6698 18294.8 
19.25 12620.194 396.5613 10.697517 -710.6172 383.30515 12369.899 -368.899 -17.829788 44.61562 368.75827 12167.014 548.83386 -698.5411 -86.2591 -517.9231 12364.304 
19.75 9146.111 -133.91101 -3.0886035 -263.96313 -139.75487 8889.012 89.909515 -81.12581 76.09534 -91.26625 8563.701 41.198277 -258.60855 -104.979965 -4.535351 8768.953 
20.25 9714.241 -1109.7491 -8.842109 10.787777 -1101.0901 9455.799 636.2139 -126.00994 112.12389 -643.19653 9064.033 -723.4687 10.157351 -53.223743 752.59 9271.294 
20.75 12633.423 -1834.1104 6.4481683 -39.41698 -1818.5477 12391 821.6361 -108.43611 133.20581 -834.94885 12036.441 -1126.6958 -39.85583 16.968887 1141.1917 12230.225 
21.25 14647.477 -1845.2266 35.711323 -276.28323 -1835.5148 14431.863 525.4584 -44.068695 119.455086 -541.7926 14188.525 -854.16675 -269.9396 53.32083 856.35535 14359.352 
21.75 13718.305 -1229.7087 64.05055 -439.08673 -1230.4028 13520.318 41.3104 20.996853 77.68636 -56.244545 13376.047 -126.937836 -423.07626 28.01216 124.73662 13531.674 
22.25 10497.115 -498.5732 82.92149 -387.53888 -502.91382 10293.738 -227.92543 50.05018 44.162224 216.09196 10159.408 502.29797 -363.06567 -47.279537 -502.01193 10319.613 
22.75 7448.524 -176.21532 86.71223 -183.85423 -175.95389 7222.846 -123.29007 39.419003 47.91575 112.34363 7001.0566 591.30646 -154.1133 -128.80046 -587.761 7180.641 
23.25 6634.08 -424.892 66.823654 10.58596 -421.29037 6389.2544 205.8794 19.82525 76.95391 -219.54765 6049.1216 118.409355 41.85313 -173.72502 -117.30905 6245.631 
23.75 8174.522 -961.7397 21.537296 76.80412 -965.36414 7929.3438 500.86838 30.63082 89.40734 -518.62854 7529.2993 -550.7 105.00702 -170.77573 542.7752 7726.006 
24.25 10505.691 -1307.7799 -29.63552 5.627222 -1327.9421 10278.178 597.71564 78.70901 57.10609 -617.7424 9920.664 -959.8689 25.296894 -139.56241 943.60913 10100.329 
24.75 11828.305 -1174.6097 -54.595356 -113.37529 -1209.8157 11622.59 485.5491 121.62871 -8.74419 -505.56656 11377.426 -881.262 -106.37884 -105.72262 867.1901 11534.777 
25.25 11355.653 -683.1595 -35.314148 -147.63165 -720.49786 11160.7705 266.4614 103.30309 -68.690216 -287.56918 11015.627 -448.57898 -152.89342 -81.51491 448.96536 11160.419 
25.75 9587.592 -238.03203 14.589441 -24.889755 -260.1941 9385.618 86.2317 12.576338 -85.38159 -113.81621 9258.497 -40.455227 -36.742363 -64.319244 56.744293 9409.014 
26.25 7755.9717 -175.91681 62.060055 176.30794 -170.60976 7533.5356 42.91549 -99.76267 -46.783875 -82.825935 7334.4053 2.7540362 165.26747 -40.709946 16.525482 7505.644 
26.75 6965.4097 -504.75812 81.296486 259.01675 -472.90088 6722.6665 107.06077 -166.0187 24.329426 -159.40985 6417.967 -364.93643 253.03737 8.089848 370.96643 6611.3525 
27.25 7487.594 -941.73206 68.92614 88.27261 -900.2362 7238.5728 142.52495 -159.4945 78.47786 -198.47104 6874.015 -858.4772 86.95676 89.69901 846.7349 7076.434 
27.75 8604.443 -1161.6422 39.679173 -245.92847 -1135.4153 8366.073 42.829174 -108.09878 71.219696 -88.454994 8034.8853 -1085.5338 -244.19814 179.014 1066.8005 8229.579 
28.25 9178.2705 -1008.367 12.772887 -482.69125 -1012.8316 8954.535 -149.16373 -62.181767 3.8376455 123.24565 8733.862 -859.2736 -476.27112 222.67056 848.92426 8915.362 
28.75 8574.26 -541.07043 0.29080844 -436.52817 -568.5244 8349.496 -275.2075 -56.73833 -67.06903 265.40222 8244.111 -351.27682 -420.46442 183.7568 356.1439 8424.141 
29.25 7168.084 18.8872 3.077796 -178.33496 -5.592181 6917.3354 -218.80621 -94.592995 -73.659065 208.34515 6843.3325 24.376055 -149.89139 88.88919 -9.7656555 7042.108 
29.75 6043.837 356.51505 16.892656 44.88705 357.718 5752.1426 -26.262526 -148.41478 0.07946521 -5.5294 5573.0586 -110.29868 80.27802 21.001106 122.6708 5803.963 
30.25 6267.2803 181.31427 44.76406 55.521683 209.22548 5940.414 114.21897 -176.99704 100.18643 -179.04254 5544.1133 -848.2219 84.72234 51.90775 847.9118 5805.2686 
30.75 8334.072 -563.28253 100.36501 -107.99718 -527.6387 7991.2075 6.488863 -155.18745 152.01048 -98.91052 7370.9775 -1902.9769 -97.408966 174.93008 1886.6902 7649.873 
31.25 11898.165 -1529.4058 188.66563 -265.28802 -1506.5066 11556.134 -400.99365 -99.60367 128.12233 301.87692 10842.161 -2711.94 -274.887 303.33972 2685.353 11125.579 
31.75 15631.648 -2068.6433 279.3245 -275.13547 -2064.662 15295.936 -936.91156 -56.769806 70.62571 856.5701 14694.192 -2734.6912 -292.9427 338.45557 2709.651 14974.182 
32.25 17504.252 -1669.115 308.5149 -139.38666 -1675.0161 17175.324 -1280.0592 -54.171127 47.423134 1234.1565 16826.02 -1853.5912 -148.23164 250.18398 1839.8125 17096.389 
32.75 15978.004 -433.68268 229.17827 22.872835 -435.55643 15662.392 -1191.4309 -64.44481 87.253235 1176.2327 15506.032 -610.4488 31.759 105.3982 607.25134 15757.1045 
33.25 11634.314 836.42944 72.19493 74.27338 847.22894 11342.869 -754.9773 -31.64167 151.43459 749.10187 11112.1 23.842321 93.51309 22.408554 -27.6015 11335.3125 
33.75 7542.274 1131.1763 -50.888638 -36.93337 1154.2151 7272.5757 -381.75043 61.127163 166.41386 359.0095 6657.638 -655.64197 -25.712122 82.46087 638.6295 6860.7974 
34.25 7225.7705 -0.32557964 -29.653498 -222.20396 27.04747 6947.4688 -491.71976 158.74449 91.454254 436.8023 5840.883 -2416.2412 -233.6564 261.04245 2380.6294 6057.571 
34.75 11518.534 -1988.5177 142.18987 -302.9676 -1967.8531 11186.127 -1117.6882 179.74738 -34.03653 1034.161 9813.106 -4083.241 -335.378 435.35706 4032.0989 10086.57 
35.25 17317.08 -3521.4329 345.29617 -163.79504 -3516.7705 16908.754 -1818.7227 98.05204 -109.80036 1725.2699 15705.39 -4367.8584 -199.23592 473.8314 4308.6626 16051.065 
35.75 19865.299 -3465.6917 429.66953 116.38172 -3481.6348 19411.908 -2032.8022 -22.639997 -56.73763 1952.667 18707.984 -2928.8408 98.53194 343.76172 2871.6055 19089.682 
36.25 16781.723 -1786.2078 344.44162 311.32993 -1822.8749 16348.779 -1569.6439 -76.96118 102.14917 1521.1156 16094.005 -753.77057 318.2744 143.83658 711.0931 16446.465 
36.75 10177.155 299.0109 179.27512 261.58392 244.51337 9807.461 -790.61536 -4.013648 240.9841 781.8363 9577.372 541.32965 282.11484 23.55169 -558.90155 9863.949 
37.25 4939.4224 1177.5444 78.46554 42.56619 1110.7122 4610.5967 -306.3027 162.24303 228.24059 333.09036 3916.4717 -27.917383 57.394627 56.047577 34.59336 4166.8965 
37.75 4780.419 120.573975 112.60418 -104.80506 48.628235 4423.9224 -466.6013 317.3448 44.365448 513.0338 3095.199 -2025.0793 -106.7902 180.30676 2040.2041 3380.7368 
38.25 9442.545 -2073.7532 227.44003 -13.096845 -2145.2063 9008.764 -1092.6519 362.30597 -190.48643 1136.9517 7338.7085 -3932.4868 -27.430033 266.78223 3935.7327 7705.2124 
38.75 15166.919 -3681.6072 306.86395 255.45238 -3751.93 14670.876 -1665.0736 274.2727 -312.5217 1690.9945 13199.542 -4347.8535 242.06326 238.72897 4331.412 13625.075 
39.25 17739.174 -3445.2207 278.90387 489.2216 -3516.4734 17241.664 -1769.1167 120.731606 -249.72444 1776.2617 16348.286 -3064.4546 486.81244 130.46272 3040.293 16767.092 
39.75 15614.746 -1566.6083 168.2168 535.94116 -1636.7086 15162.652 -1393.1132 8.061762 -72.58018 1397.0975 14797.728 -1168.6846 546.46106 34.8623 1158.6069 15162.696 
40.25 10851.79 548.8209 61.200466 418.95743 487.87308 10440.716 -853.4505 5.123666 79.94947 874.02277 10206.124 -107.149605 440.59897 7.2159376 125.121346 10525.63 
40.75 7303.4976 1520.6439 26.905163 274.47784 1473.8955 6894.485 -482.2096 100.56852 118.65304 528.0185 6384.186 -523.32745 305.8871 26.697441 565.08636 6703.0103 
41.25 7527.461 1065.1971 63.463085 210.76791 1024.6378 7089.8096 -395.97537 221.61462 56.07452 458.00128 6194.6973 -1829.7974 248.24272 41.17099 1876.2314 6548.4116 
41.75 10861.835 17.183859 109.67578 231.25626 -34.392883 10395.447 -508.65045 288.7225 -35.97844 566.86084 9333.1875 -2822.4414 264.46982 30.723207 2851.9736 9723.066 
42.25 14242.964 -559.5812 106.77286 263.91364 -630.9052 13767.821 -673.34485 260.032 -97.39019 710.59064 12855.113 -2734.407 280.5868 18.463129 2735.5132 13257.184 
42.75 15025.863 -250.31607 54.491467 241.41904 -329.19595 14562.31 -769.23193 145.24658 -107.59614 782.0018 13958.962 -1786.6158 240.14056 28.64446 1763.8602 14345.679 
43.25 13230.179 585.30963 9.395571 160.84207 522.6626 12790.924 -708.8834 -1.8368107 -69.138695 708.4506 12427.77 -820.90356 157.81927 50.31105 791.1027 12781.01 
43.75 11153.963 1351.7024 24.952978 81.38839 1317.6162 10743.776 -467.27838 -104.25201 6.4223433 472.08105 10445.744 -474.00455 99.94433 48.084637 454.64432 10760.795 
44.25 10899.076 1756.058 92.62326 66.38036 1739.2494 10511.16 -145.41156 -101.48501 90.07853 170.23152 10155.824 -713.3267 116.67128 2.4303484 711.16876 10443.547 
44.75 12412.516 1872.0988 146.19789 117.6112 1849.5747 12026.251 57.852955 3.0633013 133.92123 -9.891041 11592.728 -1085.2997 186.53781 -67.43381 1094.3303 11876.742 
45.25 13952.6045 1856.861 127.622154 165.78577 1816.7506 13543.23 17.538054 129.03433 103.7943 43.239845 13054.681 -1271.1757 227.72331 -118.52356 1280.9286 13358.805 
45.75 14227.758 1753.9943 45.124023 136.17189 1705.1963 13782.264 -169.94188 174.50739 18.099878 224.84416 13248.733 -1322.1161 173.51651 -118.87097 1327.0358 13583.675 
46.25 13656.651 1574.9225 -34.679535 23.574087 1536.2849 13177.934 -265.3774 100.16507 -56.077255 296.69577 12607.423 -1404.4175 37.806873 -67.23578 1404.7703 12970.861 
46.75 13526.235 1437.8995 -52.209305 -99.325165 1419.7837 13021.489 -137.50531 -34.395405 -62.11433 138.55074 12457.433 -1489.713 -94.344444 7.473893 1483.8309 12845.631 
47.25 14235.996 1510.8201 -7.674655 -152.4806 1506.8903 13707.632 95.51019 -129.25874 -7.7884426 -115.389114 13217.802 -1393.5704 -144.83842 66.55753 1373.2894 13630.703 
47.75 14844.206 1800.8579 47.71811 -121.895836 1794.4589 14296.15 211.98781 -134.48752 45.523132 -231.96432 13911.318 -1074.5873 -108.84076 82.30223 1031.1414 14343.215 
48.25 14345.984 2086.587 65.03268 -63.991142 2062.9243 13792.389 142.45357 -83.05307 47.831184 -143.39842 13470.004 -753.53143 -48.83022 54.804577 688.3924 13903.021 
48.75 13000.823 2125.9539 39.5261 -46.10637 2080.3032 12456.684 29.170034 -38.183945 8.272827 -6.6509776 12121.497 -667.693 -31.812954 10.860898 595.2482 12539.566 
49.25 12040.335 1924.0916 6.7564907 -87.00139 1861.7468 11501.112 31.279562 -27.320992 -24.58447 2.9394994 11120.108 -778.6954 -73.86609 -15.850993 715.60016 11530.71 
49.75 12171.509 1731.3588 3.3016605 -149.45256 1661.6843 11610.471 130.24431 -32.36055 -21.870575 -99.76875 11215.567 -826.49005 -136.40103 -12.3460865 777.6922 11649.043 
50.25 12841.227 1766.7206 28.938011 -177.95412 1695.3618 12234.788 184.86523 -28.734442 -6.406626 -163.20818 11869.971 -673.23956 -163.98288 3.122738 629.3182 12350.244 
50.75 12922.044 1948.7772 54.333164 -159.59004 1874.9167 12276.621 113.92152 -18.916582 -9.778395 -93.31293 11942.549 -479.89603 -143.4893 4.901037 429.7737 12460.562 
51.25 12161.579 2018.2373 49.591507 -139.30943 1937.7233 11505.222 6.3556523 -18.929502 -33.45117 21.854053 11165.631 -493.9018 -120.483284 -10.3798275 437.89273 11691.699 
51.75 11376.262 1862.5387 21.797132 -180.9632 1773.0487 10725.967 -2.2587898 -34.9639 -44.455627 36.344315 10353.903 -733.4314 -160.13434 -21.806118 683.853 10872.344 
52.25 11438.835 1648.8375 9.932226 -287.75272 1552.3137 10785.757 111.88964 -60.445683 -22.031036 -80.5671 10364.493 -1028.155 -265.6543 -16.834473 995.77826 10886.839 
52.75 12441.964 1556.4106 41.383877 -369.59766 1456.0774 11773.875 252.59085 -88.17892 11.751961 -226.7828 11238.038 -1366.841 -343.91278 -16.096848 1348.804 11776.771 
53.25 14003.321 1438.7327 92.88478 -321.80762 1334.9817 13331.602 327.75375 -111.939926 17.338823 -299.55258 12552.662 -2019.923 -286.88748 -50.059155 2002.6241 13092.591 
53.75 16000.116 940.3966 105.391655 -159.80174 831.00525 15348.973 335.33292 -119.25903 -10.746324 -296.7787 14257.852 -3130.0393 -111.37009 -109.98278 3103.25 14769.104 
54.25 18465.082 73.86527 46.02023 -48.87535 -42.30083 17831.504 331.97534 -98.332535 -33.086826 -288.27 16587.844 -4232.449 10.823641 -141.32138 4198.6387 17070.291 
54.75 20737.338 -430.98145 -44.253445 -149.453 -551.0296 20075.758 366.13855 -61.669506 -11.928085 -334.1538 19041.264 -4479.8926 -85.91583 -102.29308 4447.943 19542.46 
55.25 21380.12 328.9069 -76.57969 -412.01486 210.26971 20642.629 455.80316 -48.013023 35.641163 -448.79367 20042.889 -3620.0603 -350.54495 -25.752298 3592.5269 20616.346 
55.75 19680.033 2286.4932 3.8891037 -562.8352 2173.7712 18873.184 583.1677 -87.357956 45.471836 -598.9851 18397.803 -2711.1724 -504.5938 2.3058212 2681.4011 19041.768 
56.25 17265.656 3897.7722 156.27272 -354.6973 3792.4324 16455.719 677.31793 -162.09694 -28.652159 -702.6172 15265.649 -3491.1853 -301.38867 -63.082657 3454.6013 15914.5 
56.75 17486.908 3188.6545 267.32553 146.21916 3088.217 16737.418 626.96606 -215.90517 -155.68402 -650.1299 14072.451 -6643.795 186.0224 -164.51576 6608.1025 14659.814 
57.25 22317.79 -290.11786 242.98631 557.7193 -391.11707 21625.262 392.2556 -207.14745 -243.15636 -409.68158 17584.783 -10630.597 572.3191 -194.8242 10609.868 18111.65 
57.75 29675.242 -4506.098 87.9631 513.6395 -4613.263 28971.816 113.10276 -149.9191 -220.56323 -125.60274 24703.42 -12575.633 501.1265 -112.59995 12572.34 25237.926 
58.25 34377.246 -6282.338 -95.03512 29.32478 -6396.978 33599.46 37.882347 -96.76932 -114.69295 -46.991722 30543.428 -10746.181 4.185926 9.287893 10743.272 31150.64 
58.75 32515.145 -4024.2654 -186.06525 -480.69327 -4141.3276 31667.17 274.56793 -88.07805 -34.55398 -286.29324 30395.682 -6355.853 -497.8828 60.350044 6332.6885 31071.518 
59.25 25095.951 686.1415 -140.00383 -571.8628 574.0436 24244.492 626.435 -122.84233 -70.06842 -654.9864 23932.963 -2752.8567 -572.97314 8.070038 2709.6853 24609.303 
59.75 17524.28 4279.971 -20.739902 -187.82994 4174.3867 16736.107 756.5192 -173.40178 -198.26042 -817.7269 15805.29 -2640.5833 -184.74481 -75.54944 2603.49 16415.773 
60.25 14688.143 4224.885 57.3518 303.50674 4117.9683 13977.738 531.54614 -215.3829 -300.08133 -628.40393 11392.711 -5734.5693 291.14774 -95.46593 5730.9688 11927.249 
60.75 16946.52 1047.8492 22.656853 471.35873 928.22766 16278.931 170.0368 -238.79633 -273.65314 -285.2267 12350.345 -9201.662 433.93756 -31.411924 9229.756 12849.609 
61.25 20386.332 -2437.1143 -99.80649 220.83862 -2572.6262 19721.857 16.486269 -244.52727 -136.81711 -123.26649 15747.776 -10247.634 164.54597 56.42126 10275.557 16253.648 
61.75 20880.385 -3754.9927 -217.77132 -162.64114 -3895.5542 20208.46 181.43217 -239.23415 -4.152036 -263.61047 17378.063 -8360.444 -224.54861 100.8894 8357.45 17898.182 
62.25 17624.268 -2652.8303 -253.88428 -333.7051 -2781.339 16955.162 458.30173 -235.8807 30.666222 -521.071 15542.038 -5247.621 -390.89984 93.36206 5217.0835 16062.164 
62.75 12965.537 -692.9295 -202.29053 -210.72926 -799.4319 12307.164 579.1783 -241.1519 -21.015188 -638.6292 11763.796 -2926.2383 -256.1853 69.820984 2903.175 12275.914 
63.25 9491.339 566.8455 -116.48064 19.59011 476.04474 8839.994 482.39606 -245.51094 -78.52523 -547.7654 8483.205 -2072.9526 -7.310996 57.78448 2087.5688 8995.154 
63.75 7773.223 797.3258 -52.49595 147.74501 706.45197 7130.309 309.0489 -230.10417 -87.39989 -375.96634 6666.952 -2019.4081 143.32541 52.06679 2064.8474 7181.699 
64.25 6734.4873 601.92065 -29.504456 134.11185 499.08734 6107.558 184.69025 -188.43155 -63.428997 -244.29547 5615.45 -1891.0536 145.57251 38.700382 1928.0645 6125.216 
64.75 5427.886 509.27463 -34.610188 65.16485 400.0988 4829.068 111.28782 -140.31631 -48.73553 -162.84479 4435.8594 -1454.425 74.97202 24.6456 1450.9325 4923.7153 
65.25 3976.0657 517.8112 -47.86454 7.785804 418.06497 3392.7922 33.99032 -115.42995 -48.948498 -84.19688 3092.7844 -984.93005 -0.06829502 27.796095 946.59174 3565.4468 
65.75 2968.1833 424.81387 -56.121433 -35.202362 343.871 2368.563 -32.43275 -122.504776 -37.143353 -18.98345 2097.8374 -697.4491 -61.28973 47.320923 660.3699 2584.707 
66.25 2545.0405 237.99281 -51.85792 -62.419346 167.7014 1908.0693 -25.721008 -140.25043 -2.1768472 -18.816784 1666.3763 -528.3892 -91.86462 61.253952 522.07855 2190.6062 
66.75 2339.1184 127.62446 -33.947426 -46.354607 50.465298 1680.5499 50.070194 -139.85881 30.870394 -77.44848 1515.8442 -361.86688 -62.914173 57.45714 381.52985 2065.8535 
67.25 2057.3074 141.43057 -11.773423 10.446707 49.197685 1415.449 100.51519 -113.00001 34.087738 -111.68771 1331.7307 -229.40805 11.159061 50.26417 245.36359 1871.1611 
67.75 1778.4344 155.2351 -1.1702076 47.233543 57.629642 1177.1523 55.10921 -75.047485 13.77263 -63.386963 1118.2158 -215.874 57.918526 56.980022 207.90262 1621.1829 
68.25 1688.4032 86.63171 -8.317698 14.196486 -0.89010054 1117.1719 -36.07891 -48.043713 1.1471398 18.292685 1038.8442 -292.83405 25.638395 69.09892 270.5518 1512.0677 
68.75 1753.2893 7.9366713 -22.32593 -46.503773 -66.75628 1183.6741 -68.887405 -38.000484 12.036776 43.211697 1097.7489 -344.9082 -38.960022 60.510105 334.57654 1568.2136 
69.25 1804.9215 12.269902 -27.440367 -51.89256 -61.759872 1224.9016 -12.976088 -38.508476 30.475357 -8.778478 1156.337 -334.13385 -48.90282 30.271269 347.08313 1638.0524 
69.75 1786.8899 57.986088 -21.35796 8.9712715 -27.278084 1207.9911 51.097786 -39.70271 33.961445 -62.009155 1142.0226 -333.2894 8.023016 10.183256 353.80264 1626.0199 
70.25 1785.5969 31.300835 -15.521086 53.047146 -63.35636 1221.942 43.21882 -36.72853 23.327322 -49.842583 1122.8112 -396.0046 49.98458 25.231165 401.47247 1594.8898 
70.75 1843.4321 -80.92759 -18.503023 14.451862 -173.94017 1293.7499 -14.045198 -30.032503 18.22637 -0.0014138222 1162.3649 -465.5934 11.885345 56.29664 452.86795 1621.1177 
71.25 1871.9878 -166.33617 -25.011698 -62.18275 -251.14038 1330.5553 -42.653008 -27.646517 29.20228 17.411001 1209.4078 -455.22128 -63.39475 68.44926 445.70892 1660.2527 
71.75 1800.8853 -135.3744 -24.994495 -80.36318 -215.764 1268.3123 -1.2086136 -27.853777 43.029484 -25.351965 1189.0636 -374.87183 -82.37969 45.857327 384.95718 1631.9056 
72.25 1682.2461 -28.153522 -16.693424 -15.498404 -108.858665 1166.7288 52.69031 -30.483107 41.91598 -70.06789 1110.7825 -324.47598 -19.29529 20.31361 348.13306 1538.3558 
72.75 1620.0021 52.685596 -6.8319 58.800922 -25.913986 1120.646 53.46468 -32.07586 26.032196 -62.55424 1048.9332 -365.5275 57.175343 20.85551 381.95523 1461.2192 
73.25 1624.4098 67.404625 0.08426988 72.337204 -3.3622851 1128.1794 6.5152764 -30.870617 11.657657 -17.972158 1032.0951 -446.50327 78.12824 38.55684 445.65378 1441.0071 
73.75 1607.0787 56.18837 6.0364656 40.764065 -6.665641 1107.5298 -31.988586 -28.068216 9.7740345 11.452473 1012.07947 -467.9369 52.575188 43.825417 461.49402 1425.7085 
74.25 1508.1392 61.121975 12.484155 27.08052 -1.2365311 1018.6088 -34.42836 -25.932858 14.047654 10.896111 941.70044 -393.43097 36.465004 30.163637 399.69275 1350.129 
74.75 1353.7772 75.98622 15.256034 47.974304 9.6571245 897.9564 -28.550306 -24.045431 12.094041 13.376387 827.65454 -275.0551 48.342487 19.471561 295.52728 1207.8917 
75.25 1211.2186 79.82921 10.15888 64.64331 12.982594 796.5287 -44.162655 -21.54346 2.3905225 39.280895 714.07367 -187.01588 58.667004 29.269535 206.77019 1054.4633 
75.75 1102.145 71.01516 -0.34246558 48.83579 11.399612 713.2707 -69.44915 -17.672245 -5.9389696 64.24868 624.0151 -153.77927 43.19768 46.236572 160.50543 935.1155 
76.25 1020.5022 57.72427 -9.034099 22.68615 9.366437 638.56085 -73.876175 -13.424395 -5.625234 57.834618 567.29486 -146.46634 17.96462 47.11148 144.71573 868.4718 
76.75 976.65894 40.43126 -11.950214 19.382978 1.0918614 598.83466 -54.91084 -10.871774 1.6718814 30.776749 560.55975 -124.34891 9.905301 32.10663 128.25508 859.72864 
77.25 986.30945 24.988533 -10.204062 33.16004 -9.807677 624.48486 -37.26214 -12.323321 11.101305 17.998802 610.6734 -74.48963 17.410425 24.043602 90.24143 898.92126 
77.75 1027.2594 33.36017 -4.8430557 32.867264 0.37984294 690.7924 -33.17299 -18.950558 20.990355 26.217405 683.2704 -21.512466 18.90097 36.765446 40.90423 947.9354 
78.25 1044.6698 74.43674 4.9682403 10.784328 43.201923 732.7733 -26.461521 -27.718533 30.251823 25.148453 721.023 -4.9425015 7.474035 56.81897 15.743749 957.78357 
78.75 1012.04944 113.93812 16.89511 -8.647596 86.15983 718.7209 -3.3455968 -30.668688 34.264683 -3.7448382 701.43396 -39.882168 -3.3305342 61.322807 38.98752 916.51624 
79.25 959.1766 102.5954 23.151913 -7.373495 81.23166 680.5948 22.150135 -21.539007 28.659536 -36.210064 658.7022 -95.63835 -4.7514043 45.607216 91.1785 861.6473 
79.75 931.1966 39.301136 17.52078 3.7750843 25.989199 664.8117 26.001848 -4.168307 16.367025 -36.485573 639.6233 -120.28235 -3.1019962 25.600739 123.272484 836.577 
80.25 940.29004 -20.119263 4.7289295 6.7452965 -27.453167 682.6279 8.145694 6.2256355 6.9812984 -6.9262004 657.35547 -95.08124 -4.1614275 19.052235 110.14629 847.56506 
80.75 962.0228 -26.301924 -2.3663173 4.1116495 -32.534954 711.5949 -5.369032 0.08870351 7.4899287 13.16988 688.651 -54.720814 -0.5795347 26.339998 77.06529 866.3186 
81.25 973.7131 7.8143544 3.8473692 7.5833144 0.07519801 734.2477 3.766037 -15.96222 16.121037 -1.8822217 711.9468 -48.30138 11.463884 36.48368 67.644424 871.9268 
81.75 966.9325 32.393784 16.990137 13.679813 26.86338 742.73254 26.5495 -22.909939 25.300694 -35.04221 718.6906 -82.71549 18.510363 38.41105 91.06237 862.9093 
82.25 938.14124 25.69094 22.912254 7.856213 28.848785 725.8377 41.41983 -11.011305 28.178074 -51.3413 702.28314 -119.65232 5.540801 30.209661 118.57544 840.3181 
82.75 890.8297 9.803196 13.91283 -8.480454 22.976862 679.24884 39.11738 8.305828 21.952005 -38.865017 660.1966 -127.45747 -18.136034 18.418232 128.24255 801.9974 
83.25 848.4581 6.994944 -4.3779354 -14.268406 23.362679 628.8442 26.409817 16.180649 8.691542 -14.783307 611.3771 -118.69617 -24.984627 11.366288 132.61015 759.1435 
83.75 840.4659 8.781299 -18.814066 1.48793 19.366962 615.3313 12.5463085 9.820325 -4.240593 1.7044308 588.7181 -126.76119 -4.63628 11.116681 153.67622 736.4341 
84.25 865.40826 -1.2197527 -20.509724 21.368713 1.212302 644.8565 0.7734269 6.084983 -8.173789 9.356407 601.57794 -157.92928 20.449064 10.594046 186.0111 742.1234 
84.75 884.3214 -15.535667 -12.018559 21.627361 -14.920786 673.35077 -7.6645746 20.245716 -1.9276279 16.957497 618.5049 -184.21495 22.552467 0.58511084 203.05843 750.6431 
85.25 865.9736 -14.428322 -4.792242 4.0570707 -7.102705 657.2876 -10.686642 46.474884 3.9282043 27.432005 603.9421 -181.87282 2.7547743 -18.43459 195.19508 732.95953 
85.75 830.3964 1.0241189 -9.045672 -7.5943346 17.884212 610.0132 -10.421503 64.96659 -3.2058063 37.31788 566.87164 -159.9888 -13.077258 -33.945747 182.23952 700.36676 
86.25 823.6287 9.349197 -23.991964 -0.6565219 30.88871 584.4674 -15.753509 67.1937 -22.751305 47.310627 550.5326 -143.64357 -9.026137 -35.43163 183.97926 692.752 
86.75 858.079 1.2391684 -38.8271 11.6541605 20.464163 607.55066 -35.37077 66.11335 -40.272797 65.710556 577.9423 -143.41455 3.4396548 -28.963776 195.78839 725.2374 
87.25 900.0146 -7.533463 -42.944336 11.246423 6.5694776 652.6565 -63.318954 79.93502 -42.151775 93.08648 623.49054 -149.45865 4.59543 -31.102242 200.74841 767.5669 
87.75 920.8835 -5.4784675 -38.955494 -1.4251653 7.9914765 682.1844 -82.06078 107.71468 -32.285515 116.7768 651.9012 -154.30672 -9.175844 -49.006714 200.46701 787.71643 
88.25 937.7442 -5.6021953 -38.91592 -12.524818 14.874458 694.7301 -75.48289 130.19177 -25.51814 117.643074 663.6282 -160.29454 -25.55656 -69.7923 210.55069 798.7318 
88.75 980.9473 -22.691042 -48.932514 -14.911081 8.143744 713.05206 -46.807148 133.57555 -29.994488 92.38251 684.7847 -168.17242 -33.697636 -76.218925 232.58978 835.6659 
89.25 1037.3749 -43.196632 -60.083122 -12.076848 -6.7244287 740.4848 -21.745195 127.2566 -40.119106 65.22767 720.2892 -171.09883 -32.107483 -69.30763 247.80466 893.9409 
89.75 1058.5785 -40.76723 -59.134544 -6.2258615 -7.1617665 755.7508 -29.099455 132.78975 -47.25533 70.340355 743.1869 -167.378 -23.12379 -67.83493 244.92769 923.2132 
90.5 1014.5504 -14.221995 -40.984806 11.014313 11.487184 751.5596 -95.76438 171.66675 -52.065254 143.89587 730.9052 -174.04916 -4.863035 -96.44761 243.1587 873.3619 
91.5 1112.3433 -72.59839 -54.615364 10.931708 -34.91172 837.25726 -96.92424 184.35048 -52.662117 157.90349 793.8729 -207.70187 -13.572296 -117.13317 288.56686 929.9699 
92.5 1302.2268 -47.1998 -61.951477 1.3374825 -10.382754 960.7153 -28.116163 165.89246 -37.175133 86.794655 934.0641 -200.84128 -17.31332 -114.347275 284.22467 1128.6888 
93.5 1321.2539 -2.6754653 -41.12319 53.02825 22.970854 1041.6735 -140.07796 203.3707 -62.970116 201.43541 1007.99554 -215.8698 27.915854 -150.02652 293.68912 1143.9612 
94.5 1465.1893 -104.19546 -65.16312 20.520565 -66.85911 1156.6154 -90.70671 180.49347 -70.090614 150.29309 1119.4084 -184.07712 -10.91243 -126.811455 267.24432 1266.4877 
95.5 1465.3092 -47.621284 -49.391663 -3.1958947 -26.722513 1120.3108 30.74484 154.43492 -47.21617 22.481806 1095.2312 -175.9444 -27.92676 -132.76642 246.9422 1280.2853 
96.5 1326.4872 -56.44875 -42.932163 21.647728 -38.65436 1033.7161 -52.593365 161.44986 -67.05193 101.26885 996.22327 -200.63194 -11.5236 -148.75058 272.74014 1135.9259 
97.5 1375.27 -86.22025 -39.033646 5.114731 -64.23205 1032.2496 12.5709305 127.32462 -41.649376 25.587446 1000.0976 -193.43382 -23.47894 -106.431946 258.95068 1180.1199 
98.5 1488.4813 -87.803185 3.3812551 -5.9777384 -100.99549 1138.2563 37.893475 132.96754 -34.31785 0.76593494 1111.4315 -240.83905 -30.053917 -127.53499 292.56677 1301.4972 
99.5 1536.0774 -122.60776 -0.8717951 -53.09406 -134.90926 1179.666 6.737349 121.53757 -52.542038 33.243366 1142.2081 -208.95844 -71.01395 -123.18329 259.79306 1343.7135 
100.5 1463.9142 -98.256935 9.213134 -20.420486 -119.926 1042.2083 139.30566 78.73304 -12.940018 -107.0551 1000.4872 -201.96523 -23.739555 -99.24977 234.64775 1268.3472 
101.5 1430.9619 -91.1308 10.189851 -20.686218 -154.43 997.9915 139.63374 111.843254 -12.860046 -102.42711 961.2975 -206.7543 -28.534046 -115.86548 238.15648 1233.4381 
102.5 1496.3792 -99.20823 2.141813 -70.68165 -155.88367 1018.8853 122.29208 92.447464 -27.101517 -81.15725 965.37305 -263.9964 -63.510994 -88.42538 291.27765 1287.7544 
103.5 1522.6755 -201.49289 21.999607 14.092073 -261.7988 1027.3539 167.65958 36.475777 5.3346286 -132.27458 953.8438 -198.05011 27.403217 -91.85492 200.81216 1303.1635 
104.5 1527.2838 -101.99329 -17.06348 -12.927986 -198.4644 1016.3473 130.24924 79.440414 -3.5229442 -94.14079 966.0382 -47.297043 -12.730795 -80.20519 55.41106 1313.1881 
105.5 1407.5594 -22.723953 -28.680422 -63.06716 -117.23617 879.09924 181.19785 50.49626 -2.2530775 -135.49422 824.6884 -169.41025 -42.81242 -56.076035 172.18918 1211.6058 
106.5 1168.895 -96.71572 -28.073454 -7.275326 -182.75204 689.5286 263.1215 21.60109 51.583546 -223.19994 626.25745 -160.52692 5.788547 -90.10325 148.05183 973.6534 
107.5 1175.4475 -86.78923 -72.11949 -53.156883 -208.0835 679.0682 219.84833 89.46219 22.270473 -186.18155 625.0572 -89.70618 -54.10141 -50.95124 83.32843 964.7071 
108.5 1236.3514 -67.086754 -52.487434 -45.916386 -179.40749 802.5148 181.43488 44.2638 34.913322 -135.72752 710.7753 -33.890854 -24.78751 -26.22284 19.729073 1025.8533 
109.5 1286.2126 17.378828 -39.982864 59.519783 -59.42829 873.50226 161.8204 12.640549 72.06012 -137.02568 798.6058 -91.48848 50.1873 -65.679955 60.251804 1092.11 
110.5 1410.8617 -53.47698 -84.82382 27.563194 -153.73958 882.5173 161.13498 17.090523 16.605167 -143.52075 834.75006 -132.28111 3.0055437 -43.40713 87.19805 1228.9033 
111.5 1078.6091 -30.378292 -63.438335 -48.040707 -109.415115 647.91425 172.72952 4.841311 61.85441 -151.02295 555.43024 -56.354156 -37.379253 -7.841202 10.85395 885.6679 
112.5 846.3095 -59.189972 -9.059528 -11.732292 -98.91464 438.16034 116.997314 11.1264515 49.190662 -129.22702 293.92044 -68.46762 -33.852844 -33.27676 34.44676 588.63873 
113.5 1000.2241 87.041664 -28.0127 -19.939987 25.764992 474.67032 118.87468 -16.970467 29.375221 -121.50782 309.92676 47.524635 -53.168842 -14.154978 -92.66294 730.70526 
114.5 1163.1459 81.0398 22.211058 14.966368 24.719448 738.453 31.63282 28.48133 33.175926 -39.04538 561.09174 -274.23782 12.777537 28.012234 224.23924 894.9903 
115.5 1720.4128 -302.28397 5.5218105 92.72851 -337.16824 1240.0754 -171.22232 -12.544551 -10.48127 143.39844 1060.1923 -116.00917 77.26946 -22.555742 91.02027 1430.8757 
116.5 2828.5603 -145.3334 15.166127 -133.26587 -194.604 2061.988 -297.5335 148.1181 2.611065 262.84845 1693.3235 -462.4048 -134.41385 207.21365 414.40503 2360.413 
117.5 5431.8794 -2535.3354 542.92676 -133.86932 -2609.501 4506.3457 -613.3305 117.41485 -464.97662 511.9947 2877.05 -1084.883 -153.39679 127.655014 1013.077 3690.1353 
118.5 7974.841 -4113.2734 310.8709 325.89325 -4168.7466 6812.7285 -811.16125 -867.51404 -313.7617 749.46124 3574.4927 2414.633 215.11285 -806.4581 -2449.1428 4611.6045 
119.5 7473.65 547.26294 -986.75806 261.80463 519.16205 6085.99 -403.68137 -643.7842 986.69946 469.89716 2679.2222 3467.4019 156.88898 -495.22794 -3523.9658 3945.0732 
120.5 6667.1035 1672.9954 -710.42554 -192.89294 1622.8752 5322.456 -192.76646 959.2053 732.3221 254.23126 2139.1118 -1758.8772 -183.22449 962.30804 1684.1569 3343.3623 
121.5 7001.591 -2767.978 648.0769 -229.8632 -2800.6406 5698.4536 -545.09894 795.3107 -667.16974 539.52734 2591.5295 -2502.2573 -151.54784 726.3438 2450.5178 3751.653 
122.5 5758.276 -2690.1204 531.79846 -105.75079 -2709.497 4508.4478 -600.30255 -287.95105 -587.1793 553.3352 2656.8162 702.16785 -73.42917 -226.36588 -775.7792 3765.4106 
123.5 3964.9248 -507.93884 -43.42045 -62.820076 -561.1005 2866.5227 -322.04214 -207.0708 23.692545 261.42432 2356.8354 631.1515 -93.41044 -99.171425 -687.8349 3312.8604 
124.5 3129.5217 -625.06116 3.2615986 47.860428 -639.0139 2133.3296 -147.83115 22.738596 -19.224602 112.341995 1876.0576 27.643114 27.16499 59.090088 -88.92809 2722.719 
125.5 2244.4924 -379.42117 -53.94069 109.627754 -367.54358 1409.4783 22.090714 -79.15974 -39.059307 -34.2724 1137.71 324.10742 101.44841 -44.71607 -408.4741 1808.8677 
126.5 1402.0128 85.77428 -111.003136 72.96191 66.22023 727.0147 155.60886 -10.0074625 43.804245 -168.49307 524.3998 77.89444 69.51117 21.419048 -107.91109 1048.2106 
127.5 1127.2378 18.257496 -39.45946 93.545364 32.340717 417.18713 160.09457 62.589653 -28.327456 -175.83743 275.07956 -31.800463 104.89462 41.67827 -9.847172 835.0768 
128.5 1075.5046 53.69301 -51.717842 88.4402 94.068924 387.5625 126.558655 31.690388 -75.96127 -122.17666 271.83746 -8.666788 85.1705 24.344069 -79.93205 800.72327 
129.5 1010.4921 68.58189 -52.959824 42.321384 57.722427 423.74597 158.41585 1.1816465 -56.206215 -130.52527 255.15497 -13.318659 35.89006 0.25021112 -50.728962 692.5213 
130.5 1069.7488 100.66554 -82.847404 88.65676 84.202484 394.6565 197.53821 -10.970657 -62.986378 -164.09583 218.33537 18.206001 80.539955 -22.214052 -71.09648 741.0907 
131.5 1132.3508 57.676003 -126.52624 74.59916 70.88337 407.69836 171.18968 -2.923191 -75.92694 -117.45953 230.23518 -63.65169 46.101734 35.675392 9.237395 804.5154 
132.5 1095.2446 -13.568851 -113.993195 21.459862 -49.806843 442.27695 185.8055 7.354497 -34.02658 -104.345406 234.1116 -29.071564 -6.0411468 76.39134 -7.1174345 740.22614 
133.5 1150.7941 72.27959 -101.80823 84.56242 6.246249 478.23398 211.53178 16.017633 30.775059 -124.7369 260.98468 1.7175269 62.15919 88.20758 -22.411793 776.9733 
134.5 1191.9456 31.012749 -81.368675 108.32752 -0.3569379 486.97647 150.5992 10.754214 22.408325 -68.02983 270.39703 -86.88493 85.355736 91.928246 82.272964 831.7727 
135.5 1129.8853 -37.999832 -52.547497 71.599 -63.637478 412.90778 70.67188 -12.032502 -21.95702 -0.5768204 224.32944 -48.852516 38.794575 47.758858 48.864037 820.8486 
136.5 1125.0442 -0.67959285 -15.904947 116.31132 3.951778 433.62082 85.348755 0.1817565 -11.341743 -14.4745035 218.1595 -17.12999 76.16775 42.715992 11.059923 792.4461 
137.5 1169.8613 -72.46637 30.811665 148.07614 -27.249393 570.8854 145.70894 37.490135 8.761701 -47.470676 258.77914 -86.43599 131.68288 64.720856 78.67466 735.58673 
138.5 1141.7328 -97.90751 23.01486 73.536804 -84.96693 554.09375 89.72105 39.547466 -5.8753576 5.1902246 239.67812 -116.04189 74.06061 30.474728 77.05682 713.3865 
139.5 994.1567 -11.674551 17.961405 33.309456 -3.1507998 393.63736 -2.7593231 30.001427 -43.12408 62.887196 123.62152 -136.85567 25.595352 14.643194 63.23893 627.0467 
140.5 907.7255 -6.455286 84.79934 60.187286 43.774315 386.83777 -1.6150525 9.250223 -67.14175 66.27954 64.998245 -111.574615 42.42299 4.8283067 70.33538 486.57632 
141.5 964.4568 -13.134835 107.39261 45.52876 18.40965 503.21555 44.157753 -50.36128 -29.663033 54.090668 133.79266 -37.98971 26.722242 -69.91337 29.082739 486.26294 
142.5 872.79193 6.2352967 61.71607 18.772469 4.002274 461.95398 85.61044 -79.91419 -8.047649 -2.4544709 151.92851 -77.27246 -3.0283198 -133.26596 39.998356 460.61124 
143.5 659.3711 -14.343407 57.453358 23.369892 -8.860214 297.46643 39.18744 -63.446262 -65.82522 -1.466296 49.06653 -151.84186 -24.738165 -134.10358 79.656555 314.0176 
144.5 678.90247 -27.06531 104.09452 27.576754 -3.9079533 279.29636 -40.308735 -51.556194 -102.736885 69.60612 -16.860443 -118.69936 -25.382553 -98.567154 41.309444 291.9424 
145.5 805.09314 -37.690517 115.50393 3.3637953 -3.1938872 402.7142 0.6497823 -37.947502 -51.596478 28.386063 17.434286 -107.007545 -14.780816 -62.560143 44.483566 344.66556 
146.5 768.48615 -75.42733 57.508892 -2.3102155 -65.74029 384.60956 60.15101 -31.848276 -1.5318761 -44.987553 -3.9023337 -158.77293 -13.145356 -80.849205 98.36818 306.30533 
147.5 687.6722 -74.50593 41.49913 64.00608 -102.05632 232.7073 42.62181 -62.658657 -47.91185 -30.92149 -113.32558 -132.33899 38.770126 -133.83856 84.456696 265.2292 
148.5 672.4011 -48.096066 118.89427 78.43914 -63.15414 180.23418 36.976868 -106.826744 -115.870094 -30.316027 -173.86665 -60.265244 63.630157 -147.23593 48.239746 251.77415 
149.5 680.4702 -64.44792 148.28662 3.2106233 -60.70209 172.47835 66.837166 -101.246826 -120.60856 -69.07494 -183.38744 -28.803438 3.0548825 -118.1481 14.441343 259.9361 
150.5 708.4638 -71.519455 74.59847 -17.966566 -78.20218 145.20435 75.80315 -76.03284 -103.98706 -86.21487 -160.0498 -24.787663 -21.622684 -95.64626 2.5263996 333.4049 
151.5 763.6565 -67.57478 13.187315 20.015614 -79.77542 173.41718 85.013145 -118.37625 -74.44955 -93.813736 -120.72919 -42.92457 11.497047 -108.7844 47.33004 398.5773 
152.5 842.5462 -110.323975 20.841082 39.279285 -113.2007 185.80089 141.93985 -145.39954 -45.72998 -117.73679 -157.27182 -29.185213 47.525993 -109.62443 58.852795 422.3876 
153.5 882.1439 -76.89857 67.957245 16.90896 -70.82164 171.1186 155.82072 -85.74027 -79.752625 -118.97086 -167.16985 11.858529 47.71213 -59.12398 39.67281 456.46143 
154.5 851.2044 63.13394 110.48847 -33.204624 36.13555 203.2306 97.09982 -59.430744 -94.02782 -109.25684 -86.542244 -26.747732 -11.123055 -33.712074 59.085278 470.65924 
155.5 843.20746 87.48305 123.93073 -59.952793 5.4232893 247.83618 53.79687 -78.46908 -41.778458 -91.33207 -55.706516 -63.758587 -37.39272 -31.548878 54.356586 454.69156 
156.5 874.569 -32.022038 83.49069 -55.429077 -97.36479 275.12628 30.090586 -50.7964 -41.962086 -19.113886 -56.84578 10.137625 6.376837 34.799385 30.811785 456.97464 
157.5 966.10065 -96.31747 -8.721686 -21.05224 -89.87719 213.67929 38.856438 -1.2190069 -60.45962 -10.922974 -142.80046 39.220047 26.9317 75.642426 26.761055 520.39185 
158.5 1249.9635 -26.022957 49.354507 129.66882 1.6208833 25.779043 84.78487 38.191467 -75.05554 -143.79514 -466.78143 -22.437677 107.12089 13.719377 -5.381215 678.1573 
159.5 1592.2424 92.44452 296.9838 236.59935 56.76674 -44.08128 165.51816 109.27169 -199.62358 -267.24042 -735.78723 -1.615226 240.2658 52.335964 43.847027 786.6537 
160.5 1758.2382 148.84637 335.70435 73.34195 23.370485 138.93971 309.94843 215.34372 -283.30713 -308.63043 -657.83356 69.67603 216.85718 251.58153 151.35828 760.6384 
161.5 2168.649 154.48509 163.23479 -36.39464 70.73402 142.53418 558.47516 190.46738 -168.75285 -556.0764 -604.1634 70.51035 181.5384 262.08243 73.3182 1204.6287 
162.5 2914.0828 188.73203 316.13474 108.45952 341.7182 -324.8226 829.8281 -13.041112 -138.5681 -960.0372 -789.3963 115.56889 286.80118 54.994423 9.375412 2194.567 
163.5 3002.9724 154.0556 594.5395 104.61138 383.33298 -539.95593 842.05054 -18.053392 -323.09518 -730.52216 -763.27216 175.22937 301.80045 48.331696 200.11826 2335.6963 
164.5 3029.7998 -16.137959 464.12842 -336.62216 -46.578297 140.6314 720.72217 99.19283 -310.38065 -173.51553 -626.67236 -54.405476 19.021124 72.66788 369.14825 1795.4495 
165.5 4732.1646 158.8161 543.47327 -1021.79535 7.141974 905.38495 693.8487 -646.1472 -51.62882 -535.70056 -1134.2988 -475.23584 -443.6348 -494.69968 528.5225 2318.117 
166.5 6673.859 1038.6613 1014.31824 -1398.5232 913.8609 1234.3931 383.12714 -2196.9263 -100.56495 -1337.8898 -1832.1699 -755.8355 -571.0453 -1413.81 973.49304 2812.0305 
167.5 7009.6187 1873.7128 642.4801 -1046.8817 1587.4086 2352.161 -86.535126 -2724.4692 -441.19806 -1631.9657 -1388.9836 -883.9701 -130.87248 -1587.1747 1378.6498 1983.4073 
168.5 7967.4272 2142.331 -320.632 -212.31589 2019.0194 4433.1797 -339.83444 -1421.5989 -246.76395 -1533.3529 -356.88754 -762.9557 311.93787 -456.40036 1415.8396 2208.5159 
169.5 10813.113 2654.2087 -617.7311 475.4883 2998.7551 5598.3926 -996.40045 334.65002 989.9235 -257.12082 -766.33856 -769.9631 365.203 1060.1879 1606.2686 3806.8281 
170.5 12901.292 3267.6235 -933.69836 554.31024 3509.1104 5620.254 -1426.5088 1161.245 2523.823 1841.076 -2625.555 -1870.9635 267.90027 1476.8297 2288.2532 3666.096 
171.5 13126.827 2620.1511 -1106.5693 -37.462635 2701.9858 5965.1167 9.325829 903.3638 2629.035 1618.3092 -3691.6392 -3088.0378 194.4473 938.7442 2684.7737 2452.0847 
172.5 12558.164 1384.7642 681.65204 -926.7435 1784.8256 5932.4917 1393.6058 212.92369 978.0866 -528.779 -2964.2651 -2536.749 339.3957 980.43884 2267.923 2924.4321 
173.5 10902.871 980.2701 2722.0034 -1445.8805 1181.7241 4054.0076 119.99899 -330.09506 -270.3139 -412.7395 -1646.9362 -1389.2794 851.2696 1457.662 1611.8822 3887.0288 
174.5 8318.991 663.9229 1917.8708 -1188.5026 485.0078 1701.626 -1510.2867 -1242.5249 135.85864 1503.1755 -774.02734 -1056.2246 1109.7744 581.35846 753.6795 3818.9863 
175.5 6508.7876 133.18784 244.60925 -432.98755 473.66913 871.2129 -782.6974 -2431.2366 564.12036 1433.9822 -417.4564 -60.02821 798.7786 -1003.9382 -560.61115 3544.5884 
176.5 5672.674 359.13324 459.47583 -133.52136 702.89417 1293.9701 654.2198 -1717.6765 250.57962 -87.175316 -691.17944 1351.5966 771.457 -337.1479 -942.6001 2316.0908 
177.5 5237.378 815.5978 1031.9769 -1027.9469 -171.85298 1748.7397 780.4672 870.49744 285.9276 -502.36923 -1355.1031 980.29364 1020.549 2025.8617 227.78488 146.37317 
178.5 5983.768 560.0625 572.9292 -2701.544 -798.70355 1598.3129 52.905396 1704.3107 439.07053 -294.02167 -1514.282 -86.70448 215.12546 2224.5837 840.38525 653.46625 
179.5 7483.1836 77.99838 63.239075 -3977.881 -176.44447 1120.4144 -520.90533 327.4347 92.98421 -526.73676 -1119.1283 -77.544205 -1259.0878 386.32626 174.68033 3613.2344 
