0.25 33671556 0 0 0.15486304 0 33671510 2.2369843 0 0 -2.2369843 33671510 0 0.15486304 0 0 33671556 
0.75 27900774 0 0 0.61907846 0 27900410 34.425568 0 0 -34.425568 27900410 0 0.61907846 0 0 27900774 
1.25 18849162 0 0 -0.0093723275 0 18848382 175.67761 0 0 -175.67761 18848382 0 -0.0093723275 0 0 18849162 
1.75 9974450 0 0 0.033819012 0 9973372 352.8373 0 0 -352.8373 9973372 0 0.033819012 0 0 9974450 
2.25 3787068.5 0 0 0.00051888847 0 3785873.5 309.72394 0 0 -309.72394 3785873.5 0 0.00051888847 0 0 3787068.5 
2.75 854074.5 0.0000010652643 0 0.011997461 -0.0000012317121 852870.9 -55.87137 0 0 55.87137 852870.9 0 0.011997461 0 0 854074.5 
3.25 178358.28 0.000000587768 0 0.011295855 0.0000013867163 177141.08 -420.28043 0 0 420.28043 177141.08 0 0.011295855 0 0 178358.28 
3.75 348229.72 0 0 0.008846297 0 346993.38 -309.46692 0 0 309.46692 346993.38 0 0.008846297 0 0 348229.72 
4.25 470571.53 0 0 0.012727257 0 469397.97 284.20544 0 0 -284.20544 469397.97 0 0.012727257 0 0 470571.53 
4.75 362062 0 0 -0.12949586 0 361088.16 731.0012 0 0 -731.0012 361088.16 0 -0.12949586 0 0 362062 
5.25 193781.08 -0.000001875656 0 0.0050464203 -0.00000021118032 193082.31 406.96652 0 0 -406.96652 193082.31 0 0.0050464203 0 0 193781.08 
5.75 104637.3 0.0000010336979 0 -0.005162282 -0.0000006640672 104150.445 -506.09558 0 0 506.09558 104150.445 0 -0.005162282 0 0 104637.3 
6.25 87699.61 -0.0000013240384 0 0.0030823313 0.0000016387282 87263.92 -1064.4677 0 0 1064.4677 87263.92 0 0.0030823313 0 0 87699.61 
6.75 83451.734 0.000003828294 0 0.0043561566 -0.0000048269794 82931.13 -558.7709 0 0 558.7709 82931.13 0 0.0043561566 0 0 83451.734 
7.25 70478.76 0.00000000006501858 0 0.0026579874 0.000004294412 69859.66 610.7772 0 0 -610.7772 69859.66 0 0.0026579874 0 0 70478.76 
7.75 61052.273 0.00003405517 0 0.0024291922 0.000000033289513 60440.234 1247.1609 0 0 -1247.1609 60440.234 0 0.0024291922 0 0 61052.273 
8.25 58951.043 0.0000000634942 0 -0.0044825817 0.000015909303 58473.02 623.87463 0 0 -623.87463 58473.02 0 -0.0044825817 0 0 58951.043 
8.75 51940.37 -0.000000072300665 0 -0.0023484568 0.00000004629323 51631.566 -671.10443 0 0 671.10443 51631.566 0 -0.0023484568 0 0 51940.37 
9.25 34843.215 -0.00000023312413 0 -0.004540819 0.0000027629321 34610.883 -1302.4686 0 0 1302.4686 34610.883 0 -0.004540819 0 0 34843.215 
9.75 18910.854 -0.00000057424404 0 -0.01272387 0.0000004868591 18608.678 -599.55414 0 0 599.55414 18608.678 0 -0.01272387 0 0 18910.854 
10.25 15549.07 -0.000010606871 0 0.008081139 0.00001182818 15103.622 719.09894 0 0 -719.09894 15103.622 0 0.008081139 0 0 15549.07 
10.75 21516.951 -0.000000037450704 0 0.0004965338 -0.00001053197 20995.443 1304.5897 0 0 -1304.5897 20995.443 0 0.0004965338 0 0 21516.951 
11.25 25118.623 -0.000010521567 0 0.005794621 0.000004908123 24670.475 590.4645 0 0 -590.4645 24670.475 0 0.005794621 0 0 25118.623 
11.75 21175.613 0.00000027307803 0 -0.00082302355 -0.0000003406974 20895.85 -660.6692 0 0 660.6692 20895.85 0 -0.00082302355 0 0 21175.613 
12.25 14409.979 -0.000000067014604 0 0.00019153915 -0.0000016326621 14251.877 -1209.5825 0 0 1209.5825 14251.877 0 0.00019153915 0 0 14409.979 
12.75 10651.851 0.00000010345268 0 -0.0026377935 -0.0000009951012 10472.601 -608.99384 0 0 608.99384 10472.601 0 -0.0026377935 0 0 10651.851 
13.25 10188.439 0.0000013099944 0 -0.00045135804 -0.0000041089133 9882.733 452.32 0 0 -452.32 9882.733 0 -0.00045135804 0 0 10188.438 
13.75 10156.29 0.00000065122606 0 -0.0010454167 -0.0000018371652 9748.215 967.32947 0 0 -967.32947 9748.215 0 -0.0010454167 0 0 10156.29 
14.25 9387.116 -0.00000009999859 0 -0.0019119802 0.0000055467353 8997.0625 599.8195 0 0 -599.8195 8997.0625 0 -0.0019119802 0 0 9387.116 
14.75 8695.418 -0.000004868591 0 -0.0004482948 0.000012320762 8423.934 -158.57475 0 0 158.57475 8423.934 0 -0.0004482948 0 0 8695.418 
15.25 8360.112 0.000000019546212 0 -0.00077878835 0.000000094447614 8203.458 -627.50903 0 0 627.50903 8203.458 0 -0.00077878835 0 0 8360.112 
15.75 7665.359 -0.000000049397872 0 -0.00008292757 -0.00000012143826 7533.333 -553.1336 0 0 553.1336 7533.333 0 -0.00008292757 0 0 7665.359 
16.25 6465.8916 0.0000004009005 0 -0.0020275635 0.00000015956778 6269.555 -143.30087 0 0 143.30087 6269.555 0 -0.0020275635 0 0 6465.8916 
16.75 5505.199 -0.0000030233314 0 -0.0027321915 0.000002830942 5227.3184 270.63745 0 0 -270.63745 5227.3184 0 -0.0027321915 0 0 5505.199 
17.25 5078.1997 -0.000000063458145 0 -0.0013380816 0.000010233405 4772.2617 469.74686 0 0 -469.74686 4772.2617 0 -0.0013380816 0 0 5078.1997 
17.75 4596.391 0.00000061702633 0 -0.0022084976 0.0000035158146 4330.953 369.20096 0 0 -369.20096 4330.953 0 -0.0022084976 0 0 4596.391 
18.25 3801.4133 0.00000017997144 0 -0.002642464 0.00000017581023 3605.517 23.473429 0 0 -23.473429 3605.517 0 -0.002642464 0 0 3801.4133 
18.75 3421.1846 -0.00000055396845 0 -0.00007863709 0.0000013263772 3271.1892 -340.0277 0 0 340.0277 3271.1892 0 -0.00007863709 0 0 3421.1846 
19.25 4014.2983 -0.0000049265227 0 0.00041676057 0.0000049882906 3861.6953 -434.4355 0 0 434.4355 3861.6953 0 0.00041676057 0 0 4014.2986 
19.75 4822.6265 -0.000000015019278 0 -0.00031107047 -0.00000014622688 4633.846 -180.58624 0 0 180.58624 4633.846 0 -0.00031107047 0 0 4822.6265 
20.25 4562.4556 0.000012822725 0 -0.00085905136 -0.000014992873 4340.2163 177.87201 0 0 -177.87201 4340.2163 0 -0.00085905136 0 0 4562.4556 
20.75 3120.4622 -0.0000045366387 0 -0.0008572704 0.0000044203216 2894.8376 315.51538 0 0 -315.51538 2894.8376 0 -0.0008572704 0 0 3120.4622 
21.25 1743.447 -0.0000025479155 0 -0.001273716 0.0000012814185 1543.9548 167.9793 0 0 -167.9793 1543.9548 0 -0.001273716 0 0 1743.447 
21.75 1501.301 0.0000021022781 0 -0.00078720285 -0.0000018202932 1333.7085 -41.148514 0 0 41.148514 1333.7085 0 -0.00078720285 0 0 1501.301 
22.25 2150.011 0.000000089432035 0 -0.0011593212 -0.0000001602393 1995.5189 -102.3628 0 0 102.3628 1995.5189 0 -0.0011593212 0 0 2150.0112 
22.75 2723.5273 -0.00000012477064 0 -0.00028067632 0.00000025571813 2558.3699 -43.22208 0 0 43.22208 2558.3699 0 -0.00028067632 0 0 2723.5273 
23.25 2751.8298 0.00000013601887 0 -0.001636374 0.00000021872253 2568.452 -12.267155 0 0 12.267155 2568.452 0 -0.001636374 0 0 2751.8298 
23.75 2481.839 -0.0000032039206 0 -0.00020364841 0.00000042073526 2293.2383 -44.43188 0 0 44.43188 2293.2383 0 -0.00020364841 0 0 2481.839 
24.25 2191.6294 -0.000000043289674 0 -0.00026439122 0.0000007598199 2017.0647 -47.95652 0 0 47.95652 2017.0647 0 -0.00026439122 0 0 2191.6294 
24.75 1836.9355 0.000000057118736 0 -0.0002483543 -0.00000007662437 1683.7999 16.3189 0 0 -16.3189 1683.7999 0 -0.0002483543 0 0 1836.9355 
25.25 1404.4822 -0.0000000047788657 0 0.00030452557 -0.00000059436735 1262.7196 66.14682 0 0 -66.14682 1262.7196 0 0.00030452557 0 0 1404.4822 
25.75 1159.8824 0.00000006319806 0 -0.00003740785 -0.00000015942555 1011.99976 34.043064 0 0 -34.043064 1011.99976 0 -0.00003740785 0 0 1159.8824 
26.25 1296.6686 -0.00000057852685 0 0.00021476309 0.00000004188061 1132.5138 -24.47374 0 0 24.47374 1132.5138 0 0.00021476309 0 0 1296.6686 
26.75 1578.5402 -0.00000057504866 0 -0.00012955745 0.000003057605 1402.124 -21.655928 0 0 21.655928 1402.124 0 -0.00012955745 0 0 1578.5402 
27.25 1608.0759 0.000000003799524 0 -0.00016451982 -0.000001390719 1432.9943 25.64391 0 0 -25.64391 1432.9943 0 -0.00016451982 0 0 1608.0759 
27.75 1353.7317 -0.0000011234235 0 -0.00026054456 0.0000026910873 1193.201 30.902256 0 0 -30.902256 1193.201 0 -0.00026054456 0 0 1353.7317 
28.25 1152.3988 -0.0000010396245 0 0.0001587243 0.0000009045607 1011.49805 -18.605501 0 0 18.605501 1011.49805 0 0.0001587243 0 0 1152.3988 
28.75 1201.0297 -0.0000007024202 0 0.00035126702 -0.0000027928972 1074.5792 -42.168015 0 0 42.168015 1074.5792 0 0.00035126702 0 0 1201.0297 
29.25 1297.2994 -0.00000014444792 0 0.00032063853 -0.0000014815225 1173.0039 1.7170748 0 0 -1.7170748 1173.0039 0 0.00032063853 0 0 1297.2994 
29.75 1175.4224 -0.00000008566606 0 0.0002471495 0.00000011472122 1040.5999 44.702763 0 0 -44.702763 1040.5999 0 0.0002471495 0 0 1175.4224 
30.25 898.95074 0.0000005801729 0 0.0008045905 -0.0000022867564 747.8609 12.896037 0 0 -12.896037 747.8609 0 0.0008045905 0 0 898.95074 
30.75 746.03235 0.00000008037518 0 -0.00008492324 -0.0000006953615 583.3225 -57.34176 0 0 57.34176 583.3225 0 -0.00008492324 0 0 746.03235 
31.25 809.5478 -0.00000019671779 0 -0.000044632197 -0.0000007075038 646.95886 -70.84946 0 0 70.84946 646.95886 0 -0.000044632197 0 0 809.5478 
31.75 911.3203 -0.0000000030443654 0 0.000048076618 -0.0000018896397 760.0714 -10.455076 0 0 10.455076 760.0714 0 0.000048076618 0 0 911.3203 
32.25 899.5646 0.0000000057517315 0 -0.00036347084 0.0000011961769 764.4379 47.30303 0 0 -47.30303 764.4379 0 -0.00036347084 0 0 899.5646 
32.75 841.08167 -0.0000000029339606 0 -0.00018655753 0.0000023742743 719.6824 49.22334 0 0 -49.22334 719.6824 0 -0.00018655753 0 0 841.08167 
33.25 849.10516 -0.00000004126698 0 0.000099586214 0.00000010148132 734.4215 29.093746 0 0 -29.093746 734.4215 0 0.000099586214 0 0 849.10516 
33.75 867.18146 -0.00000054065794 0 -0.00014538487 -0.0000007026845 750.2773 31.916864 0 0 -31.916864 750.2773 0 -0.00014538487 0 0 867.18146 
34.25 757.91064 0.00000022200136 0 0.00003034769 0.00000018598111 630.6513 34.70256 0 0 -34.70256 630.6513 0 0.00003034769 0 0 757.91064 
34.75 542.1302 -0.000000038523503 0 -0.00007696166 0.00000016043339 401.0205 -7.6605883 0 0 7.6605883 401.0205 0 -0.00007696166 0 0 542.1302 
35.25 407.27136 -0.00000007024871 0 -0.000119370045 0.000000060633674 256.35504 -72.458405 0 0 72.458405 256.35504 0 -0.000119370045 0 0 407.27136 
35.75 467.83026 -0.00000041073332 0 -0.000007258295 -0.0000007390772 316.9412 -86.60509 0 0 86.60509 316.9412 0 -0.000007258295 0 0 467.83026 
36.25 625.404 0.0000005405269 0 0.00022304505 -0.00000070861006 484.1087 -29.458326 0 0 29.458326 484.1087 0 0.00022304505 0 0 625.404 
36.75 710.2576 0.0000010529249 0 0.000030156405 -0.0000004672095 582.7325 36.534546 0 0 -36.534546 582.7325 0 0.000030156405 0 0 710.2576 
37.25 683.25793 0.00000007884112 0 0.00030512342 0.0000015162716 567.8758 51.95121 0 0 -51.95121 567.8758 0 0.00030512342 0 0 683.25793 
37.75 630.28357 0.0000010903599 0 0.00034340838 -0.00000088828557 521.95105 31.414984 0 0 -31.414984 521.95105 0 0.00034340838 0 0 630.28357 
38.25 603.72394 -0.0000009298552 0 0.00028169865 0.00000044385746 495.5052 20.901983 0 0 -20.901983 495.5052 0 0.00028169865 0 0 603.72394 
38.75 557.8739 -0.000000008109681 0 0.00046086233 0.0000009477935 442.36343 21.03455 0 0 -21.03455 442.36343 0 0.00046086233 0 0 557.8739 
39.25 448.81955 -0.00000009589902 0 0.0002257547 -0.00000019537748 321.50333 -2.5292568 0 0 2.5292568 321.50333 0 0.0002257547 0 0 448.81955 
39.75 328.47705 0.000000010017427 0 0.00016406777 -0.00000039270756 191.23083 -48.080875 0 0 48.080875 191.23083 0 0.00016406777 0 0 328.47705 
40.25 293.2944 0.000000042041844 0 0.00017472856 0.00000029574434 153.36247 -67.18442 0 0 67.18442 153.36247 0 0.00017472856 0 0 293.2944 
40.75 363.40585 0.0000001046558 0 0.00039906084 0.00000045907208 227.79054 -33.71737 0 0 33.71737 227.79054 0 0.00039906084 0 0 363.40585 
41.25 455.34854 0.00000006721348 0 0.00014580542 -0.0000002211683 326.5794 15.815197 0 0 -15.815197 326.5794 0 0.00014580542 0 0 455.34854 
41.75 478.48743 -0.0000009333742 0 0.000501768 0.0000007805155 355.7489 32.801624 0 0 -32.801624 355.7489 0 0.000501768 0 0 478.48743 
42.25 430.7454 -0.00000027161724 0 0.00015427817 0.00000036999438 312.88235 19.749025 0 0 -19.749025 312.88235 0 0.00015427817 0 0 430.7454 
42.75 382.22607 -0.0000004750973 0 0.000083028775 -0.00000039831042 267.585 13.934867 0 0 -13.934867 267.585 0 0.000083028775 0 0 382.22607 
43.25 378.49106 -0.000000007659451 0 0.00002082107 0.00000036834297 263.0703 24.769974 0 0 -24.769974 263.0703 0 0.00002082107 0 0 378.49106 
43.75 387.88828 0.00000007940637 0 -0.000014196007 0.00000037159984 266.95285 23.693916 0 0 -23.693916 266.95285 0 -0.000014196007 0 0 387.88828 
44.25 355.2169 -0.000000007107344 0 0.000017296092 -0.00000080365004 227.88821 -3.5068479 0 0 3.5068479 227.88821 0 0.000017296092 0 0 355.2169 
44.75 287.41092 -0.00000041918025 0 0.00013535052 -0.00000075704935 157.7117 -28.719835 0 0 28.719835 157.7117 0 0.00013535052 0 0 287.41092 
45.25 254.18735 -0.00000036574374 0 0.000027625863 -0.0000001437703 126.13501 -21.677475 0 0 21.677475 126.13501 0 0.000027625863 0 0 254.18735 
45.75 296.8488 -0.0000001042972 0 0.00020134544 -0.0000009994731 169.9726 5.2912827 0 0 -5.2912827 169.97261 0 0.00020134544 0 0 296.8488 
46.25 365.2812 -0.00000004259327 0 0.00016690363 0.0000003901704 236.69 16.055061 0 0 -16.055061 236.69 0 0.00016690363 0 0 365.2812 
46.75 374.39514 -0.0000000046005715 0 0.00015593217 -0.00000047338457 243.89027 2.496042 0 0 -2.496042 243.89027 0 0.00015593217 0 0 374.39514 
47.25 312.19177 -0.0000003983442 0 0.00016088935 0.0000008392196 182.43553 -8.25045 0 0 8.25045 182.43553 0 0.00016088935 0 0 312.19177 
47.75 254.67159 0.00000020812824 0 0.0003575254 -0.00000021161547 126.21347 2.2410002 0 0 -2.2410002 126.21347 0 0.0003575254 0 0 254.67159 
48.25 263.5115 -0.000000055218553 0 -0.00007359974 0.0000003501744 132.75653 17.106926 0 0 -17.106926 132.75653 0 -0.00007359974 0 0 263.5115 
48.75 303.68945 0.00000008916484 0 0.00003305645 -0.00000055864774 167.62999 12.243529 0 0 -12.243529 167.62999 0 0.00003305645 0 0 303.68945 
49.25 294.2796 -0.000000097098244 0 -0.000107129454 0.00000046168765 155.25647 -6.7872257 0 0 6.7872257 155.25647 0 -0.000107129454 0 0 294.2796 
49.75 223.13242 0.00000003781644 0 -0.0002003067 0.00000026875432 86.130974 -13.839835 0 0 13.839835 86.130974 0 -0.0002003067 0 0 223.13242 
50.25 166.94164 0.0000002429103 0 -0.000101251484 0.00000009752468 32.81419 -0.8322203 0 0 0.8322203 32.81419 0 -0.000101251484 0 0 166.94164 
50.75 188.7378 -0.0000002861336 0 -0.00014458396 0.00000010101956 53.05882 11.917291 0 0 -11.917291 53.05882 0 -0.00014458396 0 0 188.7378 
51.25 253.4458 -0.000000083919176 0 -0.000104389816 0.00000025983306 112.78687 6.205526 0 0 -6.205526 112.78687 0 -0.000104389816 0 0 253.4458 
51.75 275.68842 0.00000016212792 0 -0.000030336481 -0.000000061934294 132.29941 -9.108525 0 0 9.108525 132.29941 0 -0.000030336481 0 0 275.68842 
52.25 232.45844 -0.00000012007104 0 0.000059378177 0.00000019300158 90.51556 -12.927912 0 0 12.927912 90.51556 0 0.000059378177 0 0 232.45844 
52.75 188.7783 0.00000013750007 0 0.00011567886 0.00000022633172 47.481403 -1.932309 0 0 1.932309 47.481403 0 0.00011567886 0 0 188.7783 
53.25 206.94856 -0.0000003860387 0 0.000075058655 0.0000005001646 60.31283 6.9868383 0 0 -6.9868383 60.31283 0 0.000075058655 0 0 206.94856 
53.75 264.92444 -0.0000003309472 0 0.0001678243 0.0000005529885 108.582405 1.8776428 0 0 -1.8776428 108.582405 0 0.0001678243 0 0 264.92444 
54.25 289.18195 0.00000012245843 0 0.00015128736 0.0000010392855 124.619576 -8.975925 0 0 8.975925 124.619576 0 0.00015128736 0 0 289.18195 
54.75 251.29445 -0.00000016456536 0 -0.0000352319 0.00000075973884 81.72044 -10.806106 0 0 10.806106 81.72044 0 -0.0000352319 0 0 251.29445 
55.25 199.91484 -0.00000003040276 0 -0.00012115575 0.00000004310024 23.82023 -2.768676 0 0 2.768676 23.82023 0 -0.00012115575 0 0 199.91484 
55.75 193.73152 -0.000000064836954 0 -0.0003261156 -0.0000007797974 5.4236712 2.9994957 0 0 -2.9994957 5.4236712 0 -0.0003261156 0 0 193.73152 
56.25 229.18666 0.00000004105617 0 -0.00033025024 0.00000000945703 25.843843 -0.86041236 0 0 0.86041236 25.843843 0 -0.00033025024 0 0 229.18666 
56.75 252.78755 0.000000105904086 0 -0.00025073686 0.00000017934263 38.6629 -8.24268 0 0 8.24268 38.662895 0 -0.00025073686 0 0 252.78755 
57.25 232.41637 0.00000016435074 0 0.000010394457 0.0000007956467 14.770857 -9.659399 0 0 9.659399 14.770856 0 0.000010394457 0 0 232.41637 
57.75 192.92545 -0.0000000051080202 0 0.00010591736 -0.00000015391933 -24.640087 -4.650711 0 0 4.650711 -24.640087 0 0.00010591736 0 0 192.92545 
58.25 177.91959 0.0000005061309 0 0.00022850094 0.00000068754895 -40.105385 -0.20163342 0 0 0.20163342 -40.10538 0 0.00022850094 0 0 177.91959 
58.75 194.64604 0.00000008433344 0 0.00027112424 0.00000011090978 -22.615982 -0.22329478 0 0 0.22329478 -22.615982 0 0.00027112424 0 0 194.64604 
59.25 210.70593 0.0000004098467 0 0.00030154924 0.00000044555804 1.2576104 -1.69954 0 0 1.69954 1.2576104 0 0.00030154924 0 0 210.70596 
59.75 198.35602 0.000000111720375 0 0.00018587589 -0.00000044548887 6.2710896 -0.94957936 0 0 0.94957936 6.2710934 0 0.00018587589 0 0 198.356 
60.25 166.00914 -0.000000036569944 0 0.000039753497 0.000000028651806 -3.286696 0.8925561 0 0 -0.8925561 -3.286694 0 0.000039753497 0 0 166.00914 
60.75 141.82965 -0.00000025680833 0 -0.00026909288 -0.00000030285307 -5.24401 0.7711689 0 0 -0.7711689 -5.24401 0 -0.00026909288 0 0 141.82965 
61.25 137.36232 -0.00000019636734 0 -0.0004047241 -0.00000023791415 10.496288 -0.71211326 0 0 0.71211326 10.496286 0 -0.0004047241 0 0 137.36232 
61.75 137.87273 0.000000019714857 0 -0.0003596504 -0.00000009933419 32.406994 -0.08413553 0 0 0.08413553 32.406994 0 -0.0003596504 0 0 137.87273 
62.25 126.09061 0.0000000407991 0 -0.00030973842 -0.00000027704422 45.276764 3.1810899 0 0 -3.1810899 45.276764 0 -0.00030973842 0 0 126.09061 
62.75 104.82127 0.000000089886164 0 -0.00033706028 0.000000042381956 48.699818 4.902201 0 0 -4.902201 48.699818 0 -0.00033706028 0 0 104.82127 
63.25 90.96067 -0.0000000046493374 0 -0.00014721097 0.000000015721797 53.680283 1.761447 0 0 -1.761447 53.680283 0 -0.00014721097 0 0 90.96067 
63.75 92.424194 -0.00000012168464 0 -0.000045946326 0.00000014464771 65.47891 -3.3090997 0 0 3.3090997 65.47891 0 -0.000045946326 0 0 92.424194 
64.25 98.6879 0.0000000092961825 0 -0.000019767876 0.000000024750289 76.36924 -3.8610919 0 0 3.8610919 76.36924 0 -0.000019767876 0 0 98.6879 
64.75 95.17244 -0.0000001291765 0 -0.000035402725 0.00000012618396 76.36761 1.9548744 0 0 -1.9548744 76.36761 0 -0.000035402725 0 0 95.17244 
65.25 81.58713 0.00000000021740676 0 -0.000055143893 0.00000005138703 66.730774 8.185344 0 0 -8.185344 66.730774 0 -0.000055143893 0 0 81.58713 
65.75 71.66417 -0.0000000030327847 0 -0.0001253718 0.00000004565369 59.102985 7.417044 0 0 -7.417044 59.102985 0 -0.0001253718 0 0 71.66417 
66.25 75.91814 0.000000025247273 0 -0.000108048254 0.00000006604644 61.978302 -0.4362613 0 0 0.4362613 61.978302 0 -0.000108048254 0 0 75.91814 
66.75 88.836494 -0.000000021127994 0 -0.000121590245 0.0000000128686 71.12742 -7.3521085 0 0 7.3521085 71.12742 0 -0.000121590245 0 0 88.836494 
67.25 94.96712 0.0000000048125806 0 -0.00006770779 0.00000014976338 74.79921 -5.7147117 0 0 5.7147117 74.79921 0 -0.00006770779 0 0 94.96712 
67.75 85.89459 -0.000000010380622 0 -0.000023375484 -0.00000030054233 67.00616 3.2783668 0 0 -3.2783668 67.00616 0 -0.000023375484 0 0 85.89459 
68.25 68.89139 -0.000000034466648 0 -0.0000037790285 -0.000000015690494 53.92023 10.620573 0 0 -10.620573 53.92023 0 -0.0000037790285 0 0 68.89139 
68.75 58.786407 0.0000000029082323 0 0.0000022330514 -0.000000031730416 47.170578 8.814289 0 0 -8.814289 47.170578 0 0.0000022330514 0 0 58.786407 
69.25 62.951923 0.0000000017231185 0 -0.000004620819 -0.000000016969729 52.08635 -0.44979456 0 0 0.44979456 52.08635 0 -0.000004620819 0 0 62.951923 
69.75 75.0479 -0.000000065298345 0 -0.00002024888 0.000000051540052 63.054417 -8.115735 0 0 8.115735 63.054417 0 -0.00002024888 0 0 75.0479 
70.25 82.39709 0.00000003408282 0 -0.000042078027 -0.000000011999103 69.56355 -6.855027 0 0 6.855027 69.56355 0 -0.000042078027 0 0 82.39709 
70.75 78.09627 -0.00000012592552 0 -0.0008253571 0.00000010851114 65.872375 1.9300637 0 0 -1.9300637 65.872375 0 -0.0008253571 0 0 78.09627 
71.25 66.00312 0.000000008498641 0 -0.00005565454 -0.00000003251183 55.0658 9.856126 0 0 -9.856126 55.0658 0 -0.00005565454 0 0 66.00312 
71.75 55.5987 -0.00000003220731 0 -0.000049312664 -0.00000009902204 45.124943 9.689686 0 0 -9.689686 45.124943 0 -0.000049312664 0 0 55.5987 
72.25 53.12189 0.000000020311678 0 -0.000047725895 -0.0000000810198 41.847588 1.8677038 0 0 -1.8677038 41.847588 0 -0.000047725895 0 0 53.121887 
72.75 57.46403 -0.00000007719532 0 -0.000018141753 0.00000015251504 45.15355 -6.47711 0 0 6.47711 45.15355 0 -0.000018141753 0 0 57.46403 
73.25 62.936005 -0.0000000005330301 0 0.000005817054 0.000000022004029 50.667465 -8.283903 0 0 8.283903 50.667465 0 0.000005817054 0 0 62.936005 
73.75 64.8559 -0.0000000034349048 0 0.000020227133 -0.00000007910026 53.907093 -2.579897 0 0 2.579897 53.907093 0 0.000020227133 0 0 64.85591 
74.25 62.51795 -0.00000016799682 0 0.000004017023 0.00000015729724 53.07156 5.3400702 0 0 -5.3400702 53.07156 0 0.000004017023 0 0 62.51795 
74.75 58.092144 -0.000000022864619 0 -0.000020548248 0.000000014342265 49.05387 8.958263 0 0 -8.958263 49.05387 0 -0.000020548248 0 0 58.092144 
75.25 53.754105 -0.000000028104791 0 -0.00005820003 -0.000000014658143 43.803753 5.9158874 0 0 -5.9158874 43.803753 0 -0.00005820003 0 0 53.754105 
75.75 50.15948 -0.0000000064481402 0 -0.000070356946 0.00000016596891 38.980022 -0.6736412 0 0 0.6736412 38.980022 0 -0.000070356946 0 0 50.15948 
76.25 47.102505 -0.000000048143992 0 -0.00006391041 0.000000046775014 35.648163 -5.4076447 0 0 5.4076447 35.648163 0 -0.00006391041 0 0 47.102505 
76.75 44.8489 -0.000000054670565 0 -0.000049375354 0.0000002703573 34.46154 -5.053117 0 0 5.053117 34.46154 0 -0.000049375354 0 0 44.8489 
77.25 44.352493 0.000000063895484 0 -0.00001903786 -0.00000006194798 35.559547 -0.64520985 0 0 0.64520985 35.559547 0 -0.00001903786 0 0 44.352493 
77.75 46.10125 -0.000000030187067 0 0.000007099485 0.00000004186165 38.139774 3.9503834 0 0 -3.9503834 38.139774 0 0.000007099485 0 0 46.10125 
78.25 48.92082 -0.0000001448927 0 0.000011397414 0.00000016177553 40.347378 5.3078074 0 0 -5.3078074 40.347378 0 0.000011397414 0 0 48.92082 
78.75 50.157772 -0.0000000030580645 0 -0.0000041223857 -0.0000000018227113 39.99402 2.8180044 0 0 -2.8180044 39.99402 0 -0.0000041223857 0 0 50.157772 
79.25 47.378708 0.000000007344083 0 -0.0000061576857 0.00000018970495 35.863197 -1.3581982 0 0 1.3581982 35.863197 0 -0.0000061576857 0 0 47.378708 
79.75 40.30096 0.0000000036965089 0 -0.000025140576 0.000000028590497 28.698273 -4.257899 0 0 4.257899 28.698273 0 -0.000025140576 0 0 40.30096 
80.25 31.402594 -0.0000000021350086 0 -0.000031328367 0.000000012819263 21.070614 -4.256785 0 0 4.256785 21.070614 0 -0.000031328367 0 0 31.402594 
80.75 24.64605 0.0000000025123579 0 -0.000023285811 0.00000021931173 16.081127 -1.895041 0 0 1.895041 16.081127 0 -0.000023285811 0 0 24.64605 
81.25 23.150726 -0.000000005987488 0 -0.00000038836788 0.00000008880554 15.6746855 0.88526326 0 0 -0.88526326 15.6746855 0 -0.00000038836788 0 0 23.150726 
81.75 27.366528 0.0000000140493155 0 0.000003862074 -0.000000009276102 19.611866 2.2530441 0 0 -2.2530441 19.611866 0 0.000003862074 0 0 27.366528 
82.25 34.873913 -0.00000006433471 0 0.00002188804 0.000000117664484 25.679445 1.6160562 0 0 -1.6160562 25.679445 0 0.00002188804 0 0 34.873913 
82.75 41.81849 0.000000062008105 0 0.000025417085 0.000000009154616 30.929974 -0.2598672 0 0 0.2598672 30.929974 0 0.000025417085 0 0 41.81849 
83.25 44.98812 0.00000009954421 0 0.000016683414 -0.00000015219149 33.15858 -1.985032 0 0 1.985032 33.15858 0 0.000016683414 0 0 44.98812 
83.75 43.31831 0.00000021592419 0 0.000019181643 -0.00000029297425 31.815483 -2.49754 0 0 2.49754 31.815483 0 0.000019181643 0 0 43.31831 
84.25 38.10023 0.000000017392717 0 0.000036699803 -0.00000014559274 27.980778 -1.6082186 0 0 1.6082186 27.980778 0 0.000036699803 0 0 38.10023 
84.75 32.029083 -0.000000026828296 0 0.000022704797 0.000000072399175 23.604103 0.060149305 0 0 -0.060149305 23.604103 0 0.000022704797 0 0 32.029083 
85.25 27.75671 0.000000010594584 0 0.000018400046 -0.000000079271274 20.509285 1.5769235 0 0 -1.5769235 20.509285 0 0.000018400046 0 0 27.75671 
85.75 26.745932 0.000000021073832 0 0.000011315746 -0.0000001636724 19.669184 2.253622 0 0 -2.253622 19.669184 0 0.000011315746 0 0 26.745932 
86.25 28.86592 -0.000000023022674 0 -0.000009688448 -0.0000000022798379 20.984837 1.9397312 0 0 -1.9397312 20.984837 0 -0.000009688448 0 0 28.86592 
86.75 32.738914 -0.000000022268292 0 -0.000029171779 -0.00000005936139 23.533752 0.97465813 0 0 -0.97465813 23.533752 0 -0.000029171779 0 0 32.738914 
87.25 36.508884 -0.000000066988754 0 -0.000031141848 -0.000000033724145 26.065422 -0.09098724 0 0 0.09098724 26.065422 0 -0.000031141848 0 0 36.508884 
87.75 38.6286 0.000000004122346 0 -0.000022786322 -0.00000025132147 27.504818 -0.800932 0 0 0.800932 27.504818 0 -0.000022786322 0 0 38.6286 
88.25 38.359596 0.00000000016165753 0 -0.000009317206 -0.00000000056167354 27.285881 -0.97663665 0 0 0.97663665 27.285881 0 -0.000009317206 0 0 38.359596 
88.75 35.876167 0.000000080243346 0 0.000010923201 -0.00000007954311 25.449265 -0.7208297 0 0 0.7208297 25.449265 0 0.000010923201 0 0 35.876167 
89.25 32.0331 -0.0000000115181935 0 0.0000049253213 -0.0000000035127892 22.52585 -0.29231113 0 0 0.29231113 22.52585 0 0.0000049253213 0 0 32.0331 
89.75 27.958527 -0.00000000041284262 0 0.00083348254 0.00000002650485 19.290089 0.05378689 0 0 -0.05378689 19.290089 0 0.00083348254 0 0 27.958527 
90.5 23.489952 -0.0000000007698107 0 0.00001651681 -0.000000009725872 15.408786 0.16335501 0 0 -0.16335501 15.408786 0 0.00001651681 0 0 23.489952 
91.5 22.462818 0.000000000053980473 0 0.0000058111623 -0.0000000011000936 13.804861 -0.15103206 0 0 0.15103206 13.804861 0 0.0000058111623 0 0 22.462818 
92.5 25.010618 -0.000000053970027 0 -0.000014258328 -0.000000081310354 15.214117 -0.16444464 0 0 0.16444464 15.214117 0 -0.000014258328 0 0 25.010618 
93.5 26.955574 0.00000003472477 0 -0.000030234605 -0.00000005549665 16.525637 0.23614486 0 0 -0.23614486 16.525637 0 -0.000030234605 0 0 26.955574 
94.5 26.178165 0.000000017133093 0 -0.000024575804 -0.00000011462706 15.8547535 0.48933482 0 0 -0.48933482 15.8547535 0 -0.000024575804 0 0 26.178165 
95.5 24.227919 -0.0000000344427 0 0.000009748037 -0.000000004079025 14.327124 0.346834 0 0 -0.346834 14.327124 0 0.000009748037 0 0 24.227919 
96.5 24.365614 0.0000000014867285 0 0.000015025438 0.000000015530738 14.664923 0.08739733 0 0 -0.08739733 14.664923 0 0.000015025438 0 0 24.365614 
97.5 26.793365 -0.0000000047619446 0 0.000031742315 0.000000038417525 16.968468 -0.03788756 0 0 0.03788756 16.968468 0 0.000031742315 0 0 26.793365 
98.5 27.481234 -0.000000067235554 0 0.000006120922 0.00000006709283 17.511711 -0.19371155 0 0 0.19371155 17.511711 0 0.000006120922 0 0 27.481234 
99.5 23.974934 0.0000000008825449 0 -0.00036360614 -0.000000003924792 13.934471 -0.584198 0 0 0.584198 13.934471 0 -0.00036360614 0 0 23.974934 
100.5 19.575115 -0.00000000029804412 0 -0.00002117383 0.000000058764225 9.383252 -0.79012907 0 0 0.79012907 9.383252 0 -0.00002117383 0 0 19.575115 
101.5 18.68954 -0.000000008152338 0 -0.000020155141 -0.000000025930852 8.373925 -0.22440599 0 0 0.22440599 8.373924 0 -0.000020155141 0 0 18.68954 
102.5 20.085943 -0.00000000025156605 0 -0.000011354679 -0.000000014011123 9.833391 0.620665 0 0 -0.620665 9.833391 0 -0.000011354679 0 0 20.085943 
103.5 18.940662 -0.00000000074857076 0 -0.0000060721054 0.000000032029433 8.718143 0.5865795 0 0 -0.5865795 8.718143 0 -0.0000060721054 0 0 18.940662 
104.5 15.426535 0.0000000048379953 0 0.0000012577284 0.00000005227313 5.0128655 -0.14633495 0 0 0.14633495 5.0128655 0 0.0000012577284 0 0 15.426535 
105.5 14.7626 0.000000016395429 0 0.000026147336 -0.000000024972646 4.1260996 -0.17771927 0 0 0.17771927 4.1260996 0 0.000026147336 0 0 14.7626 
106.5 17.136347 0.000000011706645 0 0.00003146485 -0.00000009793296 6.4046993 0.5712755 0 0 -0.5712755 6.4046993 0 0.00003146485 0 0 17.136347 
107.5 16.897995 -0.0000000004881473 0 -0.000020179039 0.00000001492329 6.0757976 0.77388316 0 0 -0.77388316 6.0757976 0 -0.000020179039 0 0 16.897995 
108.5 14.179313 0.0000000012382738 0 -0.000046702487 -0.000000069217485 3.032993 0.5909359 0 0 -0.5909359 3.032993 0 -0.000046702487 0 0 14.179313 
109.5 14.705207 0.0000000005222758 0 -0.000035428577 -0.00000000015178214 2.9876554 1.2965707 0 0 -1.2965707 2.9876556 0 -0.000035428577 0 0 14.705207 
110.5 16.6864 0.0000000031122078 0 -0.000016762026 0.000000046337377 4.636972 2.055458 0 0 -2.055458 4.636972 0 -0.000016762026 0 0 16.6864 
111.5 14.766646 -0.0000000042480823 0 -0.00001086239 -0.000000053674896 2.9195535 1.4952552 0 0 -1.4952552 2.9195535 0 -0.00001086239 0 0 14.766646 
112.5 13.015625 -0.000000005272075 0 0.000011000149 0.00000002013012 1.2379413 0.9720283 0 0 -0.9720283 1.2379413 0 0.000011000149 0 0 13.015625 
113.5 15.126033 0.000000010314606 0 0.000017989876 -0.00000001047102 2.702678 1.4572232 0 0 -1.4572232 2.7026777 0 0.000017989876 0 0 15.126033 
114.5 15.496886 -0.0000000035479255 0 -0.0000046391806 -0.0000000126037945 2.1771588 1.3497448 0 0 -1.3497448 2.1771584 0 -0.0000046391806 0 0 15.496886 
115.5 13.868246 -0.000000022090475 0 -0.000022601032 0.000000017753718 -0.0086295605 0.75126123 0 0 -0.75126123 -0.00862968 0 -0.000022601032 0 0 13.868246 
116.5 15.595951 0.000000008180658 0 -0.00001297195 0.000000059427492 1.7586784 0.9128464 0 0 -0.9128464 1.758678 0 -0.00001297195 0 0 15.595951 
117.5 16.811073 -0.000000005591613 0 0.00004775866 -0.00000003882119 3.6400344 0.47767726 0 0 -0.47767726 3.6400347 0 0.00004775866 0 0 16.811073 
118.5 15.411819 0.000000010496612 0 0.00013165019 -0.000000024625614 2.6430109 -0.650721 0 0 0.650721 2.6430109 0 0.00013165019 0 0 15.41182 
119.5 17.212719 0.00000002174104 0 0.00021261719 0.000000033887332 3.5706325 -0.64353776 0 0 0.64353776 3.5706325 0 0.00021261719 0 0 17.212719 
120.5 18.800869 -0.000000017334692 0 0.00023174587 -0.000000011311836 3.2725172 -0.61143893 0 0 0.61143893 3.2725172 0 0.00023174587 0 0 18.800869 
121.5 17.197615 -0.000000034692874 0 0.000112667374 -0.00000007828301 -0.48575616 -1.0415514 0 0 1.0415514 -0.48575616 0 0.000112667374 0 0 17.197615 
122.5 17.463114 0.00000000491049 0 0.00006660356 0.0000000003104237 -1.8806794 -0.51660496 0 0 0.51660496 -1.8806794 0 0.00006660356 0 0 17.463114 
123.5 16.152323 -0.0000000019038886 0 0.000005948647 0.00000000958205 -3.4198296 -0.44010198 0 0 0.44010198 -3.4198296 0 0.000005948647 0 0 16.152323 
124.5 12.615856 0.000000024084654 0 0.000036925074 0.000000052109556 -5.683183 -0.8581364 0 0 0.8581364 -5.683183 0 0.000036925074 0 0 12.615856 
125.5 11.936618 -0.00000001735655 0 0.000080561396 -0.000000019570926 -4.1013117 -0.46122766 0 0 0.46122766 -4.101311 0 0.000080561396 0 0 11.936619 
126.5 10.330324 -0.000000010337215 0 0.000038237853 -0.000000025636819 -2.8299077 -0.70851034 0 0 0.70851034 -2.8299077 0 0.000038237853 0 0 10.330324 
127.5 9.071643 -0.000000014179281 0 -0.000010097992 -0.0000000039739017 -1.5630538 -0.7491404 0 0 0.7491404 -1.5630538 0 -0.000010097992 0 0 9.071643 
128.5 10.125103 -0.000000009470953 0 -0.000004423274 -0.000000028066516 0.9205297 -0.049354285 0 0 0.049354285 0.9205297 0 -0.000004423274 0 0 10.125103 
129.5 8.964329 0.000000004395623 0 -0.0000017147152 -0.0000000040618717 0.022022963 -0.0878226 0 0 0.0878226 0.022022724 0 -0.0000017147152 0 0 8.964329 
130.5 8.736451 0.000000020761693 0 0.0000031990814 0.0000000304647 -1.1514621 0.30253094 0 0 -0.30253094 -1.1514621 0 0.0000031990814 0 0 8.736451 
131.5 8.843819 0.000000021096286 0 -0.000006696212 -0.00000000088660274 -2.382251 0.29839122 0 0 -0.29839122 -2.382251 0 -0.000006696212 0 0 8.843819 
132.5 8.1682625 0.0000000070031505 0 -0.0000024377064 0.000000004856012 -3.9975 -0.27893937 0 0 0.27893937 -3.9975 0 -0.0000024377064 0 0 8.1682625 
133.5 9.448205 -0.000000015400737 0 0.000005375553 -0.000000011235231 -2.8017612 -0.06356204 0 0 0.06356204 -2.8017612 0 0.000005375553 0 0 9.448205 
134.5 8.703757 -0.000000011070045 0 -0.00001332796 -0.0000000132501965 -2.237434 -0.14818753 0 0 0.14818753 -2.237434 0 -0.00001332796 0 0 8.703757 
135.5 7.1580315 -0.0000000060052865 0 -0.000009779313 0.0000000068470625 -1.6513485 0.3076271 0 0 -0.3076271 -1.6513487 0 -0.000009779313 0 0 7.1580324 
136.5 5.353567 -0.000000015592818 0 -0.000007820214 -0.0000000002607523 -1.0201203 0.56884956 0 0 -0.56884956 -1.0201203 0 -0.000007820214 0 0 5.353567 
137.5 3.3791358 0.0000000058634653 0 0.0000020759337 0.0000000076485565 -0.7500905 0.057532784 0 0 -0.057532784 -0.7500905 0 0.0000020759337 0 0 3.3791358 
138.5 3.6085868 -0.00000000017653727 0 0.000006317422 -0.00000000088463026 1.0789801 0.00970509 0 0 -0.00970509 1.0789801 0 0.000006317422 0 0 3.6085868 
139.5 2.9079227 0.000000003160722 0 0.0000006712198 -0.00000000018671822 1.5752268 -0.15891634 0 0 0.15891634 1.5752268 0 0.0000006712198 0 0 2.9079227 
140.5 2.294952 -0.000000008592863 0 0.0000055821374 0.0000000084440375 1.5023428 0.24794267 0 0 -0.24794267 1.5023428 0 0.0000055821374 0 0 2.294952 
141.5 1.8121724 -0.0000000004847833 0 0.00000120416 -0.00000000086930746 1.1009421 0.24943016 0 0 -0.24943016 1.1009421 0 0.00000120416 0 0 1.8121724 
142.5 1.9245449 -0.000000003848418 0 0.0000035766714 0.0000000034976657 1.1564292 -0.11546757 0 0 0.11546757 1.1564292 0 0.0000035766714 0 0 1.9245449 
143.5 2.5635655 -0.00000000060809785 0 -0.0000039860015 0.0000000005072424 1.8013322 0.011891534 0 0 -0.011891534 1.8013322 0 -0.0000039860015 0 0 2.5635655 
144.5 1.792003 -0.0000000054982476 0 -0.0000016305077 0.000000004412005 1.1554481 0.07602009 0 0 -0.07602009 1.1554481 0 -0.0000016305077 0 0 1.792003 
145.5 1.681949 -0.0000000006269511 0 0.0000026392113 -0.00000001267888 1.0481758 0.18105523 0 0 -0.18105523 1.0481758 0 0.0000026392113 0 0 1.681949 
146.5 1.7163445 0.00000000779724 0 0.0000040506384 -0.0000000058932335 1.1491052 -0.13363753 0 0 0.13363753 1.1491052 0 0.0000040506384 0 0 1.7163445 
147.5 1.8486731 0.000000008326147 0 0.00000249818 -0.0000000062837957 1.336329 0.02281656 0 0 -0.02281656 1.336329 0 0.00000249818 0 0 1.8486731 
148.5 1.5026758 -0.0000000020566888 0 -0.0000024296226 0.0000000042526533 1.0265236 0.17520536 0 0 -0.17520536 1.0265236 0 -0.0000024296226 0 0 1.5026758 
149.5 1.3814279 0.0000000057350222 0 -0.0000008990657 -0.000000008672339 0.82991076 0.028068129 0 0 -0.028068129 0.82991064 0 -0.0000008990657 0 0 1.3814279 
150.5 1.700897 -0.00000000035977452 0 -0.000002774889 0.00000000047029175 1.1738527 -0.022572448 0 0 0.022572448 1.1738527 0 -0.000002774889 0 0 1.700897 
151.5 1.3658272 0.0000000018602292 0 0.0000013290037 -0.0000000027276426 0.90712 0.034253743 0 0 -0.034253743 0.90712 0 0.0000013290037 0 0 1.3658272 
152.5 1.2938534 -0.00000000019817752 0 0.0000029284377 -0.0000000033746907 0.75285375 0.096428074 0 0 -0.096428074 0.75285375 0 0.0000029284377 0 0 1.2938534 
153.5 1.3282404 -0.0000000019838025 0 0.0000033498984 -0.0000000033781453 0.82879275 -0.07922879 0 0 0.07922879 0.82879275 0 0.0000033498984 0 0 1.3282404 
154.5 1.2989492 0.0000000042065165 0 0.00000060376175 -0.0000000052503855 0.8134643 0.096342556 0 0 -0.096342556 0.8134643 0 0.00000060376175 0 0 1.2989492 
155.5 1.1192942 -0.0000000004232625 0 -0.00000055762376 0.0000000049226747 0.6259912 0.059319198 0 0 -0.059319198 0.6259912 0 -0.00000055762376 0 0 1.1192942 
156.5 1.2250673 0.000000004994184 0 0.000000877823 -0.0000000032944951 0.6928532 -0.021375636 0 0 0.021375636 0.6928532 0 0.000000877823 0 0 1.2250673 
157.5 1.1007023 0.0000000021795064 0 0.000001957723 -0.0000000023218243 0.5460379 0.038346447 0 0 -0.038346447 0.5460379 0 0.000001957723 0 0 1.1007023 
158.5 1.0127494 0.000000000027730812 0 0.0000043727105 0.0000000011343169 0.44821107 0.046402782 0 0 -0.046402782 0.44821107 0 0.0000043727105 0 0 1.0127494 
159.5 1.0817987 -0.0000000020934783 0 0.0000006531911 -0.0000000017313996 0.48652798 0.021699755 0 0 -0.021699755 0.48652798 0 0.0000006531911 0 0 1.0817987 
160.5 0.9766457 0.00000000053170973 0 -0.000002501258 0.0000000013380921 0.3723523 0.0393474 0 0 -0.0393474 0.3723523 0 -0.000002501258 0 0 0.9766457 
161.5 0.9423585 0.00000000039504228 0 -0.00000021500587 -0.0000000006970667 0.31511295 0.03892266 0 0 -0.03892266 0.31511295 0 -0.00000021500587 0 0 0.94235843 
162.5 0.8903748 0.0000000002758676 0 0.00000041560781 -0.000000005133501 0.23017667 -0.014557993 0 0 0.014557993 0.23017667 0 0.00000041560781 0 0 0.8903749 
163.5 0.87610227 0.0000000001853539 0 -0.0000019997512 -0.000000002567332 0.1787187 0.038537156 0 0 -0.038537156 0.1787187 0 -0.0000019997512 0 0 0.87610227 
164.5 0.860418 -0.000000000014993465 0 -0.0000009711205 0.0000000008293592 0.07371696 0.023344135 0 0 -0.023344135 0.073716946 0 -0.0000009711205 0 0 0.860418 
165.5 0.87032247 -0.00000000026135016 0 0.0000004271792 0.0000000011535664 -0.06790752 0.043731466 0 0 -0.043731466 -0.06790752 0 0.0000004271792 0 0 0.87032247 
166.5 0.87466955 0.00000000020254498 0 0.000002027454 -0.00000000077362267 -0.2058664 0.034881912 0 0 -0.034881912 -0.2058664 0 0.000002027454 0 0 0.87466955 
167.5 0.8775209 0.00000000051981436 0 0.00000005630358 0.0000000003167424 -0.29926947 0.01608363 0 0 -0.01608363 -0.29926947 0 0.00000005630358 0 0 0.8775209 
168.5 0.7635581 0.00000000066034245 0 -0.0000034595134 0.0000000014008019 -0.36926097 0.015545918 0 0 -0.015545918 -0.36926097 0 -0.0000034595134 0 0 0.7635581 
169.5 0.6126941 0.00000000023497967 0 -0.000002194997 0.00000000036056433 -0.33734077 0.00018475734 0 0 -0.00018475734 -0.33734077 0 -0.000002194997 0 0 0.6126941 
170.5 0.43530214 -0.0000000005034291 0 -0.0000015402196 0.0000000014860683 -0.24979955 -0.0021967357 0 0 0.0021967357 -0.24979955 0 -0.0000015402196 0 0 0.43530214 
171.5 0.25110364 -0.00000000016899487 0 -0.0000007112778 -0.0000000003058338 -0.16607296 -0.004469036 0 0 0.004469036 -0.16607296 0 -0.0000007112778 0 0 0.25110364 
172.5 0.13578944 -0.000000000048655063 0 -0.00000094548506 -0.00000000016981883 -0.07363105 -0.0039424705 0 0 0.0039424705 -0.07363106 0 -0.00000094548506 0 0 0.13578944 
173.5 0.04817072 0.00000000018197928 0 -0.00000059948127 0.0000000001390569 -0.031102758 -0.0055414704 0 0 0.0055414704 -0.031102758 0 -0.00000059948127 0 0 0.04817072 
174.5 0.021008976 0.00000000003885666 0 -0.0000003226561 0.00000000006667529 -0.00286271 -0.0002979426 0 0 0.0002979426 -0.00286271 0 -0.0000003226561 0 0 0.021008976 
175.5 0.0074761165 -0.0000000000072432086 0 -0.00000007479415 0.000000000003697722 0.0024443343 0.0004052094 0 0 -0.0004052094 0.0024443343 0 -0.00000007479415 0 0 0.0074761165 
176.5 0.003655166 0.00000000000546394 0 -0.000000052835922 -0.000000000021917907 0.00065461075 0.00057099795 0 0 -0.00057099795 0.00065461075 0 -0.000000052835922 0 0 0.003655166 
177.5 0.0044332314 0.00000000000011782914 0 0.00000001773996 -0.0000000000060858037 0.0018067562 0.0005038416 0 0 -0.0005038416 0.0018067562 0 0.00000001773996 0 0 0.0044332314 
178.5 0.000874754 0.000000000000089093704 0 -0.000000048192927 0.00000000000071659996 -0.0005042261 -0.000079868485 0 0 0.000079868485 -0.0005042261 0 -0.000000048192927 0 0 0.000874754 
179.5 0.00028366092 0.000000000000013711202 0 -0.000000034887858 -0.000000000000018036123 -0.00002946403 -0.000004294353 0 0 0.000004294353 -0.00002946403 0 -0.000000034887858 0 0 0.00028366092 
