0.25 34156536 0 0 0.029288966 0 34156492 -2.8242607 0 0 2.8242607 34156492 0 0.029288966 0 0 34156536 
0.75 28286076 0 0 0.01413862 0 28285754 -0.7371025 0 0 0.7371025 28285754 0 0.01413862 0 0 28286076 
1.25 19079028 0 0 0.13466151 0 19078284 8.507095 0 0 -8.507095 19078284 0 0.13466151 0 0 19079028 
1.75 10054570 0 0 0.011541347 0 10053517 -2.2592163 0 0 2.2592163 10053517 0 0.011541347 0 0 10054570 
2.25 3772053.8 0 0 0.005495069 0 3770871 -0.44431877 0 0 0.44431877 3770871 0 0.005495069 0 0 3772053.8 
2.75 811988.06 0 0 0.07884014 0 810773.75 0.26368105 0 0 -0.26368105 810773.75 0 0.07884014 0 0 811988.06 
3.25 155678.53 0.000068151996 0 0.2339641 -0.00000029124203 154442.7 0.10190582 0 0 -0.10190582 154442.7 0 0.2339641 0 0 155678.53 
3.75 354966.75 -0.00001704423 0 -0.022689115 0.00001704423 353722.22 0.68117523 0 0 -0.68117523 353722.22 0 -0.022689115 0 0 354966.75 
4.25 490086.25 0 0 0.02919073 0 488921.13 0.18731499 0 0 -0.18731499 488921.13 0 0.02919073 0 0 490086.25 
4.75 373685.75 0 0 -0.003264449 0 372727.53 -0.099625826 0 0 0.099625826 372727.53 0 -0.003264449 0 0 373685.75 
5.25 190172.3 0.00000025799372 0 -0.049236685 -0.00000029128324 189481.6 -0.22619781 0 0 0.22619781 189481.6 0 -0.049236685 0 0 190172.3 
5.75 93377.45 0.0000010611682 0 -0.7475959 -0.0000011359398 92885.35 -1.4642652 0 0 1.4642652 92885.35 0 -0.7475959 0 0 93377.45 
6.25 80549.03 -0.000006087819 0 -0.0033258116 0.0000072279854 80101.15 -0.017992973 0 0 0.017992973 80101.15 0 -0.0033258116 0 0 80549.03 
6.75 85317.484 0.00000021430124 0 0.00047837524 0.0000006137754 84788.14 -0.005348444 0 0 0.005348444 84788.14 0 0.00047837524 0 0 85317.484 
7.25 77278.41 0 0 0.022598848 0.000004254816 76658.89 -0.04552432 0 0 0.04552432 76658.89 0 0.022598848 0 0 77278.41 
7.75 65797.88 0 0 0.023868885 0.000034100944 65191.71 -0.26539254 0 0 0.26539254 65191.71 0 0.023868885 0 0 65797.88 
8.25 58451.62 -0.00000013315805 0 0.085515454 0.00000013315804 57981.145 0.35080385 0 0 -0.35080385 57981.145 0 0.085515454 0 0 58451.62 
8.75 48142.297 0 0 0.036318894 -0.00000013315805 47839.543 0.029469013 0 0 -0.029469013 47839.543 0 0.036318894 0 0 48142.297 
9.25 31468.074 -0.00000078646474 0 -0.0081523005 0.00000054511577 31237.557 -0.009318948 0 0 0.009318948 31237.557 0 -0.0081523005 0 0 31468.074 
9.75 18045.365 -0.000008505471 0 -0.057322793 0.000008555405 17738.15 -0.0018917322 0 0 0.0018917322 17738.15 0 -0.057322793 0 0 18045.365 
10.25 17027.309 -0.000004073284 0 -0.34554732 0.0000038225717 16571.158 -0.08143318 0 0 0.08143318 16571.158 0 -0.34554732 0 0 17027.309 
10.75 24066.867 0.0000013324908 0 0.019291937 -0.000009852786 23536.89 0.045820355 0 0 -0.045820355 23536.89 0 0.019291937 0 0 24066.867 
11.25 27223.88 -0.00003405101 0 0.01276925 0.00003401356 26778.883 0.013354301 0 0 -0.013354301 26778.883 0 0.01276925 0 0 27223.88 
11.75 21466.775 0.000000003120892 0 0.012486759 -0.0000010663048 21202.045 -0.010955751 0 0 0.010955751 21202.045 0 0.012486759 0 0 21466.775 
12.25 12464.453 0.00000026111462 0 0.012236703 0.00000081247214 12320.861 -0.013839006 0 0 0.013839006 12320.861 0 0.012236703 0 0 12464.453 
12.75 7793.003 -0.000000040896683 0 0.016635876 -0.00000012828167 7613.482 0.0018110275 0 0 -0.0018110275 7613.482 0 0.016635876 0 0 7793.003 
13.25 8798.3 -0.000000528471 0 0.007874664 0.0000003453787 8476.587 0.017985344 0 0 -0.017985344 8476.587 0 0.007874664 0 0 8798.3 
13.75 11506.577 -0.00000016644756 0 0.0032677264 0.00000839728 11080.874 0.0025296211 0 0 -0.0025296211 11080.874 0 0.0032677264 0 0 11506.577 
14.25 12244.999 0.0000043866735 0 0.003787293 -0.000009278282 11850.441 -0.101266116 0 0 0.101266116 11850.441 0 0.003787293 0 0 12244.999 
14.75 10504.13 -0.000000002015576 0 -0.004525541 -0.0000021322192 10242.527 -1.4836241 0 0 1.4836241 10242.527 0 -0.004525541 0 0 10504.13 
15.25 7781.426 0.000000006631895 0 0.011439322 -0.00000002665762 7639.0396 0.09376764 0 0 -0.09376764 7639.0396 0 0.011439322 0 0 7781.426 
15.75 5625.1343 0.00000013601888 0 0.0037748027 0.0000000028608156 5503.287 -0.0012503862 0 0 0.0012503862 5503.287 0 0.0037748027 0 0 5625.1343 
16.25 4789.6807 0.0000002746385 0 -0.0135684945 0.000000091546255 4597.7954 0.00078451633 0 0 -0.00078451633 4597.7954 0 -0.0135684945 0 0 4789.6807 
16.75 5105.9644 0.0000021409319 0 -0.066822946 -0.0000033851272 4825.3184 0.06038338 0 0 -0.06038338 4825.3184 0 -0.066822946 0 0 5105.9644 
17.25 5704.6274 0.0000019504275 0 0.04438212 0.0000022000988 5383.953 -0.026345372 0 0 0.026345372 5383.953 0 0.04438212 0 0 5704.6274 
17.75 5735.7017 0.00000006657903 0 0.0054000784 0.0000046251616 5445.865 0.006662369 0 0 -0.006662369 5445.865 0 0.0054000784 0 0 5735.7017 
18.25 5084.338 -0.000007956193 0 0.0049961205 0.000008146568 4873.021 -0.0074129105 0 0 0.0074129105 4873.021 0 0.0049961205 0 0 5084.338 
18.75 4258.5645 0.00000046719916 0 0.012176688 -0.0000004441013 4124.14 -0.027547203 0 0 0.027547203 4124.14 0 0.012176688 0 0 4258.5645 
19.25 3658.518 -0.00000023458703 0 -0.015645582 -0.0000023206433 3550.0503 0.03334955 0 0 -0.03334955 3550.0503 0 -0.015645582 0 0 3658.518 
19.75 3243.4006 0.000000020805944 0 0.0028938204 0.0000022553809 3092.354 0.0005967617 0 0 -0.0005967617 3092.354 0 0.0028938204 0 0 3243.4006 
20.25 2885.9458 0.0000017279337 0 0.0018763854 -0.0000014769621 2657.2097 0.0024158955 0 0 -0.0024158955 2657.2097 0 0.0018763854 0 0 2885.9458 
20.75 2685.7803 0.0000025969885 0 0.0055773486 -0.0000026018974 2408.265 -0.02578473 0 0 0.02578473 2408.265 0 0.0055773486 0 0 2685.7803 
21.25 2769.1968 0.0000019852123 0 0.06577683 -0.0000019044588 2512.7869 -0.7185273 0 0 0.7185273 2512.7869 0 0.06577683 0 0 2769.1968 
21.75 2999.357 0.0000048581883 0 0.0041346243 -0.000004919306 2815.2393 0.050530076 0 0 -0.050530076 2815.2393 0 0.0041346243 0 0 2999.357 
22.25 3072.8416 -0.0000010346406 0 0.0005950076 0.0000008202094 2953.8696 0.0041908026 0 0 -0.0041908026 2953.8696 0 0.0005950076 0 0 3072.8416 
22.75 2811.511 0.000000007802231 0 -0.023580834 -0.000000030688764 2707.4685 0.0073252916 0 0 -0.0073252916 2707.4685 0 -0.023580834 0 0 2811.511 
23.25 2261.86 -0.000000016969846 0 -0.16478813 -0.00000016469204 2125.8835 0.08841102 0 0 -0.08841102 2125.8835 0 -0.16478813 0 0 2261.86 
23.75 1624.5632 0.00000011131181 0 0.038664285 -0.0000010196212 1442.3726 -0.0017158389 0 0 0.0017158389 1442.3726 0 0.038664285 0 0 1624.5632 
24.25 1192.8812 0.00000053627326 0 0.005483112 0.00000036098308 978.5194 0.009747267 0 0 -0.009747267 978.5194 0 0.005483112 0 0 1192.8811 
24.75 1225.7272 0.000000029388401 0 0.002135598 -0.0000002517845 1005.4532 -0.02874279 0 0 0.02874279 1005.4532 0 0.002135598 0 0 1225.7272 
25.25 1695.7029 -0.0000018837877 0 -0.012242001 0.0000020022367 1498.323 -0.22110546 0 0 0.22110546 1498.323 0 -0.012242001 0 0 1695.7029 
25.75 2202.1348 0.000004745853 0 0.02254815 -0.000004660028 2049.3389 0.087096885 0 0 -0.087096885 2049.3389 0 0.02254815 0 0 2202.1348 
26.25 2293.863 -0.00000012067449 0 0.0036040142 0.00000034121743 2184.267 0.0066961944 0 0 -0.0066961944 2184.267 0 0.0036040142 0 0 2293.863 
26.75 1892.9196 0.00000014459624 0 -0.011286015 0.00000012691122 1795.8744 -0.001276359 0 0 0.001276359 1795.8744 0 -0.011286015 0 0 1892.9196 
27.25 1309.2776 0.0000005728584 0 -0.027035313 -0.0000012918745 1185.1814 0.022615194 0 0 -0.022615194 1185.1814 0 -0.027035313 0 0 1309.2776 
27.75 874.9093 0.0000006711217 0 0.004809402 -0.0000001881635 707.2701 -0.006358385 0 0 0.006358385 707.2701 0 0.004809402 0 0 874.9093 
28.25 698.9595 0.00000046915983 0 0.00077608327 0.00000029543023 504.67633 -0.001275301 0 0 0.001275301 504.67633 0 0.00077608327 0 0 698.9595 
28.75 753.7519 -0.00000016516343 0 0.0012246855 -0.00000020131382 562.756 0.0014298558 0 0 -0.0014298558 562.756 0 0.0012246855 0 0 753.7519 
29.25 994.31665 0.00000035128122 0 0.018642072 -0.00000021451051 825.3999 0.06582838 0 0 -0.06582838 825.3999 0 0.018642072 0 0 994.31665 
29.75 1298.578 0.00000014616177 0 -0.016721047 0.00000017242928 1155.6504 -0.028735697 0 0 0.028735697 1155.6504 0 -0.016721047 0 0 1298.578 
30.25 1444.8794 -0.00000003634335 0 -0.0030757517 -0.000000100061555 1325.5392 -0.0030414704 0 0 0.0030414704 1325.5392 0 -0.0030757517 0 0 1444.8794 
30.75 1306.5343 -0.0000001484415 0 0.016870553 0.00000004505381 1202.8235 -0.010200784 0 0 0.010200784 1202.8235 0 0.016870553 0 0 1306.5343 
31.25 1012.2983 0.000000045764953 0 0.33561385 0.0000011640847 905.8231 -0.8652237 0 0 0.8652237 905.8231 0 0.33561385 0 0 1012.2983 
31.75 792.3014 -0.00000019987729 0 -0.00437323 0.0000006849607 661.6846 0.04303801 0 0 -0.04303801 661.6846 0 -0.00437323 0 0 792.3014 
32.25 707.909 -0.0000004851112 0 0.0011380406 0.0000009910709 547.7714 -0.0037847757 0 0 0.0037847757 547.7714 0 0.0011380406 0 0 707.909 
32.75 654.33026 0.000000026852675 0 0.011042526 -0.0000005910839 482.191 -0.03151005 0 0 0.03151005 482.191 0 0.011042526 0 0 654.33026 
33.25 590.87317 0.000000225712 0 -0.06916416 0.0000010583642 430.35095 0.03379464 0 0 -0.03379464 430.35095 0 -0.06916416 0 0 590.87317 
33.75 604.2847 0.0000002944082 0 -0.010092666 -0.00000029764283 464.5268 -0.0012335479 0 0 0.0012335479 464.5268 0 -0.010092666 0 0 604.2847 
34.25 717.8755 -0.00000007980054 0 0.0067178113 -0.00000006764189 592.8923 0.0031116754 0 0 -0.0031116754 592.8923 0 0.0067178113 0 0 717.8755 
34.75 796.9345 -0.000000018855392 0 0.025102254 -0.00000053250216 679.5293 -0.017652214 0 0 0.017652214 679.5293 0 0.025102254 0 0 796.9345 
35.25 735.3076 -0.0000000056280447 0 -0.0013818606 0.0000006297335 622.723 0.024361067 0 0 -0.024361067 622.723 0 -0.0013818606 0 0 735.3076 
35.75 622.6759 -0.000001980011 0 0.0007428654 0.0000022487977 509.40085 0.0015312433 0 0 -0.0015312433 509.40085 0 0.0007428654 0 0 622.6759 
36.25 606.655 0.0000005641337 0 0.002668106 0.0000021205487 482.1351 -0.0117224455 0 0 0.0117224455 482.1351 0 0.002668106 0 0 606.655 
36.75 662.1153 -0.00000004083167 0 -0.012657223 -0.0000012683827 521.80304 0.016135335 0 0 -0.016135335 521.80304 0 -0.012657223 0 0 662.1153 
37.25 638.8705 0.0000004929059 0 -0.0007136354 -0.00000040070947 492.5859 -0.0002931226 0 0 0.0002931226 492.5859 0 -0.0007136354 0 0 638.8705 
37.75 510.9038 -0.0000002758007 0 -0.0006332983 -0.0000012568009 373.5567 0.0114766285 0 0 -0.0114766285 373.5567 0 -0.0006332983 0 0 510.9038 
38.25 424.47076 -0.0000005759203 0 -0.0009975409 0.0000015561362 300.16187 0.24725729 0 0 -0.24725729 300.16187 0 -0.0009975409 0 0 424.47076 
38.75 466.95752 0.000000019063176 0 -0.0021125837 -0.0000004521915 347.75485 -0.027084589 0 0 0.027084589 347.75485 0 -0.0021125837 0 0 466.95752 
39.25 528.0238 -0.0000000062417835 0 0.0009442854 0.0000006587681 407.1875 0.0028292537 0 0 -0.0028292537 407.1875 0 0.0009442854 0 0 528.0238 
39.75 475.57593 0.0000005040327 0 0.010059367 -0.00000063849825 354.82886 -0.012727886 0 0 0.012727886 354.82886 0 0.010059367 0 0 475.57593 
40.25 366.3779 -0.0000000015406353 0 -0.002766252 -0.00000044646274 248.2241 0.020955034 0 0 -0.020955034 248.2241 0 -0.002766252 0 0 366.3779 
40.75 357.07086 0.000000034402948 0 0.00016071867 0.00000011826067 236.84413 -0.0016874075 0 0 0.0016874075 236.84413 0 0.00016071867 0 0 357.07086 
41.25 455.39154 0.000000010391545 0 0.000953939 -0.00000033810795 326.91324 -0.046413958 0 0 0.046413958 326.91324 0 0.000953939 0 0 455.39154 
41.75 501.18738 0.000000022789013 0 -0.0018646056 -0.00000009645512 367.13907 0.032125235 0 0 -0.032125235 367.13907 0 -0.0018646056 0 0 501.18738 
42.25 407.1907 -0.000000016599042 0 0.0010869533 0.00000016857385 277.14166 0.002121538 0 0 -0.002121538 277.14166 0 0.0010869533 0 0 407.1907 
42.75 289.79807 -0.00000011488784 0 0.001467731 0.00000059969875 167.80879 0.024593815 0 0 -0.024593815 167.80879 0 0.001467731 0 0 289.79807 
43.25 294.00345 -0.0000005192385 0 -0.00018849011 0.0000014229967 173.94054 -0.031541973 0 0 0.031541973 173.94052 0 -0.00018849011 0 0 294.00345 
43.75 382.01016 -0.00000011775068 0 0.00011670826 -0.00000087827306 257.19153 0.002286166 0 0 -0.002286166 257.19153 0 0.00011670826 0 0 382.01016 
44.25 399.80576 -0.000000013491355 0 0.0054274155 0.0000004033103 272.30182 0.04335004 0 0 -0.04335004 272.30182 0 0.0054274155 0 0 399.80576 
44.75 311.38724 -0.0000001511113 0 -0.0029581957 0.0000000016823325 187.5662 -0.009321123 0 0 0.009321123 187.5662 0 -0.0029581957 0 0 311.38724 
45.25 248.27905 -0.000000282809 0 0.0007407731 -0.00000050699293 128.21564 -0.0015952289 0 0 0.0015952289 128.21564 0 0.0007407731 0 0 248.27904 
45.75 309.34628 0.000000019473065 0 0.010946053 0.0000003829269 186.36354 -0.19448733 0 0 0.19448733 186.36354 0 0.010946053 0 0 309.34628 
46.25 413.05243 0.000000022811362 0 -0.000117984775 0.0000007314813 283.67908 0.0069046617 0 0 -0.0069046617 283.67908 0 -0.000117984775 0 0 413.05243 
46.75 413.95715 0.00000004622999 0 0.000727263 -0.0000005772901 282.86865 -0.0024826974 0 0 0.0024826974 282.86865 0 0.000727263 0 0 413.95715 
47.25 306.1361 -0.00000027523177 0 -0.002837044 0.000000009774121 178.68971 0.0025739968 0 0 -0.0025739968 178.68971 0 -0.002837044 0 0 306.1361 
47.75 223.54492 -0.0000001178835 0 0.0002252509 0.00000005204259 97.26195 -0.0014074594 0 0 0.0014074594 97.26195 0 0.0002252509 0 0 223.54492 
48.25 249.83194 -0.000000018091422 0 0.0005869948 0.00000020706791 117.63233 -0.05746889 0 0 0.05746889 117.632324 0 0.0005869948 0 0 249.83192 
48.75 312.48047 -0.00000061380183 0 0.00019755079 0.00000068699234 172.94446 0.004260659 0 0 -0.004260659 172.94444 0 0.00019755079 0 0 312.48047 
49.25 298.062 0.00000028781287 0 0.0016718217 0.000000013759625 157.81592 -0.008329362 0 0 0.008329362 157.81592 0 0.0016718217 0 0 298.062 
49.75 212.54765 0.00000013772195 0 -0.0016948234 -0.0000005253416 77.47843 0.0019511599 0 0 -0.0019511599 77.47843 0 -0.0016948234 0 0 212.54765 
50.25 165.81294 -0.00000020372757 0 0.00029284065 0.00000007416181 33.682987 0.003603402 0 0 -0.003603402 33.682987 0 0.00029284065 0 0 165.81294 
50.75 216.48746 -0.000000062933914 0 -0.0000015462215 0.00000011209615 80.984474 -0.024910063 0 0 0.024910063 80.984474 0 -0.0000015462215 0 0 216.48746 
51.25 296.3858 -0.00000031994534 0 -0.000053003187 -0.00000062429723 156.17392 -0.0004428327 0 0 0.0004428327 156.17392 0 -0.000053003187 0 0 296.38583 
51.75 307.1113 0.000000045925475 0 -0.000033598328 -0.00000016486477 166.91908 0.00064715743 0 0 -0.00064715743 166.91908 0 -0.000033598328 0 0 307.1113 
52.25 246.56377 -0.00000008409678 0 0.000007058434 0.000000024094113 109.1911 -0.0026280284 0 0 0.0026280284 109.1911 0 0.000007058434 0 0 246.56377 
52.75 199.8165 0.0000001604203 0 0.0003108058 0.0000004978669 60.693325 0.01995984 0 0 -0.01995984 60.693325 0 0.0003108058 0 0 199.8165 
53.25 221.50322 -0.00000008730878 0 0.00025904004 -0.000000030807676 73.393524 -0.0058166254 0 0 0.0058166254 73.393524 0 0.00025904004 0 0 221.50322 
53.75 271.49512 0.00000036039896 0 -0.0011255564 0.00000048985083 112.65262 0.012254775 0 0 -0.012254775 112.65262 0 -0.0011255564 0 0 271.49512 
54.25 277.58896 0.00000012397923 0 0.001510025 -0.00000046482904 112.24401 -0.0011514425 0 0 0.0011514425 112.24401 0 0.001510025 0 0 277.58896 
54.75 229.97977 0.00000022824541 0 -0.00056800974 0.00000027349836 60.910263 0.00015595555 0 0 -0.00015595555 60.910263 0 -0.00056800974 0 0 229.97977 
55.25 185.8347 0.00000034437494 0 0.0001434299 -0.00000038851454 9.371936 0.35653394 0 0 -0.35653394 9.371936 0 0.0001434299 0 0 185.8347 
55.75 190.87944 -0.0000001752525 0 0.0002959087 -0.0000002650107 0.96247226 0.00071982667 0 0 -0.00071982667 0.9624761 0 0.0002959087 0 0 190.87944 
56.25 226.07957 -0.00000028646912 0 0.00065539486 0.00000034174042 21.726437 -0.00014442764 0 0 0.00014442764 21.726437 0 0.00065539486 0 0 226.07957 
56.75 240.4678 -0.000000077020616 0 -0.000036845355 -0.00000041285784 27.088818 -0.005083069 0 0 0.005083069 27.088818 0 -0.000036845355 0 0 240.4678 
57.25 217.04527 0.00000017501785 0 0.00072629197 0.0000001524727 0.45055485 0.091943294 0 0 -0.091943294 0.45055485 0 0.00072629197 0 0 217.04527 
57.75 186.99376 0.00000013630483 0 0.0026416252 0.000000050943566 -31.597437 -0.014218599 0 0 0.014218599 -31.597437 0 0.0026416252 0 0 186.99376 
58.25 183.7406 -0.0000002461637 0 0.0005075185 -0.00000043361223 -37.801476 0.00055608153 0 0 -0.00055608153 -37.801476 0 0.0005075185 0 0 183.7406 
58.75 202.27206 0.00000007718619 0 -0.002735257 0.00000043670636 -19.049438 -0.0058301743 0 0 0.0058301743 -19.049438 0 -0.002735257 0 0 202.27206 
59.25 211.69884 -0.000000009135103 0 -0.000279206 -0.0000006666843 -0.33909822 -0.0030106138 0 0 0.0030106138 -0.3390944 0 -0.000279206 0 0 211.69884 
59.75 196.7442 -0.00000017865078 0 0.0016215609 0.000000053205518 3.7023888 0.000631392 0 0 -0.000631392 3.7023888 0 0.0016215609 0 0 196.7442 
60.25 173.06221 -0.000000016444435 0 -0.00045591904 -0.00000056264935 3.289259 -0.0014229417 0 0 0.0014229417 3.2892609 0 -0.00045591904 0 0 173.06221 
60.75 162.15855 0.0000002660652 0 0.0006177407 0.0000009695254 14.438444 -0.0011184216 0 0 0.0011184216 14.438448 0 0.0006177407 0 0 162.15855 
61.25 163.24922 -0.000000030240123 0 0.00059417804 0.00000032652704 36.083477 -0.00088992715 0 0 0.00088992715 36.083477 0 0.00059417804 0 0 163.24922 
61.75 157.44379 0.00000021709836 0 0.0006168481 0.0000012851585 52.71062 0.0005508512 0 0 -0.0005508512 52.71062 0 0.0006168481 0 0 157.44379 
62.25 134.90356 0.00000008914893 0 0.0003873306 -0.00000007073175 55.618217 -0.00031729788 0 0 0.00031729788 55.618217 0 0.0003873306 0 0 134.90356 
62.75 108.41594 0.00000019623582 0 0.00012226628 -0.00000015066266 53.560196 0.000009976327 0 0 -0.000009976327 53.560196 0 0.00012226628 0 0 108.41594 
63.25 97.28022 0.00000013302092 0 -0.000085009204 -0.0000003231495 60.08581 -0.00006452203 0 0 0.00006452203 60.08581 0 -0.000085009204 0 0 97.28022 
63.75 103.39269 -0.00000007566538 0 -0.00021549039 0.0000000617189 75.259224 -0.00013318658 0 0 0.00013318658 75.259224 0 -0.00021549039 0 0 103.39269 
64.25 109.10787 0.00000006214559 0 -0.00017982203 0.000000055444623 84.97195 -0.00011782348 0 0 0.00011782348 84.97195 0 -0.00017982203 0 0 109.10787 
64.75 98.55319 -0.0000004582798 0 -0.00010804752 0.0000004318246 78.203705 -0.00007144734 0 0 0.00007144734 78.203705 0 -0.00010804752 0 0 98.55319 
65.25 76.46436 -0.0000000014563377 0 -0.00005780646 0.000000004557882 61.041348 -0.00010582525 0 0 0.00010582525 61.041348 0 -0.00005780646 0 0 76.46436 
65.75 62.95443 -0.000000026738892 0 -0.000043061977 -0.000000025796123 50.984905 0.000013537705 0 0 -0.000013537705 50.984905 0 -0.000043061977 0 0 62.95443 
66.25 70.90232 -0.000000010286652 0 -0.00005132378 0.00000005398421 58.23179 0.00003954768 0 0 -0.00003954768 58.23179 0 -0.00005132378 0 0 70.90232 
66.75 91.343445 0.00000027540625 0 -0.000024520486 -0.0000001886801 74.73853 0.000048696995 0 0 -0.000048696995 74.73853 0 -0.000024520486 0 0 91.343445 
67.25 102.19774 0.00000016718926 0 0.000022534827 0.000000074050114 82.48221 -0.00012785196 0 0 0.00012785196 82.48221 0 0.000022534827 0 0 102.19774 
67.75 90.38313 0.00000012590024 0 0.00006668421 -0.00000010737829 71.68951 -0.00012148172 0 0 0.00012148172 71.68951 0 0.00006668421 0 0 90.38313 
68.25 64.44512 0.0000000028496436 0 0.00008854307 0.00000014320852 50.329296 -0.00009152235 0 0 0.00009152235 50.329296 0 0.00008854307 0 0 64.44512 
68.75 45.902615 0.000000016920028 0 0.000077618664 -0.0000000003749124 36.159935 -0.000003233552 0 0 0.000003233552 36.159935 0 0.000077618664 0 0 45.902615 
69.25 48.93231 0.0000000004470026 0 0.000010279489 -0.00000000014426033 40.03788 0.000084117055 0 0 -0.000084117055 40.03788 0 0.000010279489 0 0 48.93231 
69.75 68.05153 0.000000034505195 0 0.000004342138 0.000000012886523 56.52672 0.00007459521 0 0 -0.00007459521 56.52672 0 0.000004342138 0 0 68.05153 
70.25 84.20003 -0.000000006766758 0 -0.000007283419 0.00000010825112 69.59583 0.00011909008 0 0 -0.00011909008 69.59583 0 -0.000007283419 0 0 84.20003 
70.75 82.127235 -0.0000001369719 0 -0.00000037980817 0.00000016904615 67.012856 0.000023812056 0 0 -0.000023812056 67.012856 0 -0.00000037980817 0 0 82.127235 
71.25 62.963276 -0.000000025861139 0 0.0000038417966 0.0000000641327 50.272476 0.00008139666 0 0 -0.00008139666 50.272476 0 0.0000038417966 0 0 62.963276 
71.75 41.924007 -0.000000004853377 0 0.0000024081364 -0.000000031250917 32.294254 0.00002077967 0 0 -0.00002077967 32.294254 0 0.0000024081364 0 0 41.924007 
72.25 34.77247 0.000000024866077 0 -0.000018293034 0.0000000068478045 26.19846 0.000020233914 0 0 -0.000020233914 26.19846 0 -0.000018293034 0 0 34.77247 
72.75 45.339672 -0.0000000032973109 0 -0.000033658187 -0.000000020525203 35.18048 -0.000018179417 0 0 0.000018179417 35.18048 0 -0.000033658187 0 0 45.339672 
73.25 63.814266 0.00000014526142 0 -0.00003634517 -0.00000014382793 51.17738 0.0000023543835 0 0 -0.0000023543835 51.17738 0 -0.00003634517 0 0 63.814266 
73.75 75.644936 -0.00000000040046108 0 -0.00001779247 0.000000012968956 62.08371 -0.000010564923 0 0 0.000010564923 62.08371 0 -0.00001779247 0 0 75.644936 
74.25 72.7792 -0.000000005335587 0 0.0000016883109 0.0000001375426 60.876503 -0.00041195564 0 0 0.00041195564 60.876503 0 0.0000016883109 0 0 72.7792 
74.75 58.54883 -0.000000035630187 0 0.000016351622 0.00000003701182 49.73413 -0.000055491924 0 0 0.000055491924 49.73413 0 0.000016351622 0 0 58.54883 
75.25 43.662853 -0.000000013869406 0 -0.0000019245426 0.000000024524063 37.07994 -0.000083982944 0 0 0.000083982944 37.07994 0 -0.0000019245426 0 0 43.662853 
75.75 37.69996 0.000000003958006 0 -0.000028086273 0.000000044172 30.913574 -0.000087291 0 0 0.000087291 30.913574 0 -0.000028086273 0 0 37.699963 
76.25 42.82514 0.00000002007017 0 -0.00004613513 -0.000000008554254 33.668713 -0.00004442595 0 0 0.00004442595 33.668713 0 -0.00004613513 0 0 42.82514 
76.75 53.63785 -0.000000068104924 0 -0.000022581928 0.00000013106325 41.729187 0.000032305717 0 0 -0.000032305717 41.729187 0 -0.000022581928 0 0 53.63785 
77.25 62.04019 0.000000059028494 0 0.0000066098723 -0.000000047187488 48.910774 0.000033464283 0 0 -0.000033464283 48.910774 0 0.0000066098723 0 0 62.04019 
77.75 62.872856 -0.0000002716156 0 0.000015754704 0.0000002726763 50.770775 0.000021100044 0 0 -0.000021100044 50.770775 0 0.000015754704 0 0 62.872856 
78.25 56.501667 0.0000000017311197 0 0.0000134248585 -0.0000000607685 46.835823 -0.00004425645 0 0 0.00004425645 46.835823 0 0.0000134248585 0 0 56.501667 
78.75 47.395626 -0.000000032550435 0 -0.000007004969 -0.000000022895176 39.897907 -0.000059872866 0 0 0.000059872866 39.897907 0 -0.000007004969 0 0 47.395626 
79.25 40.52785 0.00000006586501 0 -0.000023391556 -0.000000059783396 33.583626 0.00006017089 0 0 -0.00006017089 33.583626 0 -0.000023391556 0 0 40.52785 
79.75 38.33852 0.00000007108013 0 -0.00003079619 -0.000000027975668 30.119398 0.00010877848 0 0 -0.00010877848 30.119398 0 -0.00003079619 0 0 38.33852 
80.25 39.952732 0.000000009924349 0 -0.000018831444 -0.000000079492466 29.541897 0.00011137128 0 0 -0.00011137128 29.541897 0 -0.000018831444 0 0 39.952732 
80.75 42.53649 -0.00000009109891 0 -0.0000073939063 0.00000010966223 30.3735 0.00003375928 0 0 -0.00003375928 30.3735 0 -0.0000073939063 0 0 42.53649 
81.25 43.43192 -0.000000002673508 0 0.0000084411695 -0.00000006270139 30.92014 0.0000066682696 0 0 -0.0000066682696 30.92014 0 0.0000084411695 0 0 43.43192 
81.75 41.63016 0.00000006608357 0 -0.000005320013 0.000000010679111 30.261625 0.000040873885 0 0 -0.000040873885 30.261625 0 -0.000005320013 0 0 41.63016 
82.25 37.92563 -0.00000005110026 0 0.000008067593 0.00000012705067 28.481792 0.000053346157 0 0 -0.000053346157 28.481792 0 0.000008067593 0 0 37.92563 
82.75 34.018936 -0.000000001056552 0 -0.0000029263965 -0.0000000000030446756 26.260372 0.000049322844 0 0 -0.000049322844 26.260372 0 -0.0000029263965 0 0 34.018936 
83.25 31.352772 -0.00000000003790616 0 -0.0000019118484 0.00000013299416 24.270788 0.000026673079 0 0 -0.000026673079 24.270788 0 -0.0000019118484 0 0 31.352772 
83.75 30.386927 0.00000003165389 0 -0.000030122366 0.000000038700286 22.79002 -0.000011861324 0 0 0.000011861324 22.79002 0 -0.000030122366 0 0 30.386927 
84.25 30.59842 -0.000000036406842 0 -0.000027546956 0.000000021524706 21.687733 -0.00007367879 0 0 0.00007367879 21.687733 0 -0.000027546956 0 0 30.59842 
84.75 31.02277 0.00000011363419 0 -0.000032995904 -0.00000010734771 20.691013 -0.00007195398 0 0 0.00007195398 20.691013 0 -0.000032995904 0 0 31.02277 
85.25 30.919027 0.000000019041556 0 -0.000024732602 -0.000000048329873 19.692408 -0.000063844025 0 0 0.000063844025 19.692408 0 -0.000024732602 0 0 30.919024 
85.75 30.172993 0.000000003992551 0 -0.00001090235 0.000000058380596 18.893454 -0.00001782924 0 0 0.00001782924 18.893454 0 -0.00001090235 0 0 30.172993 
86.25 29.274534 -0.00000000040484233 0 0.00000065154745 -0.00000003371873 18.708967 0.000042557716 0 0 -0.000042557716 18.708967 0 0.00000065154745 0 0 29.274534 
86.75 28.958782 0.0000000015627167 0 0.000012202838 0.0000001316446 19.50969 -0.000023417175 0 0 0.000023417175 19.50969 0 0.000012202838 0 0 28.958782 
87.25 29.748228 -0.000000002461309 0 0.000014893127 0.000000059241348 21.35973 -0.00002796948 0 0 0.00002796948 21.35973 0 0.000014893127 0 0 29.748228 
87.75 31.646137 0.0000000071286776 0 0.000012973498 -0.000000016692502 23.899174 -0.0000102855265 0 0 0.0000102855265 23.899174 0 0.000012973498 0 0 31.646137 
88.25 34.108055 0.00000003253139 0 -0.0000011996242 -0.000000007450974 26.428633 0.000005736947 0 0 -0.000005736947 26.428633 0 -0.0000011996242 0 0 34.108055 
88.75 36.27062 0.0000000617199 0 -0.000008564273 -0.00000009334941 28.150173 0.000000923872 0 0 -0.000000923872 28.150173 0 -0.000008564273 0 0 36.27062 
89.25 37.30188 -0.00000010127379 0 0.00000088204433 0.00000023437244 28.449081 -0.000061646104 0 0 0.000061646104 28.449081 0 0.00000088204433 0 0 37.30188 
89.75 36.703785 -0.000000034165357 0 0.0000034313844 0.00000009832218 27.132063 -0.00006608665 0 0 0.00006608665 27.132063 0 0.0000034313844 0 0 36.703785 
90.5 32.848835 0.0000000042718526 0 0.00000058554815 -0.00000010816558 22.510735 -0.00009158999 0 0 0.00009158999 22.510735 0 0.00000058554815 0 0 32.848835 
91.5 25.21281 -0.0000000017080238 0 0.0000022264667 -0.00000006604391 15.006776 0.00004902482 0 0 -0.00004902482 15.006776 0 0.0000022264667 0 0 25.212807 
92.5 20.187473 0.000000025336929 0 0.00000926995 -0.00000007449097 10.836095 0.000034086406 0 0 -0.000034086406 10.836095 0 0.00000926995 0 0 20.187475 
93.5 20.84775 0.0000000046466697 0 -0.000008576985 -0.000000023884295 12.182029 -0.000036358833 0 0 0.000036358833 12.182029 0 -0.000008576985 0 0 20.84775 
94.5 24.965006 -0.000000008259138 0 0.0000013041625 -0.00000001995639 16.434006 -0.00029380294 0 0 0.00029380294 16.434006 0 0.0000013041625 0 0 24.965006 
95.5 27.47913 0.00000000006927272 0 -0.000015062645 0.00000005726531 18.632517 0.000038534403 0 0 -0.000038534403 18.632517 0 -0.000015062645 0 0 27.47913 
96.5 26.169348 -0.000000035417283 0 -0.000018718092 0.000000086167496 16.73719 -0.000045329332 0 0 0.000045329332 16.73719 0 -0.000018718092 0 0 26.169348 
97.5 23.925098 -0.00000001502336 0 -0.000012191821 0.000000008237039 13.86697 0.000026345253 0 0 -0.000026345253 13.86697 0 -0.000012191821 0 0 23.925098 
98.5 24.375778 0.000000029289986 0 -0.000011898319 -0.00000000456337 13.910467 -0.000001385808 0 0 0.000001385808 13.910467 0 -0.000011898319 0 0 24.375778 
99.5 26.682512 -0.0000000020727544 0 0.00024730517 -0.00000008857691 16.032955 0.00022222102 0 0 -0.00022222102 16.032955 0 0.00024730517 0 0 26.682512 
100.5 26.207163 0.0000000003600152 0 -0.000004578914 -0.000000045331788 15.498203 0.0002181828 0 0 -0.0002181828 15.498203 0 -0.000004578914 0 0 26.207163 
101.5 21.051863 -0.0000000019900985 0 0.000002239131 -0.00000004617428 10.5511875 -0.000030301511 0 0 0.000030301511 10.5511875 0 0.000002239131 0 0 21.051863 
102.5 16.26015 0.0000000021088489 0 0.0000012293449 0.000000112004486 6.2207766 0.000005118549 0 0 -0.000005118549 6.2207766 0 0.0000012293449 0 0 16.26015 
103.5 16.882923 0.00000000672153 0 -0.000012016579 0.000000082632745 7.086952 -0.000013701618 0 0 0.000013701618 7.086952 0 -0.000012016579 0 0 16.882923 
104.5 19.167803 -0.000000010070722 0 -0.000028344597 -0.000000041084586 9.1367235 0.00003695488 0 0 -0.00003695488 9.1367235 0 -0.000028344597 0 0 19.167803 
105.5 17.068018 0.0000000006893296 0 -0.00001542858 -0.000000038514845 6.635938 -0.00001758337 0 0 0.00001758337 6.635938 0 -0.00001542858 0 0 17.068018 
106.5 13.672773 0.000000017765922 0 -0.0000040146165 -0.000000054652578 2.9525943 -0.000035274774 0 0 0.000035274774 2.9525943 0 -0.0000040146165 0 0 13.672773 
107.5 15.121386 -0.000000001884015 0 0.000006508617 0.000000016575182 4.116905 -0.000048210844 0 0 0.000048210844 4.116905 0 0.000006508617 0 0 15.121386 
108.5 17.88435 -0.00000000068129835 0 0.000028023274 -0.000000071514975 6.4722857 0.000009369105 0 0 -0.000009369105 6.4722857 0 0.000028023274 0 0 17.88435 
109.5 15.524365 0.0000000012160253 0 0.000033644734 0.000000010105286 3.7642355 0.000060603023 0 0 -0.000060603023 3.7642355 0 0.000033644734 0 0 15.524365 
110.5 12.553916 0.0000000032678975 0 -0.00000032438948 0.000000018171376 0.83483 -0.000036707148 0 0 0.000036707148 0.83483 0 -0.00000032438948 0 0 12.553916 
111.5 14.657493 -0.00000000044668047 0 -0.000030625186 0.000000020684357 3.3385372 -0.000019382453 0 0 0.000019382453 3.338537 0 -0.000030625186 0 0 14.657493 
112.5 15.624194 -0.000000001024043 0 -0.000026647725 -0.000000028552298 4.5113845 0.000051148236 0 0 -0.000051148236 4.5113845 0 -0.000026647725 0 0 15.624193 
113.5 12.439335 0.0000000005920249 0 -0.000028440394 0.000000022107079 0.89762956 0.000051617622 0 0 -0.000051617622 0.89762956 0 -0.000028440394 0 0 12.439334 
114.5 12.909908 0.0000000014933956 0 -0.00004046299 0.00000000502167 0.59314424 -0.000009119511 0 0 0.000009119511 0.5931442 0 -0.00004046299 0 0 12.909908 
115.5 15.9701395 -0.000000023586836 0 -0.000036661004 0.00000008586586 3.3170083 -0.00004953146 0 0 0.00004953146 3.3170083 0 -0.000036661004 0 0 15.9701395 
116.5 14.096253 -0.0000000040644235 0 -0.000020985479 -0.000000056789347 2.0974855 -0.00006264448 0 0 0.00006264448 2.0974855 0 -0.000020985479 0 0 14.096253 
117.5 12.80394 -0.000000006979593 0 -0.000011842156 0.000000010672953 2.2507532 -0.000019729137 0 0 0.000019729137 2.2507532 0 -0.000011842156 0 0 12.80394 
118.5 15.841237 0.000000003308963 0 0.000042980475 0.0000000027156706 6.655464 0.000097990036 0 0 -0.000097990036 6.655464 0 0.000042980475 0 0 15.841237 
119.5 15.10163 -0.0000000046276223 0 0.00011796743 -0.00000000828467 6.252982 0.00007271767 0 0 -0.00007271767 6.252982 0 0.00011796743 0 0 15.101629 
120.5 13.735125 -0.000000011496739 0 0.000043980603 -0.0000000345909 3.7384863 0.000088214874 0 0 -0.000088214874 3.7384863 0 0.000043980603 0 0 13.735125 
121.5 16.816496 -0.000000025759835 0 -0.00000494047 -0.000000028160441 4.260425 -0.00008547306 0 0 0.00008547306 4.260425 0 -0.00000494047 0 0 16.816496 
122.5 16.173267 -0.000000000549485 0 -0.00002471311 -0.0000000014658377 -0.087996125 0.000015854836 0 0 -0.000015854836 -0.087996125 0 -0.00002471311 0 0 16.173267 
123.5 14.928917 0.000000004828899 0 -0.0000072636403 0.000000008888497 -5.7482266 0.00003951788 0 0 -0.00003951788 -5.7482266 0 -0.0000072636403 0 0 14.928917 
124.5 18.06215 0.000000019176417 0 -0.000030356332 -0.000000031628495 -7.061355 0.00009521842 0 0 -0.00009521842 -7.0613546 0 -0.000030356332 0 0 18.06215 
125.5 17.546505 -0.000000049889685 0 -0.000054014883 -0.000000021163663 -11.114902 0.000061921775 0 0 -0.000061921775 -11.1149025 0 -0.000054014883 0 0 17.546505 
126.5 17.486042 0.000000025706086 0 -0.0000388562 0.000000048923827 -12.709614 0.000032246113 0 0 -0.000032246113 -12.709614 0 -0.0000388562 0 0 17.486042 
127.5 19.775232 0.0000000043400687 0 -0.000015355263 0.000000023594716 -9.291303 0.000009208918 0 0 -0.000009208918 -9.291303 0 -0.000015355263 0 0 19.775232 
128.5 16.501764 -0.000000011099031 0 -0.0000040334426 -0.000000026851831 -8.893564 0.0000039022416 0 0 -0.0000039022416 -8.893564 0 -0.0000040334426 0 0 16.501766 
129.5 14.015052 0.000000030350787 0 -0.000004647893 0.000000012787637 -5.9048667 -0.000016219914 0 0 0.000016219914 -5.9048667 0 -0.000004647893 0 0 14.015052 
130.5 11.06795 0.00000003370855 0 -0.000012244039 0.000000037589352 -2.713326 -0.000011019409 0 0 0.000011019409 -2.713326 0 -0.000012244039 0 0 11.067951 
131.5 4.910202 -0.0000000028281963 0 -0.000009072967 -0.0000000010112317 -3.2693691 0.000012502074 0 0 -0.000012502074 -3.2693691 0 -0.000009072967 0 0 4.910202 
132.5 4.1794376 0.0000000027964961 0 -0.000014557852 0.0000000039917216 0.120868176 0.00000013050158 0 0 -0.00000013050158 0.12086819 0 -0.000014557852 0 0 4.1794376 
133.5 3.2890625 0.00000000061687794 0 -0.000014098445 -0.0000000015967699 1.5106544 -0.0000045057386 0 0 0.0000045057386 1.5106542 0 -0.000014098445 0 0 3.2890625 
134.5 2.9485517 -0.00000000034899866 0 -0.0000074319314 0.0000000017295644 1.9611616 0.00001123175 0 0 -0.00001123175 1.9611616 0 -0.0000074319314 0 0 2.9485517 
135.5 4.5399513 -0.0000000002088916 0 -0.0000032362075 0.0000000010762414 3.5735347 0.00001228787 0 0 -0.00001228787 3.5735347 0 -0.0000032362075 0 0 4.5399513 
136.5 1.7408619 -0.00000000057352406 0 0.00000018406831 -0.00000000069543354 0.65172464 0.00000085122883 0 0 -0.00000085122883 0.65172464 0 0.00000018406831 0 0 1.7408619 
137.5 2.0496264 -0.00000000038365877 0 0.000008063991 -0.00000000070875167 0.9699388 0.000011372846 0 0 -0.000011372846 0.9699388 0 0.000008063991 0 0 2.0496264 
138.5 2.5758052 0.0000000017371932 0 0.0000003580551 0.0000000024056657 1.6886563 0.000019926578 0 0 -0.000019926578 1.6886563 0 0.0000003580551 0 0 2.5758052 
139.5 2.3402014 0.00000000015714144 0 -0.000008679292 0.00000000027295582 1.7728306 0.000012218952 0 0 -0.000012218952 1.7728306 0 -0.000008679292 0 0 2.3402014 
140.5 3.35549 -0.000000004010405 0 -0.000005722285 0.000000004687894 3.0562217 0.0000019520521 0 0 -0.0000019520521 3.0562217 0 -0.000005722285 0 0 3.35549 
141.5 0.75885916 0.00000000013983853 0 -0.0000008043158 0.0000000013731597 0.48288742 -0.0000012265518 0 0 0.0000012265518 0.48288742 0 -0.0000008043158 0 0 0.75885916 
142.5 1.748166 0.0000000005959514 0 -0.0000007018883 0.00000000026730315 1.3177736 -0.0000011204538 0 0 0.0000011204538 1.3177736 0 -0.0000007018883 0 0 1.748166 
143.5 2.4723573 0.00000000031898154 0 -0.00000089393956 0.00000000090414887 1.9732025 -0.0000015050173 0 0 0.0000015050173 1.9732025 0 -0.00000089393956 0 0 2.4723573 
144.5 1.962616 0.000000000045462217 0 -0.00000018738137 0.0000000006631388 1.5415915 0.00000028125942 0 0 -0.00000028125942 1.5415915 0 -0.00000018738137 0 0 1.962616 
145.5 1.8868465 0.00000000027721778 0 -0.0000032094415 0.00000000029855213 1.6045654 0.00000020395964 0 0 -0.00000020395964 1.6045654 0 -0.0000032094415 0 0 1.8868465 
146.5 0.5149511 -0.0000000001461688 0 -0.0000038682615 0.00000000085603186 0.33089015 -0.0000014953548 0 0 0.0000014953548 0.33089015 0 -0.0000038682615 0 0 0.5149511 
147.5 2.5646324 0.0000000006705517 0 -0.0000015997326 -0.00000000070652106 2.397267 -0.000000055879354 0 0 0.000000055879354 2.397267 0 -0.0000015997326 0 0 2.5646324 
148.5 1.5307314 0.00000000010432179 0 -0.0000045084726 -0.00000000029861558 1.3440442 0.0000019883737 0 0 -0.0000019883737 1.3440442 0 -0.0000045084726 0 0 1.5307314 
149.5 0.95029074 -0.00000000001688961 0 -0.000003503987 -0.00000000006362175 0.7130094 -0.000001417674 0 0 0.000001417674 0.7130094 0 -0.000003503987 0 0 0.95029074 
150.5 1.5642008 0.00000000040616624 0 -0.0000005752062 -0.0000000012353939 1.3033866 -0.00000054668635 0 0 0.00000054668635 1.3033866 0 -0.0000005752062 0 0 1.5642008 
151.5 1.4502587 -0.000000000040842982 0 -0.0000012902201 -0.00000000026434435 1.2498764 0.0000010542572 0 0 -0.0000010542572 1.2498764 0 -0.0000012902201 0 0 1.4502587 
152.5 1.5522718 0.000000000013945032 0 -0.0000007318953 0.00000000008474166 1.4282779 -0.00000044424087 0 0 0.00000044424087 1.4282779 0 -0.0000007318953 0 0 1.5522718 
153.5 0.33382505 -0.00000000043004567 0 0.00000009296483 0.0000000008106408 0.23502897 0.00000047512003 0 0 -0.00000047512003 0.23502897 0 0.00000009296483 0 0 0.33382505 
154.5 1.9755012 -0.000000000023788192 0 -0.0000017610083 -0.00000000204292 1.8339152 0.0000007948838 0 0 -0.0000007948838 1.8339152 0 -0.0000017610083 0 0 1.9755012 
155.5 0.9125037 0.00000000013753251 0 0.00000020538499 0.00000000043913234 0.76363766 -0.0000006011687 0 0 0.0000006011687 0.76363766 0 0.00000020538499 0 0 0.9125037 
156.5 0.70669454 -0.000000000108457854 0 0.000001151067 -0.00000000085769547 0.5494897 -0.000001773391 0 0 0.000001773391 0.5494897 0 0.000001151067 0 0 0.70669454 
157.5 1.4342574 0.000000000022064395 0 -0.00000009836501 -0.0000000004744644 1.2559915 -0.00000020908192 0 0 0.00000020908192 1.2559915 0 -0.00000009836501 0 0 1.4342574 
158.5 0.7939873 0.00000000021286556 0 -0.0000012909932 0.00000000041858833 0.6693412 -0.00000021606684 0 0 0.00000021606684 0.6693412 0 -0.0000012909932 0 0 0.7939873 
159.5 0.8708152 0.000000000116016745 0 -0.0000006279821 0.00000000006906238 0.8002761 0.00000055468627 0 0 -0.00000055468627 0.8002761 0 -0.0000006279821 0 0 0.8708152 
160.5 0.7405289 -0.0000000004805121 0 -0.0000006831384 0.0000000003710789 0.64841354 0.0000035613775 0 0 -0.0000035613775 0.64841354 0 -0.0000006831384 0 0 0.7405289 
161.5 1.1710117 0.0000000005427796 0 -0.0000010134829 -0.0000000005860929 1.0470197 0.00000073667616 0 0 -0.00000073667616 1.0470197 0 -0.0000010134829 0 0 1.1710117 
162.5 0.24669598 0.00000000017192255 0 -0.0000021733451 -0.00000000019990248 0.13955739 0.000001425331 0 0 -0.000001425331 0.13955739 0 -0.0000021733451 0 0 0.24669598 
163.5 1.1142732 -0.000000000028981047 0 -0.0000014669719 0.00000000091632835 0.97424906 0.000005136302 0 0 -0.000005136302 0.97424906 0 -0.0000014669719 0 0 1.1142732 
164.5 0.59081537 -0.000000000018683322 0 -0.00000031549905 0.00000000010932202 0.4959669 -0.0000011985248 0 0 0.0000011985248 0.4959669 0 -0.00000031549905 0 0 0.59081537 
165.5 0.38169748 -0.000000000020985002 0 0.000000875308 0.00000000011711601 0.29233786 0.0000009855721 0 0 -0.0000009855721 0.29233786 0 0.000000875308 0 0 0.38169748 
166.5 0.94114596 -0.0000000005194791 0 0.0000021197422 0.00000000049542875 0.85281456 0.000009464333 0 0 -0.000009464333 0.85281456 0 0.0000021197422 0 0 0.94114596 
167.5 0.17563583 -0.000000000027948414 0 -0.0000008845167 -0.000000000103126147 0.11203048 0.0000020660227 0 0 -0.0000020660227 0.11203048 0 -0.0000008845167 0 0 0.17563583 
168.5 0.69343394 0.0000000004635425 0 -0.0000010926614 -0.00000000052395893 0.58360785 -0.000009929383 0 0 0.000009929383 0.58360785 0 -0.0000010926614 0 0 0.69343394 
169.5 0.39655074 0.00000000002421559 0 0.0000005793541 -0.00000000021668332 0.30495736 -0.000004207017 0 0 0.000004207017 0.30495736 0 0.0000005793541 0 0 0.39655074 
170.5 0.35964227 0.00000000006457017 0 -0.00000004793546 0.000000000025584397 0.25203097 0.000004230107 0 0 -0.000004230107 0.25203097 0 -0.00000004793546 0 0 0.35964227 
171.5 0.41881755 -0.00000000020298216 0 -0.000000033737876 0.00000000080125007 0.3324432 0.000005539041 0 0 -0.000005539041 0.3324432 0 -0.000000033737876 0 0 0.41881755 
172.5 0.25959802 0.00000000007182394 0 0.0000011497475 -0.00000000009637304 0.20627849 -0.0000020255102 0 0 0.0000020255102 0.20627849 0 0.0000011497475 0 0 0.25959802 
173.5 0.2733356 -0.00000000006653726 0 0.0000011289778 0.00000000009391991 0.20436732 -0.000001194443 0 0 0.000001194443 0.20436732 0 0.0000011289778 0 0 0.2733356 
174.5 0.22880079 0.000000000014714906 0 -0.0000010660566 0.00000000041619191 0.14429653 0.0000067809597 0 0 -0.0000067809597 0.14429653 0 -0.0000010660566 0 0 0.22880079 
175.5 0.20055273 0.0000000000040854963 0 -0.0000014824828 -0.000000000016232824 0.09704718 0.0000006091741 0 0 -0.0000006091741 0.09704719 0 -0.0000014824828 0 0 0.20055273 
176.5 0.14974482 -0.00000000015476487 0 -0.00000090796647 0.00000000027080838 0.03822809 -0.0000023476605 0 0 0.0000023476605 0.03822809 0 -0.00000090796647 0 0 0.14974482 
177.5 0.10650135 -0.000000000066092035 0 -0.00000021080768 -0.000000000001454413 0.02519735 -0.0000023122047 0 0 0.0000023122047 0.02519735 0 -0.00000021080768 0 0 0.10650135 
178.5 0.039977476 0.000000000036485644 0 -0.000000062401426 0.000000000024866116 0.00037097489 0.0000014892647 0 0 -0.0000014892647 0.00037097489 0 -0.000000062401426 0 0 0.039977476 
179.5 0.005996328 0.000000000007933714 0 0.000000051275894 0.0000000000026001584 -0.0001447201 0.000002673491 0 0 -0.000002673491 -0.0001447201 0 0.000000051275894 0 0 0.005996328 
