0.25 21279320 -522.6542 -5.402644 4.6300664 -545.8685 21279068 -7.554891 7.7130165 -5.3713417 7.536731 21279070 970.1214 4.645344 -7.688532 -1010.5122 21278882 
0.75 17012062 -3927.4363 -1.5267515 3.2443175 -4130.2935 17011356 -5.184128 2.0058289 -1.4983892 5.1904964 17011358 7432.4424 3.2514973 -1.9940567 -7777.4854 17011204 
1.25 10575311 -7184.0083 0.6262274 2.9094138 -7702.2666 10573879 2.9205408 1.0549278 0.58715343 -2.9015417 10573878 15011.518 2.9185748 -1.0452614 -15870.625 10573803 
1.75 4770499.5 -6158.925 -0.2685628 1.0256155 -7022.3843 4768344 -2.8381062 0.5358238 -0.28633404 2.855918 4768352.5 17445.66 1.0412831 -0.5339947 -18862.54 4768382.5 
2.25 1416150.5 305.96 0.05548477 0.42286158 -779.25824 1413520.8 -0.49949634 0.19977999 0.053510666 0.5024281 1413557 12325.505 0.43870354 -0.21157742 -14156.925 1413709.9 
2.75 567799.56 9800.033 0.102788925 0.29340935 8737.921 565088.4 0.45665836 -0.02487278 0.11672974 -0.45166206 565176.1 2962.9924 0.31226444 0.024952888 -4921.877 565412.75 
3.25 1030352.75 18238.855 -0.031778336 0.37504292 17446.064 1027961.1 0.46295357 -0.19983292 0.038793564 -0.4699154 1028100.2 -4501.4116 0.39319038 0.21347427 2743.6267 1028327.5 
3.75 1504186.1 22512.863 0.08151436 0.5187912 22106.303 1502395.1 -0.046642303 -0.14741516 0.05656433 0.052268982 1502541 -5917.0835 0.52915764 0.14575768 4606.955 1502656.1 
4.25 1402057.8 21781.426 -0.059965134 0.5202389 21706.11 1400936.8 -0.32473803 -0.18859386 -0.05147171 0.32313251 1401007.9 -2005.7207 0.5305662 0.19475698 1223.2004 1400971.9 
4.75 882780.06 17144.89 -0.10376358 0.33342266 17244.371 882176.8 -0.42542815 -0.17721218 -0.09485912 0.42559588 882099.44 2786.592 0.341506 0.17578757 -3127.881 881985.4 
5.25 370497.72 10642.867 -0.09551144 0.08790088 10771.785 370136.2 -0.33655596 -0.13772917 -0.08783913 0.33935928 369894.66 4167.0146 0.0950079 0.12943602 -4240.0977 369843.75 
5.75 113827.9 4380.427 -0.32560205 -0.50761914 4468.2505 113461.625 -0.45772743 -0.23989534 -0.35005903 0.46069574 113121.664 1251.1283 -0.47392297 0.1564703 -1214.0978 113244.58 
6.25 87701.49 -85.09632 -0.023119688 -0.1289463 -45.68975 87230.57 -0.044902325 -0.0071516037 -0.012994409 0.04865265 86905.7 -3269.9673 -0.1258874 0.013630867 3332.8647 87201.08 
6.75 146820 -2080.633 -0.0012595654 -0.14311743 -2077.7053 146292.8 -0.048978806 0.036071062 0.008539915 0.051526546 146078.92 -5800.826 -0.14188433 -0.026584387 5871.9253 146446.03 
7.25 185421.89 -1870.4369 0.009587526 -0.14313793 -1895.3109 184938.22 -0.1276865 0.050246477 0.019508839 0.12839127 184856.42 -4747.1094 -0.14430618 -0.040409565 4832.816 185181.94 
7.75 177975.42 -329.53333 0.024226189 -0.28157687 -370.25296 177581.97 -0.28245068 0.012885451 0.031470537 0.2797842 177572.75 -1384.5077 -0.28248513 -0.008111954 1481.9122 177813.89 
8.25 140371.86 1472.3185 -0.08267307 0.30417156 1440.2922 140027.48 -0.05521679 0.0969336 -0.05662918 0.051703453 139996.75 1642.389 0.29898453 -0.078436375 -1549.1482 140196.95 
8.75 93830.5 2588.1563 -0.047998905 0.019148827 2594.0894 93447.27 -0.18354034 0.02116263 -0.028860569 0.18157768 93327.44 2512.9548 0.0162704 -0.01614666 -2438.9548 93570.99 
9.25 56439.434 2469.314 -0.03160286 -0.043403625 2528.9966 55949.746 -0.14890575 -0.007129073 -0.017830849 0.1473465 55734.715 1292.1672 -0.044445515 0.004616976 -1241.8195 56084.113 
9.75 41411.234 1254.2644 -0.012626171 -0.045579433 1359.635 40813.65 -0.08911753 -0.0138885975 -0.008756638 0.089279175 40548.74 -625.7081 -0.044506073 0.0021511912 657.1604 41005.887 
10.25 49766.54 -198.68584 0.0092077255 0.2669406 -74.76695 49131.918 -0.2520094 -0.03287363 -0.058880806 0.26144028 48874.68 -1807.5223 0.27594042 -0.052646875 1827.5399 49376.105 
10.75 67926.195 -837.45526 0.003301382 -0.1080749 -726.6267 67364.07 0.083636284 -0.008499622 0.008887768 -0.08498621 67147.6 -1700.0664 -0.10662079 0.013191938 1714.913 67593.516 
11.25 78128.49 -244.45584 0.0048937798 -0.048586726 -167.27985 77724.945 0.05499077 0.004827261 0.00369215 -0.05606532 77545.74 -725.7977 -0.046804707 -0.009567738 739.7726 77855.445 
11.75 72227.18 990.8265 -0.005408287 -0.053066254 1034.3527 71984.76 0.033675194 0.0024785995 -0.006717682 -0.034867525 71817.39 224.38907 -0.052011013 -0.009598941 -209.1389 71985.85 
12.25 55255.258 1793.0029 -0.008025646 -0.04847431 1820.6283 55082.8 0.01669693 -0.0057508945 -0.007566929 -0.017626405 54906.34 463.01526 -0.048369408 -0.0005464554 -447.34946 55015.707 
12.75 37827.457 1538.7086 -0.012450218 -0.046951294 1570.4445 37601.617 0.008843541 -0.013070345 -0.007638216 -0.00859189 37418.76 -45.53698 -0.046874046 0.0046646595 57.737682 37582.43 
13.25 26940.428 510.4336 -0.017477512 -0.037706375 551.18744 26597.309 0.028337717 -0.011469841 -0.013091803 -0.028020382 26432.121 -719.3191 -0.037296295 0.006888628 722.9347 26709.15 
13.75 22761.723 -487.38226 -0.018312216 -0.01573944 -451.125 22340.826 0.0004505217 -0.005015373 -0.015278816 0.0003169179 22216.137 -862.0341 -0.015051365 0.003951311 853.6841 22569.078 
14.25 21183.54 -853.1802 -0.01699996 -0.002567768 -838.0967 20782.283 -0.06850541 -0.0041179657 -0.016405106 0.069010556 20693.164 -265.2441 -0.0015997887 0.004982829 245.67508 21030.24 
14.75 18229.453 -573.74084 -0.061298966 -0.1425854 -580.6422 17909.484 -0.6676638 -0.15693155 -0.09854746 0.6724796 17816.547 607.88165 -0.14483464 0.11962819 -633.2392 18080.043 
15.25 13111.847 -77.799576 0.0022901893 0.043380827 -88.963234 12840.796 -0.013281584 0.027632415 0.010396779 0.01027596 12693.786 1022.0659 0.04495853 -0.015677035 -1045.0264 12915.828 
15.75 8490.233 155.60515 0.0016587377 0.019682884 158.59035 8163.6797 -0.035796165 0.008559883 0.0034707347 0.03318274 7940.925 592.5959 0.020706773 -0.0040078163 -606.9308 8223.042 
16.25 7883.747 -78.90607 0.0037280917 0.016978443 -62.954765 7401.94 -0.028138101 -0.0018247738 -0.0035738498 0.027141511 7134.0796 -405.8041 0.017273739 -0.0027949065 398.8363 7573.271 
16.75 12246.83 -592.1144 0.00073617697 0.06330103 -586.4036 11582.334 0.03260863 -0.0011289716 -0.033921644 -0.028306603 11337.433 -1259.4998 0.06476635 -0.02403447 1248.5508 11958.97 
17.25 18620.396 -924.71216 -0.011099458 -0.088435054 -956.38336 17836.373 -0.0019214153 0.0067566633 0.005206704 -0.004746914 17671.854 -1345.073 -0.09440839 0.009518266 1313.6627 18409.27 
17.75 22235.02 -695.2213 -0.007381141 -0.015950203 -773.90546 21453.338 -0.014956474 0.002491355 -0.007263124 0.015555143 21366.611 -581.0428 -0.016561389 -0.002435565 519.6699 22092.895 
18.25 20368.309 40.41991 -0.008234382 -0.0018652305 -70.99986 19708.895 -0.037858248 0.0049453974 -0.008102655 0.038975954 19623.484 473.9038 -0.001724273 -0.009712577 -556.4227 20214.049 
18.75 14701.56 744.49713 -0.008806825 -0.005526513 627.0556 14222.482 -0.06284845 -0.0009511709 0.0009111166 0.064018846 14026.811 951.58484 -0.005253732 -0.008396387 -1028.6761 14422.398 
19.25 10203.045 784.26483 -0.00208354 -0.043315217 682.8561 9874.068 0.026710153 0.013507187 -0.012233138 -0.023890018 9495.502 282.33054 -0.045550197 0.005685985 -324.6099 9729.523 
19.75 11313.032 -44.31962 -0.0040280223 -0.018038899 -121.671844 11044.382 -0.006282121 -0.0032029748 0.0033655763 0.0077242926 10511.861 -1307.6141 -0.017937928 0.003625989 1314.0095 10679.45 
20.25 18330.889 -1306.0814 -0.0053468645 -0.0059659034 -1364.0491 18039.732 -0.020106375 -0.0017797351 0.0001809597 0.02117148 17484.762 -2827.6636 -0.006171194 0.0076543093 2873.8467 17673.535 
20.75 26850.12 -2211.2207 -0.010423124 -0.026828557 -2259.418 26513.865 -0.07787883 0.004649043 -0.0068529844 0.07820475 26093.316 -3187.6357 -0.027866066 0.01474452 3250.7732 26328.91 
21.25 30915.33 -2172.6882 0.012675047 -1.1035992 -2217.7053 30567.541 -0.96302557 -0.017857552 0.03255558 0.9524889 30349.553 -2036.0228 -1.114904 0.19888604 2094.056 30600.035 
21.75 27512.816 -1237.8173 -0.02344644 0.11701691 -1278.6422 27193.926 0.012223482 0.0144479275 -0.01650238 -0.01167798 27087.96 -104.03816 0.116901934 -0.014561892 144.6253 27313.473 
22.25 18897.479 -116.529884 -0.016322255 0.0077340007 -145.35696 18613.104 -0.021638632 0.0012772083 -0.010374069 0.021295309 18407.193 1260.538 0.007173121 0.0012407303 -1238.6045 18601.666 
22.75 10932.065 256.20056 -0.0016288161 -0.03890124 246.59991 10654.987 -0.0035740137 -0.0061814785 -0.020084739 0.0063220263 10151.531 1047.1284 -0.039184704 0.005879998 -1035.2407 10341.202 
23.25 9001.536 -617.01544 0.062160715 0.047109663 -609.85645 8700.929 -0.10691798 -0.005392432 -0.16828921 0.13236505 7863.1533 -677.8999 0.04217255 0.03204 695.88403 8078.491 
23.75 14498.475 -2336.8433 -0.03551814 -0.10071212 -2328.0156 14159.545 0.10731745 -0.00613153 0.05136367 -0.11788821 13159.928 -2773.4658 -0.09781563 -0.008975387 2814.008 13416.659 
24.25 24025.35 -3763.4148 -0.0011374056 -0.050515175 -3772.9219 23648.096 -0.008636236 -0.0020828247 0.011070237 0.0057542324 22769.24 -3785.0479 -0.049043894 0.00818193 3853.175 23068.658 
24.75 31502.252 -3795.581 -0.0000898689 -0.06965208 -3835.3098 31095.762 -0.14552307 0.0025413036 -0.01086989 0.14440489 30537.676 -2974.2463 -0.06981933 0.016106606 3056.514 30870.654 
25.25 31952.092 -2244.0967 0.005711317 -0.30970407 -2310.0999 31532.8 -0.48328686 -0.021101475 -0.04049945 0.48480892 31257.555 -909.90857 -0.3113098 0.032585144 981.00946 31605.496 
25.75 24907.994 -91.666855 -0.01797998 0.10904181 -167.54224 24490.973 0.049265385 0.024519444 0.01143384 -0.052237034 24225.707 860.9063 0.10742164 -0.005603671 -821.5404 24570.342 
26.25 15104.214 1142.9115 -0.010948539 -0.012116313 1075.329 14684.827 -0.022654772 -0.00022038817 0.0037920475 0.021267414 14101.88 923.94916 -0.013781905 -0.0029570907 -919.33966 14445.056 
26.75 9380.919 505.6993 0.0005815029 -0.014948908 456.6965 8929.8545 -0.0006106496 -0.0063079894 -0.0015480518 0.00072067976 7889.1987 -890.3652 -0.01627042 -0.009251758 874.1537 8258.731 
27.25 11546.464 -1652.6238 0.019647002 0.05239463 -1683.9565 11036.654 -0.08765787 -0.0015530586 -0.027933002 0.09226769 9710.682 -3290.8752 0.04938349 0.009856213 3273.7214 10133.806 
27.75 19264.287 -3883.2402 -0.014039755 -0.06715585 -3905.2937 18706.98 0.030044079 -0.009458721 0.020002127 -0.03565204 17475.795 -4465.0684 -0.067776226 0.011119656 4461.299 17943.459 
28.25 25844.215 -4675.4346 -0.0063340664 -0.068015456 -4696.3535 25288.822 -0.004350662 -0.007496111 0.008008361 0.00030636787 24464.197 -3483.109 -0.06889278 0.014822137 3495.9194 24931.215 
28.75 25704.434 -3578.969 -0.0056614876 -0.080875516 -3600.026 25193.885 0.020357609 -0.0037763864 0.007452011 -0.022830963 24776.195 -1051.6315 -0.08108878 0.010035501 1073.5359 25204.303 
29.25 18857.281 -1551.7074 -0.011523962 0.021420002 -1568.3129 18384.596 0.21418548 0.014303476 0.034808397 -0.21883965 18050.182 1019.86346 0.020686388 0.0069019385 -1002.80347 18448.635 
29.75 10658.372 -225.11697 0.011478782 -0.07517433 -235.79637 10174.456 -0.03661716 -0.022315383 -0.020039082 0.040872693 9518.328 1219.4172 -0.07327747 -0.015311018 -1221.593 9934.032 
30.25 7229.973 -622.5296 -0.020306587 -0.009062767 -637.07886 6695.7495 0.023238182 -0.008907765 -0.029850006 -0.02401495 5546.798 -516.73224 -0.006828308 -0.028185671 486.5797 6012.814 
30.75 10604.552 -2348.309 -0.01187861 -0.011925936 -2383.7275 10031.863 0.061728477 -0.013990402 0.02278936 -0.06521845 8590.365 -2807.2698 -0.010243416 -0.01092439 2750.304 9088.4 
31.25 17492.246 -3935.0364 -0.47804344 -1.5808742 -4000.1533 16932.768 1.7442989 -0.10258621 0.7933006 -1.8794346 15617.978 -3947.1287 -1.5680823 0.1052891 3875.9597 16093.58 
31.75 22320.963 -4072.7964 0.009073496 0.06085205 -4156.649 21820.688 -0.034810066 -0.0021307468 -0.022101164 0.037471294 20950.635 -3225.0703 0.060138702 -0.011994839 3160.7256 21361.059 
32.25 21652.066 -2661.352 -0.0041615963 0.022806168 -2739.2717 21214.227 0.09074497 0.0006027818 0.0116996765 -0.092411995 20776.182 -1376.6993 0.023200035 -0.010804057 1340.2126 21126.566 
32.75 16489.37 -816.8535 -0.0130934715 0.14067268 -870.36206 16079.044 0.18686199 0.018936038 0.026552677 -0.18964863 15768.539 109.85525 0.14278507 -0.024308309 -110.30451 16102.888 
33.25 10847.447 141.3377 0.072865486 -0.35158682 109.960495 10421.182 -0.13041878 -0.040189505 -0.07599354 0.14535046 9905.219 227.05614 -0.35553694 0.028363466 -203.2045 10271.171 
33.75 8223.046 -226.67627 0.017508507 0.023777008 -254.52887 7757.687 -0.009614944 0.002393961 -0.023591518 0.014006615 6936.891 -825.92303 0.023650646 -0.0011365414 849.9176 7354.099 
34.25 8998.987 -1253.2186 -0.0010439157 0.027590752 -1294.6542 8503.877 -0.01181221 -0.0026061535 -0.0052387714 0.011521816 7563.67 -1961.1414 0.02802372 0.0031138957 1967.6116 8014.4375 
34.75 10741.112 -1887.1495 -0.037961245 -0.058594227 -1943.7988 10252.222 0.2315135 -0.043938354 0.0651083 -0.24072123 9482.184 -2203.6138 -0.052113533 -0.012497306 2195.0361 9923.603 
35.25 10768.173 -1622.0431 0.016966105 0.012856007 -1680.7947 10329.004 -0.17246962 0.0066669807 -0.030368567 0.17408037 9883.303 -1473.1976 0.011066914 0.019201279 1467.0593 10270.682 
35.75 8542.33 -801.9401 0.0063835382 0.025938034 -846.7652 8177.798 -0.025815487 -0.0016983747 -0.00072050095 0.024935246 7980.595 -511.27362 0.027423859 -0.0011985004 521.6333 8292.237 
36.25 5823.744 -146.99065 -0.0007388592 0.087976456 -170.7017 5520.256 -0.022789955 0.011713445 -0.00094497204 0.022869587 5372.421 -115.40869 0.09037924 -0.013246451 140.18169 5624.6113 
36.75 4696.7354 -54.29831 0.04484451 -0.0655911 -62.099968 4405.723 0.17831469 -0.017115414 0.0260818 -0.17719722 4168.397 -440.4034 -0.06498027 -0.00041009672 465.62512 4409.0464 
37.25 5525.697 -330.05005 0.0025000572 0.012029588 -333.94308 5195.5244 -0.02197206 0.008747786 0.004303932 0.02294147 4878.768 -986.3187 0.01171267 0.0011936724 999.86743 5157.282 
37.75 6826.8335 -502.13123 -0.009443119 -0.053978115 -511.12842 6441.61 -0.017602086 0.005222433 0.00484848 0.017476082 6141.767 -1188.2959 -0.055084348 0.010397017 1188.0607 6473.614 
38.25 7017.8574 -312.6051 -0.00030454993 -0.22726749 -326.16022 6607.9907 0.49139297 0.001863271 0.053996205 -0.49383366 6386.674 -957.01337 -0.22663552 0.013260782 948.45984 6743.3174 
38.75 6057.0713 94.92612 -0.013575971 -0.040894747 85.02566 5668.039 -0.07558465 -0.004818797 -0.0064433813 0.07536602 5500.7764 -645.8432 -0.04072684 0.0071734786 635.5911 5838.1704 
39.25 5224.1206 403.50934 -0.008906007 -0.018991947 404.3825 4872.442 -0.0026669502 -0.00050258636 0.0027399063 0.0017151833 4698.3647 -573.82935 -0.018172026 0.0038115382 566.22705 4998.568 
39.75 5464.1313 471.3244 -0.016034126 -0.035021305 481.6521 5128.478 -0.020619392 0.012000203 0.01807928 0.015956879 4923.2686 -684.9282 -0.037955284 0.02351275 681.9688 5204.252 
40.25 6361.0757 443.3327 -0.002277851 0.018729687 453.95636 6016.628 0.017093658 -0.0015240759 -0.001429081 -0.016215324 5804.4355 -698.6242 0.020341396 -0.014488041 700.67896 6088.7544 
40.75 6902.455 550.7253 -0.009701252 -0.023703575 552.1579 6556.564 0.015727997 -0.0022357106 0.002506256 -0.016477585 6361.6563 -502.60626 -0.025122166 0.0019227266 508.98163 6642.6885 
41.25 6904.656 839.6878 -0.020186901 -0.00895071 828.44006 6585.1855 0.065387726 -0.0038448572 0.00019836426 -0.06601906 6393.111 -285.3398 -0.009954929 0.004375577 295.28293 6645.8423 
41.75 7183.264 1118.908 0.011480331 -0.025283813 1097.1864 6892.628 -0.005033493 -0.011150844 -0.0038776398 0.0035362244 6667.779 -274.02814 -0.026920319 0.011721492 286.96835 6892.5728 
42.25 8295.479 1175.2529 0.0023059845 0.013224602 1146.2721 7991.5117 0.00046920776 -0.004135728 -0.0044956207 -0.0021018982 7724.2876 -439.67908 0.012811661 0.009197772 454.166 7964.707 
42.75 9627.277 1021.9304 0.004345894 0.015459061 986.73596 9263.565 -0.04144287 -0.00093758106 0.008153915 0.03817749 8987.113 -541.68427 0.017240524 0.006761968 554.5035 9289.694 
43.25 10124.472 904.0753 0.0067424774 0.03683853 862.7077 9706.038 -0.065574646 0.006228447 -0.012908936 0.06545639 9462.939 -432.01526 0.036067963 0.006548524 439.62354 9822.059 
43.75 9708.4 1041.2343 0.0050325394 0.010936737 995.82623 9292.076 -0.012325287 0.0021476 0.00054740906 0.010158539 9089.951 -226.59286 0.011610031 0.00069737434 227.17079 9447.514 
44.25 9444.477 1379.0797 -0.0016498566 0.04508972 1334.6494 9079.334 0.08285141 0.030329168 -0.003414154 -0.08133316 8883.047 -149.57607 0.046051025 -0.01607275 143.22227 9187.891 
44.75 10198.294 1631.5048 0.010043144 0.07481384 1592.9056 9875.641 -0.13693237 0.13376522 -0.010850906 0.16812134 9640.523 -272.04126 0.06694412 -0.123295784 259.70892 9899.027 
45.25 11542.589 1587.144 0.012664795 -0.046318054 1554.282 11214.783 -0.005004883 -0.09147179 0.0289402 -0.007659912 10924.2705 -461.66016 -0.034944534 0.08157539 445.3526 11182.967 
45.75 12344.85 1353.5323 -0.057135582 -0.53020287 1319.3683 11985.625 0.22426605 0.060494393 0.1654892 -0.24269104 11658.992 -563.7252 -0.5265846 -0.051521063 546.9922 11945.281 
46.25 12225.779 1261.7208 -0.004020691 0.030906677 1216.7274 11856.057 -0.09425354 -0.012257338 -0.009712219 0.09714508 11525.715 -563.65607 0.028985977 0.012946367 548.7854 11821.612 
46.75 11976.673 1519.9026 -0.004990101 0.032678604 1460.8156 11627.844 -0.020202637 -0.008948326 0.0008087158 0.022506714 11311.296 -557.0609 0.032154083 0.0012952089 540.2817 11588.29 
47.25 12458.37 1985.5896 0.026470661 -0.15264606 1920.3397 12124.647 -0.0934906 -0.07663119 0.04170227 0.09101868 11814.097 -614.15027 -0.15105438 0.05940771 586.1533 12078.873 
47.75 13498.296 2300.712 -0.008260727 -0.019509315 2242.8303 13138.336 -0.017936707 0.0027656183 0.009017944 0.016738892 12811.443 -716.7528 -0.022922516 -0.001120925 671.8848 13103.83 
48.25 14190.888 2246.7983 -0.051293373 -0.28325272 2202.807 13771.311 -0.08506775 -0.024842203 0.05911064 0.074661255 13411.168 -803.23816 -0.284173 0.04548049 748.4124 13762.013 
48.75 14093.368 1950.148 -0.0116558075 -0.013954163 1912.4402 13617.076 -0.00541687 -0.0057279617 -0.013109207 0.0015411377 13226.085 -825.54974 -0.019453049 0.013438225 776.4074 13630.785 
49.25 13701.387 1739.5299 -0.014888763 -0.02845192 1693.0323 13192.201 0.17068481 0.0005711317 -0.023200989 -0.17902374 12790.092 -762.9297 -0.027513504 -0.008545041 728.8341 13225.278 
49.75 13669.594 1818.7814 0.054556847 0.06627941 1754.7167 13143.653 -0.3359909 0.024060965 0.092523575 0.3581009 12751.331 -630.49963 0.058363914 -0.0036350787 605.1604 13203.178 
50.25 13925.386 2082.5469 0.02077055 -0.04513836 2004.5913 13387.778 -0.75896454 -0.14081359 0.17257309 0.80630493 13011.059 -499.57355 -0.04472637 0.096937954 469.29358 13477.108 
50.75 13854.186 2235.9888 0.033032417 0.059066772 2153.1912 13313.825 -0.07032776 0.013203144 0.008211136 0.07392883 12944.188 -467.5133 0.05946064 -0.0033613443 428.18402 13416.496 
51.25 13218.477 2085.272 0.02667141 0.023301125 2001.4835 12688.107 -0.0855484 -0.0072986484 0.011285782 0.08857727 12322.1455 -553.6826 0.02462101 0.0006849766 516.2315 12786.542 
51.75 12517.563 1724.0891 0.005291939 0.0032100677 1636.2338 11993.6875 -0.06832123 0.012491405 -0.006498337 0.06712341 11647.288 -639.18134 0.006008148 -0.013023853 616.83984 12104.742 
52.25 12343.06 1445.3851 -0.003921509 0.020914078 1350.3057 11799.307 -0.043434143 0.013764203 -0.025331497 0.03993988 11488.369 -587.2333 0.023637772 -0.013780594 579.3504 11964.109 
52.75 12666.674 1448.8934 0.0121974945 -0.031152725 1348.2961 12079.642 -0.17744446 0.02097106 0.0061798096 0.17900085 11775.841 -463.65552 -0.032455444 0.018193603 454.2096 12294.464 
53.25 13043.443 1613.8713 -0.008119583 -0.01813507 1511.8602 12422.224 -0.033210754 0.0008931756 -0.0029563904 0.031585693 12040.817 -569.6966 -0.01766777 -0.015849948 541.35736 12594.794 
53.75 13375.195 1596.7477 -0.012072086 -0.105838776 1495.5511 12754.494 0.06661987 0.011732131 -0.011648178 -0.071006775 12222.184 -1132.2988 -0.10431671 -0.008865118 1081.5408 12776 
54.25 14065.905 1234.0992 -0.030391216 -0.07617569 1134.2216 13468.12 0.048877716 -0.014851809 -0.02474022 -0.058021545 12826.728 -1934.8405 -0.07913971 -0.0017156601 1874.661 13354.877 
54.75 15250.336 861.7765 -0.11265755 -0.014041901 764.1158 14661.466 0.86624527 0.018631935 -0.266634 -0.9025421 14072.597 -2397.271 -0.0118255615 -0.04520583 2346.973 14586.768 
55.25 16225.027 1094.229 0.16641688 0.22759628 998.40784 15612.175 -0.76592255 0.07430586 -0.15315056 0.7763443 15175.959 -2221.4888 0.18751717 0.117038965 2191.834 15709.426 
55.75 16164.705 2084.3252 0.015289307 0.09284878 1986.5077 15508.509 -0.03753662 -0.013436884 -0.009279251 0.0335083 15015.8 -1989.3855 0.101602554 -0.032571733 1973.3513 15588.952 
56.25 15597.416 2982.3765 0.023334503 0.092829704 2877.8303 14902.3955 -0.004962921 0.011940941 -0.014936447 0.0051956177 13808.092 -2890.2317 0.09974861 -0.037089195 2866.7632 14414.946 
56.75 16620.934 2387.9998 0.018071055 0.01426506 2279.9658 15896.92 -0.19714355 -0.013122678 0.005581856 0.19808197 13688.597 -5524.8066 0.017121315 -0.016596973 5475.8574 14316.746 
57.25 20995.225 -281.79727 -0.060471296 0.6253567 -380.6755 20246.178 -0.0691185 0.12495172 0.08490372 0.03568268 16989.16 -8874.866 0.629509 -0.023757935 8802.915 17636.824 
57.75 27711.275 -3743.1077 -0.026018858 -0.016691208 -3822.5444 26946.736 -0.14099121 0.011988819 0.023406029 0.13299179 23482.533 -10708.028 -0.011756897 -0.008973956 10636.332 24149.25 
58.25 32844.32 -5437.4243 -0.006058395 -0.030536652 -5502.9937 32090.295 0.007068634 -0.0032987148 -0.0069847107 -0.0064468384 29546.578 -9433.226 -0.026688576 -0.03871739 9383.438 30215.117 
58.75 32568.205 -3640.3972 -0.03455922 -0.08605671 -3711.619 31852.635 -0.036563873 -0.037625052 -0.058552742 0.027450562 30744.787 -5798.161 -0.09015322 0.037 5765.907 31384.664 
59.25 26781.51 737.0736 -0.005690038 -0.008974791 644.63837 26104.021 0.014850616 -0.007621497 -0.02596283 -0.015079498 25800.22 -2633.0276 -0.008735418 -0.016692877 2587.9592 26395.783 
59.75 19661.924 4547.947 -0.012444258 0.11012888 4438.798 18989.273 0.09906006 0.07411182 -0.03543949 -0.11558151 18107.023 -2574.5703 0.11771417 -0.06918401 2488.833 18673.941 
60.25 16257.791 4937.182 0.046598494 0.071395874 4831.898 15554.794 0.011489868 0.06371117 0.023730278 0.052253723 13041.887 -5764.6963 0.05179882 -0.15095198 5642.56 13611.918 
60.75 18171.045 1757.325 0.0019564629 -0.014638901 1673.0114 17437.357 -0.19210434 -0.01959747 0.007994652 0.19125366 13423.735 -9706.47 -0.0109939575 0.03207171 9584.773 14011.873 
61.25 22443.537 -2396.4412 0.008744001 -0.04503727 -2462.0076 21713.836 -0.17342377 -0.039669693 0.020186901 0.157547 17391.967 -11442.201 -0.029829979 0.0639537 11360.229 17984.742 
61.75 24563.615 -4530.7256 0.051783144 -0.07059193 -4596.941 23871.553 0.111753464 0.0973202 0.07702637 -0.062179565 20545.426 -9984.356 -0.040696144 -0.15878975 9952.26 21121.195 
62.25 22470.438 -3692.504 -0.08116889 -0.19614887 -3779.6753 21814.05 1.1647301 0.790609 -0.039665222 -0.77080536 19987.863 -6789.1196 -0.23225403 -1.1872153 6782.0894 20545.418 
62.75 17745.104 -1298.0675 -0.05077827 0.08393431 -1411.3011 17090.436 0.019264221 -0.14799109 -0.07501125 -0.059577942 16338.335 -4100.384 0.061401844 0.12016651 4080.881 16900.178 
63.25 13367.905 599.44006 -0.011117429 0.0002989769 474.56805 12686.765 -0.04644394 -0.020992875 -0.00036239624 0.051952362 12246.645 -3003.5444 0.00003385544 0.002742052 2950.4402 12832.21 
63.75 10833.118 1123.1162 -0.0026859045 -0.0066137314 1009.83813 10133.121 -0.07388687 -0.014533877 0.013658047 0.081459045 9547.751 -2981.488 -0.0019950867 0.006965637 2903.366 10148.807 
64.25 9473.018 807.22034 -0.30784345 -0.16176891 719.8616 8789.225 2.1452274 0.03736508 -0.33907843 -2.1201038 8052.371 -2978.85 -0.16311169 -0.18832678 2903.9185 8638.523 
64.75 8021.673 507.49194 -0.0056963563 -0.01173687 440.29083 7378.4717 -0.012712479 -0.01573944 -0.0010948181 0.013059616 6654.2554 -2545.9666 -0.0066518784 0.020309508 2498.7654 7204.854 
65.25 6181.341 465.949 -0.0075132847 -0.011981964 398.55347 5564.9453 0.03457451 -0.013079882 -0.007203579 -0.028648376 4921.1406 -1953.1818 -0.011191368 -0.0060278177 1936.5269 5449.438 
65.75 4572.217 402.66397 -0.05877161 0.004477501 318.47482 3944.6792 0.017333984 0.018659055 -0.09959698 -0.032503128 3354.7637 -1536.4148 0.00703907 -0.0066651106 1532.8182 3895.781 
66.25 3649.2605 145.82909 -0.009352565 0.0030374527 45.909508 2989.2346 -0.013765335 -0.0053293705 -0.019196033 0.016557693 2465.9597 -1256.6085 0.004388809 -0.006321192 1246.2218 3040.3113 
66.75 3157.0767 -121.7395 0.0031526685 -0.0025367737 -223.09521 2483.525 -0.100709915 -0.022601366 0.0010449886 0.09825897 2103.425 -899.1724 0.0031824112 0.023174286 876.4647 2695.4834 
67.25 2620.5234 -174.90382 -0.012227535 -0.020231247 -267.29312 1972.3013 0.014448166 -0.00819701 -0.013127565 -0.011088371 1773.2532 -457.60602 -0.018632889 -0.011268735 431.12314 2348.2637 
67.75 1989.6481 -53.323357 0.092565775 -0.124949455 -140.84338 1384.4702 0.39756584 0.11824942 0.109413505 -0.35862637 1304.851 -145.63434 -0.058384895 -0.20729285 123.79994 1844.9076 
68.25 1585.0383 40.622864 0.0006196499 -0.0011024475 -53.51233 1003.0934 -0.023292065 -0.013570547 -0.0032000542 0.023326874 948.41064 -94.402794 -0.00056934357 -0.0070809126 74.74314 1467.9434 
68.75 1569.2576 23.554413 0.004483223 0.013420105 -80.65417 980.1641 0.007636547 -0.00917387 0.0006785393 -0.008273125 915.9557 -192.06177 0.013724327 -0.0038144588 165.38231 1439.8544 
69.25 1730.6428 -16.435196 0.0014541149 0.031868935 -121.618034 1128.718 -0.020109653 0.0040370226 0.021498919 0.02363491 1079.0903 -251.33281 0.030171394 -0.013700008 213.64473 1612.9608 
69.75 1785.6403 -4.2896004 0.00060737133 0.030552864 -99.298065 1194.8799 0.025579214 -0.0055354238 -0.0064319074 -0.027789831 1172.5035 -229.93195 0.027424812 -0.004075289 187.49438 1697.3557 
70.25 1702.976 14.995316 0.14849472 0.39902687 -68.78284 1149.7719 -0.116765976 -0.07620764 -0.12981272 0.07867527 1128.144 -216.7353 0.39134216 0.037001967 179.71263 1621.8124 
70.75 1638.5261 -20.11343 -0.05344075 -0.030266762 -101.43673 1123.7883 -0.024412155 0.014411926 -0.04198408 0.035881996 1079.8082 -260.4661 -0.039426804 -0.013129711 234.27808 1540.3273 
71.25 1664.7831 -71.86949 0.00020265579 0.01308012 -157.88593 1167.3083 0.004175186 0.00051116943 -0.0010133386 -0.0047035217 1114.9851 -307.4 0.0085606575 -0.0036796331 290.23352 1559.0339 
71.75 1703.4108 -58.097992 -0.014940262 0.20856857 -145.8242 1205.1592 0.2314949 0.29124638 -0.060563654 -0.17074013 1166.3319 -308.89865 0.19107315 -0.32778215 294.81042 1609.2959 
72.25 1689.247 20.371704 -0.0025925636 -0.008856773 -59.119267 1193.7236 0.0052394867 -0.004351139 0.004274249 -0.005217552 1154.8441 -309.6254 -0.009500265 0.0117611885 292.3773 1594.8673 
72.75 1675.0676 77.873085 -0.005869627 0.013805151 12.670631 1197.432 0.002617836 -0.006100416 0.0012779236 -0.0016546249 1121.631 -382.81555 0.012898684 0.0043325424 358.82977 1546.719 
73.25 1727.4567 60.788963 -0.005165577 0.082701206 7.0856915 1276.7661 0.18575764 0.1663872 -0.012872219 -0.15121555 1154.2119 -514.5496 0.07797432 -0.18966079 485.69125 1556.1664 
73.75 1803.1674 9.162891 0.0071475506 0.012163162 -40.98319 1373.5084 -0.006872177 0.0020985603 0.000039577484 0.0030899048 1236.1304 -603.7178 0.011212349 -0.002665639 577.30444 1618.9083 
74.25 1786.6333 -12.594219 -0.0125705 0.04077339 -64.525345 1367.9911 -0.019584656 -0.024085045 -0.031184673 0.007009506 1248.51 -573.32495 0.029981613 0.034790754 556.66864 1620.135 
74.75 1622.3342 1.6368325 0.0015442371 -0.0060634613 -51.52574 1214.4817 -0.009449005 -0.00044083595 -0.01043129 0.0089149475 1109.6138 -446.95016 -0.00703001 0.005314827 440.1118 1470.5701 
75.25 1360.8413 14.157911 -0.0013926029 -0.014210224 -36.200966 974.5824 0.0038871765 0.0028107166 -0.0074310303 -0.0019378662 861.78503 -309.52765 -0.014135361 0.003861308 304.6885 1203.2179 
75.75 1093.5664 8.23933 0.00009744614 -0.007967949 -35.951836 737.1245 0.007463455 0.0012931824 -0.004863739 -0.006450653 616.13434 -219.5037 -0.007879734 0.0037850142 209.20964 931.26056 
76.25 887.66345 0.10136986 -0.0035700798 0.0023713112 -37.032314 554.93976 0.012662888 0.0030166507 -0.0041918755 -0.012863159 454.62735 -172.59158 0.003929615 0.005769223 158.03613 749.2677 
76.75 775.57855 0.5699215 0.008273959 0.011700869 -30.153763 451.45398 0.0065288544 0.010741472 0.0008983612 -0.006099701 396.01758 -131.90517 0.011845827 -0.013062835 121.144745 684.018 
77.25 752.3093 3.3532972 0.005967021 0.013401508 -21.5646 430.13815 -0.010204315 -0.0018759966 -0.005418062 0.008375168 412.6972 -73.58613 0.014258623 -0.0017194748 71.39529 699.9236 
77.75 762.7082 11.378891 0.0070524216 0.0069260597 -7.422807 453.7801 -0.0031204224 0.0065308213 -0.003063202 0.003622055 447.9944 -8.025539 0.0077290535 -0.010837913 9.508057 723.60547 
78.25 732.2664 39.477592 -0.0013469607 0.016970634 27.493109 453.75284 -0.0401783 -0.035007596 -0.011205196 0.035528183 441.5176 30.204458 0.013091087 0.038987026 -34.346214 689.13214 
78.75 642.89703 78.78062 0.0019750595 0.004617691 73.72325 397.30838 0.013792038 0.0060967207 0.0034086704 -0.012403488 377.8952 16.075714 0.0033454895 -0.006645918 -28.505482 594.73566 
79.25 560.1384 89.052124 -0.0020230412 0.007047653 89.56425 330.97305 -0.0024461746 -0.0036209822 0.0026762486 0.0016183853 310.39676 -33.966194 0.0066719055 0.004345417 20.916496 511.013 
79.75 557.3521 48.899292 -0.0005866289 0.011173725 52.538265 327.73456 -0.000027656555 0.00034594536 0.0009752512 -0.0010099411 309.62387 -69.090096 0.010839939 -0.0026192665 65.4435 508.411 
80.25 627.0273 -6.37866 -0.0010207891 0.0061883926 -1.3296959 399.1718 -0.004805565 -0.007242687 -0.00042325258 0.0027132034 384.9616 -54.917767 0.0055174828 0.003109455 62.294785 578.8436 
80.75 695.9969 -24.420689 0.0062013865 -0.0050816536 -17.316767 486.73242 -0.04996872 -0.015262723 -0.011279374 0.055312157 475.9614 -13.137107 -0.005759239 -0.009031847 23.074411 649.9174 
81.25 717.2476 -2.3294065 0.0021295547 0.009932756 9.238901 534.28656 -0.00404644 -0.0006092787 0.001216501 0.004335165 522.16925 4.1457405 0.010042906 -0.00015972555 -1.1802263 671.43915 
81.75 708.42755 17.013388 -0.0038790107 0.00011575222 34.276165 537.30176 -0.001820296 0.000187397 0.0014137328 0.002042234 517.64026 -22.224821 -0.0028932095 0.004779041 17.48315 657.91187 
82.25 698.34326 12.349949 -0.034029193 0.12579644 32.941772 517.5883 -0.021835804 -0.030351862 -0.10197401 -0.0014669895 490.7916 -59.829445 0.094082355 0.012868762 55.737534 641.73737 
82.75 680.55945 12.119154 -0.018975794 -0.011778012 30.962357 487.29254 -0.009213209 0.014474243 -0.007539749 0.012904882 460.7629 -75.07687 -0.015156793 -0.008911148 79.81999 622.28845 
83.25 645.58435 40.262344 0.0016588736 0.004527211 53.90031 459.06128 -0.0013536215 0.0027834773 0.004553914 -0.0009536743 436.02594 -79.369675 0.004240155 0.0011410713 92.06955 587.94385 
83.75 624.39624 66.61836 -0.0057762265 0.01081872 76.79958 462.64883 0.0043485165 -0.0009897202 -0.0016627908 -0.00324592 434.50793 -105.46589 0.010509491 0.0048890114 116.95286 560.81104 
84.25 655.0749 42.86734 -0.005571276 -0.00012683868 55.945908 512.1945 0.0044385195 0.0024350286 -0.00005477667 -0.0033599138 467.42447 -150.8733 -0.00022125244 0.0013574362 153.13692 576.50757 
84.75 714.738 -24.931095 -0.0042239428 0.00259161 -2.880156 566.1347 -0.00071930885 -0.0030769706 0.0018410087 0.0014235973 505.14758 -174.14667 0.0030398369 0.008273542 168.72559 621.38184 
85.25 730.2793 -75.79586 -0.0056303144 -0.0022461414 -44.119698 559.0482 0.019602299 0.013536923 -0.0031071156 -0.01722908 494.79285 -151.0014 -0.00069642067 -0.015852332 147.50711 632.16016 
85.75 669.1679 -69.18685 -0.009780645 0.0044811964 -33.417713 482.7281 0.0025262833 0.004313886 0.0013789535 -0.004287243 426.57498 -108.28237 0.0034571886 0.009566069 114.546165 575.4338 
86.25 585.8565 -30.181295 -0.0052592754 0.002690792 2.602335 405.25858 -0.0039231777 0.0030775666 -0.0041121244 0.00493598 357.79947 -87.709564 0.0025246143 0.0017271042 101.652855 498.40106 
86.75 555.52527 -6.477333 -0.005227208 0.0025804043 20.782957 392.41226 0.00077438354 0.004121542 -0.00049495697 0.0022244453 349.77655 -93.66416 0.0021307468 0.00002849102 105.490654 473.84537 
87.25 586.9308 -7.55431 -0.006302178 -0.0011048317 18.350021 433.92535 -0.011446476 -0.001523912 -0.001547575 0.012691021 397.04242 -98.27188 -0.0005130768 0.007068515 101.11874 513.0093 
87.75 631.007 -11.793604 -0.0055571124 -0.0008845329 19.855644 472.68948 0.055397034 0.04209292 -0.0018138885 -0.05208969 444.6956 -88.15626 -0.000521183 -0.040958583 86.47517 564.6615 
88.25 658.8768 -15.325628 -0.003207177 -0.0046453476 25.89286 487.17136 -0.0050592422 0.012593567 -0.0005096197 0.0040860176 464.69928 -80.07143 -0.003332138 -0.009249151 86.82612 592.213 
88.75 688.9016 -37.038006 -0.002078995 -0.009445548 11.452209 506.47684 -0.005047798 -0.0032927692 -0.0025718212 0.0050063133 480.71378 -88.043076 -0.007567048 0.0070672333 112.953476 612.3565 
89.25 733.0865 -74.69059 0.0075258315 -0.007224411 -24.34327 545.6822 -0.004378557 0.0094227195 0.00019913912 0.0052103996 513.5099 -100.16 -0.0045976937 -0.0025562644 140.65541 647.32263 
89.75 760.9282 -92.87901 -0.022071064 -0.011731982 -43.553745 570.4743 -0.01890254 -0.0072906567 0.0065427423 0.019179344 539.1384 -100.95654 -0.014998555 0.011322498 145.27962 676.75775 
90.5 733.5928 -60.736385 -0.0015429854 -0.012476742 -7.344366 535.4399 0.025146902 0.025787175 -0.002094701 -0.02336818 516.13007 -100.73865 -0.011914194 -0.023462951 138.44228 658.6059 
91.5 843.8887 -108.27825 -0.0050673634 0.00014284253 -36.2889 627.9414 -0.0004886091 0.004035786 -0.0019959211 0.0010751486 595.07556 -116.9841 -0.00076271594 -0.0017015412 173.77788 739.82263 
92.5 1150.6129 -146.26572 0.008899994 -0.033372283 -68.12811 907.48114 0.011954427 -0.0106342435 -0.043664396 -0.023602962 860.206 -89.756035 -0.034878224 0.03790629 168.72491 1031.5424 
93.5 1265.0635 -53.30082 0.0014346242 -0.0076932907 16.497665 1008.135 0.013744831 0.009431109 0.010939043 -0.012961149 975.7218 -166.02481 -0.0072147846 -0.010107413 244.88614 1154.2942 
94.5 1384.5227 -120.79137 0.0047652423 -0.02938795 -44.72705 1132.0782 -0.045725822 0.03327927 -0.0062636137 0.036264896 1104.4886 -167.33636 -0.03836155 0.01879245 276.42908 1256.2546 
95.5 1494.3232 -126.96225 0.008712605 0.002137661 -28.25181 1209.7474 0.00935483 0.043333247 0.012712359 -0.007546425 1185.0967 -159.16432 0.0069172382 -0.0197535 274.43558 1363.746 
96.5 1549.0713 -136.93065 -0.001562506 -0.0062120557 -42.142498 1205.0123 0.009773612 0.00502719 0.0016256571 -0.009741306 1171.4775 -250.8854 -0.01186806 -0.010103941 364.14706 1405.5288 
97.5 1517.2762 -131.81425 0.0064432323 -0.005730629 -56.672115 1202.3887 -0.0020588636 0.007668078 0.005951166 0.001963973 1168.9764 -231.59967 -0.0099852085 -0.007181525 363.97174 1361.8644 
98.5 1590.9548 -153.0573 0.004020095 0.013118744 -71.07316 1307.1886 -0.011291355 -0.018118672 -0.015135467 0.011875808 1273.9393 -271.61572 0.016481876 -0.037030295 369.21344 1436.3834 
99.5 1774.2944 -163.5448 -0.06008339 -0.004098654 -107.59486 1403.8713 -0.010195255 0.06660047 0.06861 -0.012325764 1356.5698 -279.4924 0.0072203875 0.063585125 376.88806 1608.1589 
100.5 1675.8749 -126.79243 0.015828729 0.03282243 -113.8551 1323.1929 -0.048079967 -0.010070056 -0.031811237 0.04582548 1268.624 -304.43402 0.007993668 0.006174743 423.26886 1490.5701 
101.5 1576.5934 -186.74985 0.014555246 -0.008481383 -160.11392 1274.0555 -0.00034287572 0.0028458312 0.0075605214 0.0010943711 1210.2968 -278.12573 -0.010032237 -0.024448551 352.31403 1382.341 
102.5 1704.6343 -136.34206 0.01043701 0.023843646 -136.34021 1296.3333 -0.008275032 0.016998082 -0.011665642 0.0050342083 1235.816 -291.66397 0.019010365 0.0011945367 377.045 1510.9939 
103.5 1815.3353 -236.59668 0.01678294 -0.0026705265 -281.0405 1403.7024 -0.010761738 -0.021680713 0.006222725 0.0108459 1318.6688 -296.8111 0.0019471645 0.004485786 387.89777 1583.7975 
104.5 1683.018 -219.23283 -0.005692601 0.003252864 -249.03343 1298.0166 -0.07098052 0.03142506 -0.011670232 0.076475024 1199.629 -111.28473 0.002919674 -0.019701362 157.50566 1461.4457 
105.5 1467.7045 -69.57321 0.005751848 -0.012772799 -134.18039 988.1513 -0.004956484 0.007399857 -0.0008985996 0.006295681 938.952 -130.03848 -0.005565822 -0.00636822 189.88612 1304.5851 
106.5 1297.8492 -104.965744 0.038680762 0.052580256 -187.67079 838.28784 0.059676334 -0.08924301 0.0047976524 -0.07430944 768.87317 -201.3041 0.05447665 0.06451113 244.73883 1112.6849 
107.5 1201.2074 -187.65746 -0.023745894 -0.010846615 -237.80727 797.786 -0.048620224 0.015378475 -0.026476145 0.05679965 677.8817 -176.69556 -0.01483047 0.00306952 200.48149 1004.30804 
108.5 1273.5776 -154.62473 -0.016010761 0.047525883 -220.00043 850.9822 -0.034924507 0.028472722 -0.026623726 0.04397583 763.0951 5.3764133 0.04859829 -0.01682961 42.44792 1107.8495 
109.5 1386.3657 26.47732 -0.00094270706 0.0050086975 -6.014044 1014.87537 -0.03802395 -0.0012817383 0.0037267208 0.03622055 953.43085 -73.618675 0.0076065063 0.016002178 92.06608 1240.8394 
110.5 1355.679 -124.45206 0.03579119 0.057531357 -113.37826 1043.0728 -0.13767624 0.057860732 0.04751563 0.15375137 965.2775 -180.45671 0.061885834 -0.034953117 202.84155 1230.423 
111.5 990.78467 -88.41119 -0.0033410788 -0.010187626 -85.24451 687.72675 0.015758514 -0.0070278645 -0.0024974942 -0.015537262 631.64404 -17.906221 -0.0081419945 0.0063900948 68.38738 876.40405 
112.5 752.47894 -83.45382 -0.0045483112 -0.005363196 -59.228497 495.8407 -0.015793651 -0.0004912019 -0.002888441 0.015327007 394.8459 -63.98529 -0.0025044978 0.00026084483 73.39972 582.78064 
113.5 798.056 -18.404259 -0.003630042 0.0014381409 -0.1030674 575.69745 -0.019404411 0.00031352043 -0.0041196346 0.021211147 403.92856 106.066795 0.0023245811 0.0018744469 -93.3408 586.1501 
114.5 1073.8119 93.27011 0.01869297 -0.0072460175 110.24458 857.1366 0.035580635 -0.020503879 0.020543456 -0.03810501 710.11005 -208.85013 0.0011768341 0.025816679 237.35208 880.68787 
115.5 1758.8577 -319.7414 -0.0072438717 -0.008295059 -292.7051 1528.7134 0.016475677 -0.005076647 -0.000936985 -0.02161026 1370.4595 -153.69966 -0.007816315 0.010586262 139.5793 1549.9702 
116.5 2729.8745 19.552002 -0.0120277405 0.004005432 7.404175 2410.4106 0.005268097 0.002954483 -0.0075244904 -0.007671356 2061.322 -510.14835 0.0039596558 0.002805233 516.6891 2345.641 
117.5 5488.8154 -2530.7764 -0.012760162 0.0035552979 -2519.3574 5099.878 -0.012145996 -0.0018386841 -0.007852554 0.009170532 3503.0322 -1724.8055 0.0062408447 0.0052948 1747.4656 3849.8484 
118.5 8573.434 -5368.884 -0.023139954 -0.017410278 -5343.461 8138.837 0.019107819 -0.007232666 -0.003692627 -0.023303986 4767.4653 2168.7427 -0.01449585 0.007904053 -2206.6938 5156.1313 
119.5 8054.9453 -62.777115 -0.048324585 -0.0033416748 -85.833496 7532.089 -0.005622864 -0.012527466 -0.00035095215 -0.0041007996 4105.532 4981.1636 0.0028381348 0.015766144 -5013.9307 4584.1626 
120.5 6632.0645 3197.9211 -0.019207954 -0.037521362 3211.8728 6103.314 0.0006828308 -0.006378174 -0.012392044 -0.006454468 3313.4333 -955.82367 -0.029403687 0.004486084 941.9385 3785.7336 
121.5 6819.3594 -1883.5447 -0.02091217 -0.024635315 -1836.6058 6353.5947 0.014076233 -0.010520935 -0.019500732 -0.015380859 3519.8882 -3676.361 -0.011474609 -0.007472992 3623.4514 3928.4077 
122.5 5989.348 -3431.757 -0.009420395 -0.015041351 -3403.356 5512.0957 -0.0039405823 -0.025720596 -0.018733978 0.00038146973 3572.0227 63.979958 -0.0038514137 0.00473547 -93.26318 3995.8132 
123.5 4337.2295 -1008.59436 -0.02392912 0.02272427 -947.24536 3849.8433 0.07284331 -0.006375313 -0.039741635 -0.07725716 3289.3042 905.4696 0.036097646 0.0076885223 -905.0398 3711.211 
124.5 3290.5781 -780.1346 -0.0077618062 -0.00083351135 -707.68256 2860.8643 0.00370121 -0.01716435 -0.027363777 0.001420021 2607.5474 32.161076 0.009613991 0.015190959 -69.56293 2962.7305 
125.5 2309.2234 -717.3548 0.025143147 -0.018158913 -678.9383 1889.7915 -0.0057907104 -0.027356505 0.023246527 -0.007065296 1574.1501 356.16528 -0.015250206 0.019820452 -391.72113 1924.2808 
126.5 1420.5227 -102.824295 -0.036388874 -0.07912731 -66.708244 1026.2054 0.07598019 -0.028400064 0.004699886 -0.07910156 837.7096 257.78284 -0.07726622 0.034524918 -270.5605 1169.9288 
127.5 970.1636 -5.3515186 -0.010425553 -0.012557983 42.426823 622.81213 0.012145832 -0.022695065 -0.021019101 -0.009810537 519.4769 41.084393 -0.0009987354 0.0068741143 -60.100758 799.4605 
128.5 921.41406 -6.4493413 -0.01168406 -0.0077566803 15.326216 503.8413 0.010750771 -0.019471597 -0.02067694 -0.011289954 418.8398 50.80852 0.0020155609 0.014562487 -56.540173 763.6538 
129.5 981.3201 -50.605022 -0.014519125 -0.0028059185 -63.8962 557.3486 0.015713692 -0.013262987 -0.032271743 -0.014071576 442.21344 72.77714 0.0061635673 0.017741293 -70.39069 794.0898 
130.5 947.60016 28.382545 -0.102352396 -0.20854175 51.678886 608.7219 0.5691722 -0.12152976 -0.15082176 -0.53844804 510.45914 150.15976 -0.18577805 0.15482771 -163.19815 770.237 
131.5 972.1387 110.647545 -0.022265464 -0.02925855 151.4374 576.88257 -0.026913345 -0.029290542 -0.013748275 0.025290132 525.54364 56.492325 -0.018370956 0.018044591 -87.084435 837.7602 
132.5 1015.77704 0.14217877 -0.008917816 -0.0008020401 -19.840395 577.2342 0.0054318905 -0.013293758 -0.021244518 0.00019598007 523.3757 13.867554 0.008098245 0.0054550096 -62.480545 867.62286 
133.5 1036.0703 29.189093 -0.0071186125 -0.018886775 24.533361 679.18134 0.010806799 -0.01721713 -0.014791474 -0.009444714 628.5444 98.73723 -0.011473119 0.016447783 -123.89457 873.8883 
134.5 1071.4884 101.44787 -0.010808945 -0.015827537 138.1585 705.9277 0.036714077 -0.010486467 -0.016695797 -0.03586638 648.6808 63.106495 -0.008858681 0.019509166 -66.582756 914.17584 
135.5 1070.4601 59.107243 -0.00622648 0.027372837 46.11448 630.6238 -0.045630693 -0.0065945387 -0.009743333 0.041495442 538.5284 -8.430114 0.025654554 0.0053914785 -35.791145 885.3344 
136.5 1072.626 38.01912 -0.00044678152 -0.016002059 16.321863 641.33563 0.0061933994 -0.014995247 -0.0053825397 -0.006235361 555.47546 -38.5658 -0.013968825 0.008742034 -5.876772 878.6753 
137.5 993.9144 -7.420042 0.0072523654 -0.019638479 26.421309 639.76825 0.037172124 -0.016597465 -0.0061123073 -0.024214566 575.4733 -20.543127 -0.023679614 -0.022809356 9.443443 828.7829 
138.5 930.5188 -48.76906 0.078664005 0.031028152 -32.569656 578.6406 -0.4194191 -0.09898639 -0.17364909 0.4200704 464.1157 -38.535866 0.019844651 -0.060221314 -3.8372097 735.64185 
139.5 1042.9531 -48.063087 0.011078894 0.009610057 -76.66618 555.5471 0.004970193 -0.027274579 0.009311721 -0.025967836 392.4447 -162.83183 0.0036842823 0.006703913 83.8224 805.2014 
140.5 998.63464 -46.782303 0.014121532 -0.012977958 -63.329834 481.00577 0.023718596 -0.0023837388 0.002500683 -0.024617732 331.30597 -104.57448 -0.0144536495 -0.0036854744 40.565838 765.3075 
141.5 850.61444 -0.39813542 0.020792022 -0.0278036 -13.572931 411.59833 -0.014190406 -0.017697506 0.00067692995 0.017117232 215.1676 133.5753 -0.02515319 -0.015810639 -141.11273 559.7472 
142.5 886.2717 -11.805233 0.00893119 -0.003280485 -12.541416 433.2428 -0.0007485151 0.0058565736 0.013033211 -0.00058728456 170.38751 139.39455 -0.0065050907 -0.0055867992 -119.49853 541.51166 
143.5 804.05707 -68.154175 0.10091829 0.027504329 -21.120575 346.748 0.10943419 0.018638097 -0.06707381 -0.08594537 116.61592 -54.05695 0.033886015 -0.0063467994 8.5401325 512.1689 
144.5 620.13934 23.13765 0.011026368 -0.007276505 67.662186 160.3555 -0.00602895 -0.006216079 0.012462407 0.0062767863 -57.50267 -118.82626 -0.012122527 -0.017904907 33.508057 342.777 
145.5 633.2791 113.56788 0.06257472 0.03091827 148.57361 129.3359 0.038664408 0.022352874 -0.04965902 -0.03522988 -167.41443 -60.764454 0.0010677427 -0.007414043 16.258556 279.58728 
146.5 671.48596 20.70552 -0.0071573257 0.004999995 91.47778 177.45453 -0.0058455467 0.027163401 0.017306626 0.012954652 -183.51842 -75.8227 -0.007359147 0.012061924 45.92588 255.34828 
147.5 646.9375 -84.83196 0.0014534891 -0.002472341 -12.605238 152.17278 0.0007151365 -0.0026351064 0.0043323636 -0.00021493435 -235.4897 -163.74173 -0.0028609335 -0.011238143 122.532906 199.32385 
148.5 665.3033 -91.42652 -0.011709638 -0.029688671 -38.940987 194.52094 0.003782332 -0.015989125 0.021015212 -0.010541201 -245.26851 -202.89906 -0.011005431 -0.0055775344 160.33572 164.81023 
149.5 662.4424 -96.758156 -0.006909877 0.00682424 -40.20907 253.85077 -0.003348425 -0.059442014 -0.0012471378 -0.011086371 -227.81696 -163.44302 -0.00020390749 -0.039837107 135.71552 109.917076 
150.5 641.96765 -138.15073 -0.00620085 -0.010736384 -85.824356 199.3734 -0.002786696 0.04237587 -0.010527343 0.0023934245 -289.2948 -126.80959 -0.027444527 0.044282988 140.9284 72.790924 
151.5 656.3758 -149.63708 -0.0040851533 0.003974648 -114.3065 220.81067 0.0043230355 -0.0015867352 -0.004331153 -0.003524959 -295.24338 -122.34536 0.0047613196 0.007599652 158.59071 68.463936 
152.5 715.99835 -95.08793 -0.0096831815 0.022404816 -90.657234 315.2474 -0.0071934983 -0.021938642 -0.000811588 0.014008537 -216.31851 -56.331467 0.0038255379 -0.022466682 117.81749 104.56985 
153.5 827.6588 -59.656918 -0.0028649643 -0.011625469 -76.011246 285.0409 0.028347045 -0.0022192262 -0.008177913 -0.026613448 -224.09233 40.55965 -0.009091318 0.006283082 86.655205 211.82506 
154.5 845.2088 -41.149555 0.0401071 -0.008325949 -49.501465 233.96709 0.006568849 -0.08932306 -0.05259782 -0.0140661 -248.15361 58.818 0.047519803 -0.068988144 65.58635 259.28848 
155.5 788.0114 82.588165 0.0003658533 -0.011538744 29.066734 267.70514 0.007742241 -0.005948156 0.0017265975 -0.0071386695 -185.63359 93.0501 -0.018384889 -0.004716933 -26.411907 244.15196 
156.5 872.35876 177.07544 0.04404737 0.00044226646 60.953228 252.9402 -0.0037422776 0.0046522617 -0.0042334646 0.042685986 -162.2533 214.04068 -0.0710004 -0.06656468 -121.06563 345.2441 
157.5 986.59894 62.049347 0.010630906 -0.024794579 -11.343445 221.99316 0.021563172 0.015810251 -0.014306426 -0.0063465834 -135.49542 207.50664 -0.021701217 0.017526634 -123.30404 500.11655 
158.5 970.546 -15.258797 0.01721315 -0.012480766 -57.385925 317.72247 0.008500338 -0.014881551 -0.0046150386 0.0015909076 36.225815 29.572296 -0.006348014 -0.0158903 -85.78484 578.596 
159.5 961.88446 113.11966 -0.0032971054 -0.040207177 17.668432 377.39258 -0.00029107928 0.006708175 0.003496468 -0.0005286038 157.9589 -39.223984 -0.04952623 -0.009288073 -34.761677 645.28186 
160.5 950.042 120.33109 0.011792809 -0.008084655 85.04582 242.51505 0.023364484 0.0047113225 -0.002382502 -0.020629317 42.933876 69.31228 -0.014002621 -0.007990472 23.645334 658.2047 
161.5 862.9154 -70.453064 -0.00063727796 -0.012367807 1.4579539 165.85048 0.019892529 0.013902202 0.0046647787 -0.011689216 -80.3886 59.23473 -0.01692897 0.0005993601 33.095287 539.3011 
162.5 1060.034 -146.03378 0.0018557906 -0.006361291 -153.57858 322.90308 0.00048583746 0.028877646 -0.0020477176 -0.013239011 -37.684605 -125.35256 -0.0007453561 0.019720614 11.48305 605.0058 
163.5 1527.4388 28.593664 0.0029696822 -0.013181806 13.274161 296.70438 0.036534667 -0.020475656 -0.008698881 -0.039423943 -101.703804 -85.968216 -0.01638341 -0.01376766 -28.02184 973.5072 
164.5 1797.3875 10.430314 0.0094411 0.015273094 198.98714 161.68481 0.097933054 -0.019443363 -0.018268585 -0.0711323 -227.32532 60.588165 0.006910324 0.04866688 -55.34391 1221.0012 
165.5 2190.0159 -248.18483 -0.04519528 0.024665508 -131.52371 601.9817 -0.0439997 0.04279691 0.0057455897 0.025143363 177.58182 -63.571045 0.012395419 0.045132652 -81.544426 1600.0228 
166.5 2860.4172 92.178764 0.005417764 -0.022112072 -98.15925 1040.3184 0.037653737 -0.0037384331 -0.00688076 -0.04155484 789.75775 -94.47611 -0.012533367 0.03075254 -32.61637 2402.5745 
167.5 3461.546 261.56033 0.004340321 -0.011380911 196.25476 1031.366 0.08755484 0.012290016 -0.013964593 -0.08792436 947.1201 319.6457 -0.00041270256 0.033566356 -104.13254 3087.471 
168.5 4872.629 -422.58276 -0.019327223 -0.025419176 -57.3449 1743.7566 0.14311984 0.008671284 -0.009431541 -0.13601771 1356.4767 266.10693 -0.024621606 0.02096939 -255.74188 4212.686 
169.5 7292.5747 -88.35185 0.08955228 -0.23120522 301.90903 2884.1516 0.27423072 -0.37327027 0.013794601 -0.14630008 2239.763 -326.3704 -0.03875673 -0.25755692 67.96183 6171.1025 
170.5 9040.789 1395.0718 -0.012820274 0.03640461 1341.6895 3128.7634 0.12862825 0.15405512 -0.055128172 -0.13941097 2374.776 201.46205 -0.023938179 0.13653708 317.8457 7391.2344 
171.5 11004.897 1388.4094 0.07812393 0.039671898 1232.8475 3306.1099 0.20392895 0.07471734 -0.087946415 -0.1754098 1678.1283 356.41656 0.06472063 0.11315292 470.94727 8689.174 
172.5 14148.633 58.93805 0.11528969 -0.09008503 697.41455 2791.6272 0.017616034 -0.10864782 -0.16600895 -0.055969477 1069.1329 -1090.5166 -0.09126806 -0.014508963 673.1635 11794.767 
173.5 15011.699 383.33737 0.12350273 0.039554596 1357.3096 -234.25136 -0.19900426 -0.024230957 -0.18854713 0.19090414 -126.70319 -481.98218 0.03866768 0.061855078 -191.24298 13005.458 
174.5 15280.857 1664.2028 0.0886631 0.039723396 1110.7069 -873.8519 -0.09136325 0.03497362 -0.09665656 0.081225015 -2245.4028 1320.2534 0.035862923 0.020298481 -416.80243 11124.602 
175.5 20586.252 1267.91 0.3017332 -0.09895897 -883.63403 5084.4414 -0.024464369 -0.25575304 -0.19774532 -0.21305934 -3170.4077 -1354.6816 0.008586884 -0.06731033 2256.2285 10857.802 
176.5 29084.816 1618.6259 3.20748 1.8042288 -316.01968 13193.127 1.3051901 -0.9141345 -5.026819 -3.549587 -5561.3486 -2842.8506 -0.5873866 -1.4548873 1047.763 7011.532 
177.5 46783.14 5363.8745 -0.057329178 -0.52666104 4175.699 28928.963 -0.42157078 -0.88510466 0.08400869 0.3505922 -23173.826 5556.515 0.28003454 -0.66991615 -9183.278 -13740.395 
178.5 87696.29 6083.169 -0.42181015 0.34069562 5344.128 65429.914 0.26158106 -0.2832222 0.20561266 0.28982544 -64093.703 10044.008 0.9587426 -0.86245656 -12454.249 -49477.96 
179.5 131194.89 1146.2686 -2.0122986 1.2502859 1017.78723 104002.305 1.630786 1.0110569 2.1939878 -0.17739677 -103981.43 2068.9436 2.5817842 1.1214409 -2414.0942 -78087.19 
