0.25 1520836 403.61203 0.7454467 -1.2683285 413.92218 1520612 1.2899544 -1.8316498 0.74918866 -1.3073988 1520612.1 -309.7328 -1.252457 1.8197904 304.88226 1520395.1 
0.75 1461111.1 3364.5447 0.26878023 -0.8951879 3449.1948 1460651.3 1.4368092 -0.5155029 0.26429558 -1.4322373 1460651.1 -2577.4812 -0.8842982 0.49787712 2537.6846 1460252.4 
1.25 1348005.1 8001.735 -0.10217762 -0.6670505 8196.0625 1347173.3 1.6212726 -0.32433128 -0.11883259 -1.6044099 1347173 -6200.1113 -0.6594705 0.31551933 6106.892 1346494.5 
1.75 1194460 12510.528 0.21020317 -0.44152415 12792.9 1193252 0.94841003 -0.2703781 0.18535042 -0.9305172 1193260.5 -9721.33 -0.42327476 0.24468517 9575.078 1192343.6 
2.25 1016342.7 15609.405 0.120147705 -0.16165733 15913.49 1014841 0.7165098 -0.22380352 0.10417175 -0.7034707 1014877.4 -11645.308 -0.1424272 0.209589 11454.437 1013901.7 
2.75 831247.6 16940.215 0.065574646 0.020443201 17189.656 829558.94 0.40886307 -0.20751381 0.06439209 -0.40262508 829646.3 -11209.934 0.0381577 0.19742966 10981.331 828860.75 
3.25 655492.25 16838.732 -0.07534218 0.2669015 16983.48 653723.1 0.22362328 -0.22748184 -0.042297363 -0.23116302 653862.4 -8780.677 0.28109455 0.26538992 8522.569 653467.1 
3.75 501799.2 15758.893 0.0389843 0.09083629 15793.051 500076.8 -0.053700447 -0.09605336 0.0119457245 0.055257797 500222.75 -5675.133 0.1035769 0.053310633 5407.4893 500269.3 
4.25 377485.4 13918.357 -0.025978088 0.121418476 13872.216 375969.6 -0.14021492 -0.09979817 -0.031518936 0.13946533 376041.34 -3414.9207 0.13170457 0.087488234 3172.007 376400.06 
4.75 283739.44 11365.265 -0.044225693 0.070934415 11281.252 282583.72 -0.1706276 -0.07090235 -0.03779316 0.17018032 282506.3 -2862.4207 0.07956308 0.0682323 2678.6838 282944.7 
5.25 216299.95 8259.2295 -0.038485527 0.0021791756 8170.3853 215568.98 -0.17204475 -0.0313015 -0.023963928 0.17444038 215327.36 -3789.4412 0.009212136 0.032731533 3677.6477 215646.17 
5.75 167611.34 5035.1553 0.09656048 -0.1319716 4958.678 167225.89 -0.28848743 0.05907917 0.09891653 0.29228306 166885.92 -5129.4336 -0.09834838 -0.02560234 5069.9263 167028.02 
6.25 129861.79 2272.3535 -0.018381119 -0.10278982 2217.298 129629.81 -0.13606977 0.013623238 -0.005584717 0.14054823 129304.95 -5712.051 -0.099770725 -0.008709431 5664.632 129361.41 
6.75 97480.81 465.405 -0.011122704 -0.11991969 441.37457 97207.125 -0.12563896 0.021936893 -0.0011911392 0.12797832 96993.305 -4947.8535 -0.11907764 -0.014796972 4877.722 97106.94 
7.25 68556.5 -246.971 -0.010617971 -0.109202996 -229.65453 68152.43 -0.10959649 0.013901472 -0.001994133 0.10961342 68070.61 -3112.863 -0.11002922 -0.00804925 3012.1956 68316.59 
7.75 44287.74 -107.22987 -0.013137102 -0.059850223 -47.056114 43800.777 -0.08570647 -0.0074691772 -0.001865983 0.08419871 43791.605 -1063.3766 -0.060816884 0.008150935 952.4685 44126.19 
8.25 27206.945 414.96744 -0.025182366 -0.06314278 501.5255 26752.576 -0.07981968 0.019143045 -0.026389599 0.07635403 26721.803 339.7486 -0.06855446 -0.011845946 -430.1018 27032.088 
8.75 19080.39 888.2016 -0.03235507 -0.013243794 968.5088 18736.342 -0.07040954 -0.00067430735 -0.02441144 0.067732334 18616.477 716.2955 -0.016267776 0.0011805892 -766.1242 18820.893 
9.25 19472.098 1130.1807 -0.03747511 -0.0053300858 1170.197 19219.107 -0.06474018 -0.0019447766 -0.025187254 0.063495874 19004.084 280.21387 -0.0064873695 0.00096933544 -290.14728 19116.781 
9.75 25547.115 1229.007 -0.039195538 -0.024487972 1212.3888 25294.713 -0.051985264 0.006043777 -0.025119305 0.052189827 25029.805 -421.6207 -0.02331853 -0.007554436 436.28085 25141.762 
10.25 33073.46 1372.354 -0.07560873 -0.10518956 1310.47 32738.793 0.026773453 0.088233344 -0.059670925 -0.017409801 32481.566 -899.25885 -0.0961045 -0.08341916 921.68677 32683.053 
10.75 38102.707 1633.1714 -0.008852005 -0.04353255 1558.3192 37673.87 -0.019760132 -0.021657765 -0.002743721 0.018471241 37457.383 -966.91394 -0.042103253 0.016971797 987.59064 37769.996 
11.25 38494.965 1890.2269 -0.003396988 -0.059517622 1835.622 38032.574 0.007849693 -0.008250594 -0.0008430481 -0.008761406 37853.383 -737.95435 -0.057528973 0.0019452572 754.1694 38221.918 
11.75 34540.086 1932.1577 -0.0030350685 -0.06471443 1912.8018 34125.766 0.017887115 -0.007226944 -0.0030798912 -0.019348621 33958.402 -454.07654 -0.06373644 0.0020213127 464.787 34298.742 
12.25 28339.44 1636.2183 -0.0032262802 -0.046848774 1643.3367 28017.313 0.012101173 -0.009735465 -0.0050053596 -0.01293087 27840.875 -295.2211 -0.046792984 0.007024884 298.51135 28099.898 
12.75 22346.355 1071.4005 -0.0051751137 -0.039105177 1083.1302 22099.709 -0.0037231445 -0.0115174055 -0.0069084167 0.0038337708 21916.844 -277.75824 -0.038817883 0.010302305 273.61362 22101.332 
13.25 17961.072 464.81873 -0.009366512 -0.030655384 463.26672 17732.678 0.0016751289 -0.009988785 -0.009985089 -0.0014352798 17567.48 -278.00122 -0.030369043 0.010332823 272.00037 17729.799 
13.75 15061.876 69.945465 -0.00881505 -0.011279345 51.220364 14795.3545 0.00042533875 -0.006256819 -0.007405281 0.0003938675 14670.656 -156.45096 -0.01069808 0.0064070225 158.51663 14869.221 
14.25 12643.681 18.926605 -0.008235455 0.00691247 -9.172207 12315.518 -0.0013689995 -0.0045001507 -0.0040107965 0.0017154217 12226.41 90.05795 0.007999659 0.0034657717 -72.95994 12490.377 
14.75 9983.207 232.92336 -0.012906432 0.08056378 205.95111 9608.622 -0.03428352 -0.02154231 0.030459404 0.039001346 9515.686 281.34314 0.078363895 0.018051028 -252.8224 9833.812 
15.25 7367.537 455.31677 -0.003769517 0.016875267 436.21872 6981.7754 -0.0028772354 0.005490303 -0.005530238 -0.00010418892 6834.767 183.2814 0.018486738 -0.0059378445 -158.19907 7171.5176 
15.75 5852.41 420.72018 -0.003024578 0.015148401 411.3833 5482.4478 -0.0071839243 0.005174339 -0.0024234056 0.004561618 5259.694 -264.56918 0.016257763 -0.003740251 268.21375 5585.209 
16.25 6272.778 67.909615 -0.00045493245 0.014690161 66.083405 5917.1187 -0.02525413 0.0064517856 0.000713855 0.024412382 5649.2563 -830.8839 0.014949203 -0.002793599 803.56665 5962.3 
16.75 8366.837 -375.91 -0.010968417 -0.019096613 -377.8504 7996.9795 -0.017184675 0.020215243 -0.0045132637 0.021343708 7752.0737 -1123.6348 -0.01772952 -0.013796784 1070.539 8078.9805 
17.25 10746.071 -546.07886 -0.00037157536 0.018401682 -561.8716 10329.674 -0.02994585 0.0077007413 -0.014403999 0.023734808 10165.166 -896.3047 0.012095988 -0.0036293678 833.45105 10534.9375 
17.75 11810.171 -239.6446 -0.002862811 -0.00974524 -284.77017 11340.232 -0.03475225 0.005831778 -0.0049150586 0.035341144 11253.499 -281.98975 -0.01041317 -0.004219711 225.10068 11668.039 
18.25 10960.988 377.63303 -0.0063477755 -0.02135396 295.13272 10468.279 -0.017947793 0.005290091 -0.006361127 0.019106746 10382.868 248.34311 -0.021251202 -0.0063582063 -293.80536 10806.716 
18.75 9186.853 842.1001 -0.0066503286 -0.01885423 728.76746 8723.578 -0.00681442 0.0018222928 -0.0039286613 0.008004129 8527.905 194.86853 -0.018483415 -0.0017569065 -235.57732 8907.692 
19.25 8476.731 712.0983 -0.008816242 -0.014315948 587.7808 8082.2607 0.002706945 -0.0016157627 -0.00011265278 0.000051498413 7703.693 -602.3372 -0.016560433 -0.0046037436 554.7428 8003.2075 
19.75 10348.642 -92.08301 -0.007124901 0.0059038997 -203.15839 10024.632 -0.0005172491 0.0025666952 -0.0021214485 0.0019363165 9492.116 -1792.8412 0.0060950518 0.00084626675 1732.5923 9715.062 
20.25 14494.675 -1176.6466 -0.010036588 0.011924744 -1256.391 14209.32 -0.016903877 0.002700448 -0.005903244 0.017953634 13654.356 -2675.7842 0.011673212 0.0032135248 2609.2202 13837.327 
20.75 18634.246 -1894.3333 -0.014587641 0.018571854 -1936.616 18351.402 -0.02281648 -0.002852559 -0.010825872 0.023392439 17930.87 -2643.9026 0.017430544 0.0077739954 2587.0522 18113.05 
21.25 19918.861 -1778.0867 -0.015136361 0.21170211 -1788.9872 19625.807 0.035565317 -0.11700034 -0.003513813 -0.04594165 19407.82 -1638.2893 0.200351 0.09550047 1606.8986 19603.555 
21.75 17060.889 -911.00476 -0.014331281 -0.007297516 -905.2435 16771.1 -0.024659753 0.0075297356 -0.011608303 0.025282383 16665.14 -287.7321 -0.007236719 -0.0034883022 286.55475 16861.553 
22.25 11673.693 42.186684 -0.011529297 0.0043805838 47.409515 11405.777 -0.01679349 -0.0028131008 -0.0056744814 0.016402364 11199.865 444.25125 0.003813386 0.0040260553 -424.68622 11377.876 
22.75 7527.36 249.6659 -0.014919888 -0.0020440817 240.95683 7281.4873 -0.017696142 0.00079739094 -0.0040014386 0.020350337 6778.0303 -67.74659 -0.0023357868 0.00140059 90.66759 6936.5034 
23.25 8023.022 -670.1112 -0.056747295 -0.0314793 -698.11676 7778.08 0.029498935 0.013867736 -0.015429378 -0.0039674044 6940.302 -1593.374 -0.036439598 -0.020805717 1605.9656 7099.9766 
23.75 13543.44 -2268.954 0.0016521513 -0.02747555 -2313.8784 13276.31 -0.060897946 0.0032280684 0.000113114715 0.05036235 12276.689 -3120.8052 -0.024554856 0.016399622 3120.7244 12461.629 
24.25 20784.078 -3483.8167 0.0017605424 -0.035448335 -3539.3188 20490.783 -0.047515392 0.002513647 0.0033512115 0.04481709 19611.934 -3548.0488 -0.033796012 0.012154341 3542.4543 19827.398 
24.75 24863.344 -3376.4167 -0.0071353316 -0.030007526 -3436.064 24559.73 -0.034263253 -0.0029302835 -0.00055128336 0.033263087 24001.645 -2519.6294 -0.029950708 0.012669802 2516.381 24231.754 
25.25 22889.371 -1883.5042 -0.023778677 0.028118566 -1942.3752 22588.443 0.00006580353 -0.028913498 -0.004740119 0.0013529062 22313.19 -768.6286 0.026560128 0.034181833 768.6966 22542.775 
25.75 16329.126 20.387585 -0.0038203 -0.042111725 -34.578278 16016.455 -0.054525375 0.009511948 -0.005000472 0.051445723 15751.187 350.17957 -0.04365915 -0.012776494 -353.2484 15991.482 
26.25 10173.301 947.83185 -0.012436509 -0.019278973 897.3947 9806.862 -0.028348446 -0.0051574707 -0.0020480156 0.02695775 9223.911 -149.66502 -0.0210073 -0.00049090385 135.07645 9514.142 
26.75 9283.66 105.8515 -0.014229298 -0.021057367 57.615326 8825.279 -0.009086728 -0.0025382042 0.0029554367 0.009215236 7784.6177 -2087.335 -0.02236168 -0.0015787482 2057.057 8161.4766 
27.25 14569.208 -2058.2402 -0.02423501 -0.08932216 -2107.8738 14024.092 -0.030126393 0.012887865 0.0050145388 0.034475267 12698.122 -4144.337 -0.09237166 0.012406126 4100.8193 13156.547 
27.75 22052.307 -4106.2827 -0.0065727234 -0.051950224 -4158.2617 21481.275 -0.0043946505 -0.008714132 0.011919975 -0.00076025724 20250.1 -4785.031 -0.05239877 0.014680274 4735.778 20731.49 
28.25 25760.352 -4635.638 -0.0066365004 -0.073931724 -4685.5376 25247.979 0.0023378134 -0.005973099 0.009666443 -0.00628376 24423.355 -3434.8916 -0.07476196 0.017056737 3388.528 24847.352 
28.75 22403.191 -3348.9119 -0.0037264824 -0.08323699 -3388.4956 22002.262 0.0048060417 -0.002444625 0.005553663 -0.0073084235 21584.582 -1010.2678 -0.08360511 0.012964357 971.7483 21903.053 
29.25 14137.744 -1320.6515 0.011199057 -0.1038841 -1344.1307 13832.109 -0.022248775 0.0032844245 0.0027298331 0.017696217 13497.689 699.00507 -0.10458088 -0.0049142875 -732.61835 13729.092 
29.75 7108.4194 -191.73166 -0.004972756 -0.03495598 -202.60898 6823.8735 0.024009645 -0.0067406595 -0.002711773 -0.019861996 6167.7446 387.4996 -0.03303814 -0.0018012673 -427.68674 6384.0806 
30.25 6736.567 -878.42426 -0.023176074 -0.0114450455 -891.6006 6391.594 0.029514313 -0.0019775033 -0.023381114 -0.030342579 5242.6416 -1724.7506 -0.009280205 -0.026089683 1663.7194 5519.409 
30.75 13463.165 -2830.2144 0.012782693 0.032316208 -2865.423 13022.325 0.03357196 -0.017672539 0.0065033436 -0.036850452 11580.832 -4039.0093 0.034122944 -0.015159924 3950.4492 11947.02 
31.25 22372.611 -4475.43 0.37599134 0.19830704 -4544.2446 21865.365 -0.50468636 -0.16135603 0.18396854 0.36962843 20550.594 -4830.105 0.2110045 0.19716689 4722.9355 20973.95 
31.75 27058.44 -4504.042 -0.020504713 0.02903223 -4599.1924 26554.117 0.12466955 -0.0052312016 0.0006351471 -0.12254667 25684.068 -3588.8489 0.028249502 -0.020192504 3485.3108 26098.525 
32.25 24480.916 -2895.102 -0.0009877682 0.015151501 -2992.0513 24042.834 0.090473175 0.00082314014 0.010760307 -0.09209633 23604.795 -1343.4972 0.015647888 -0.007911086 1267.0616 23955.418 
32.75 17031.795 -859.35126 0.0086500645 -0.016901016 -932.6053 16681.174 0.048391342 0.021057248 0.007780075 -0.05095768 16370.674 237.04852 -0.014739513 -0.016266167 -276.05865 16645.314 
33.25 10151.428 218.7019 -0.0042693615 0.08102894 176.64862 9863.675 0.062300682 -0.02492237 0.007866859 -0.047106743 9347.717 182.76884 0.07709026 0.036574706 -191.83813 9575.148 
33.75 7828.6514 -131.76508 0.0037293434 0.02391243 -157.98694 7558.1045 -0.0006866455 0.005116105 -0.010204315 0.004940033 6737.31 -1120.7137 0.023728848 0.0008698106 1124.3256 6959.7046 
34.25 9791.622 -1242.9995 0.008091211 0.03347349 -1277.0719 9503.391 -0.024145126 -0.0015054345 -0.015047073 0.024063587 8563.181 -2410.276 0.03386593 0.0023607016 2413.1072 8807.076 
34.75 12499.794 -2019.8784 0.039756775 0.04415703 -2073.1309 12184.625 -0.089250565 -0.005318016 0.0040442944 0.0802207 11414.59 -2649.4119 0.050667286 0.019939482 2649.9333 11682.284 
35.25 12631.418 -1866.8461 -0.0048680305 0.057736874 -1931.1034 12296.694 0.0033547878 -0.011094585 -0.019035101 -0.0019006729 11850.991 -1796.0238 0.055954456 -0.0031046271 1802.06 12133.928 
35.75 9787.392 -1043.3551 0.0077707767 0.037463665 -1102.8435 9437.779 -0.021059752 -0.0020810366 -0.0022900105 0.0200696 9240.583 -660.1672 0.0390687 -0.0031310916 679.40546 9537.299 
36.25 6233.221 -264.48804 0.0014175177 0.0076727867 -312.7995 5862.269 -0.014717579 0.01039286 -0.00020182133 0.01472199 5714.4355 -97.26395 0.010130882 -0.010383904 129.11462 6034.0933 
36.75 4400.4985 -18.253231 0.032677174 0.026891708 -62.587467 4001.2134 -0.05771643 -0.006109223 0.03402984 0.058692932 3763.8843 -307.09995 0.02750063 0.007950723 342.0275 4112.807 
37.25 4751.869 -219.64775 0.00038349628 -0.009093523 -269.83582 4333.3413 -0.024466053 0.007301949 0.0050614476 0.025408298 4016.5864 -818.92114 -0.009370685 0.0022981167 845.4005 4383.4546 
37.75 5863.4727 -427.01212 -0.003561914 -0.014397919 -483.19754 5452.3003 -0.030987859 0.0032381415 -0.0010415018 0.030862272 5152.458 -1061.6907 -0.015553057 0.0075517 1075.1443 5510.251 
38.25 6220.0693 -324.6605 0.021288872 -0.0036465526 -376.91547 5841.7534 -0.1080277 -0.009277374 0.019200265 0.10560107 5620.441 -900.1568 -0.003141582 0.014705517 906.30005 5945.534 
38.75 5682.5605 13.354048 -0.011829257 -0.033929214 -25.367298 5339.734 -0.009981155 -0.0005905032 -0.0061175823 0.00977993 5172.468 -636.6121 -0.033782028 0.004559532 645.6641 5463.6616 
39.25 5266.875 290.51108 -0.008042932 -0.034127474 265.42133 4937.4663 -0.0013804436 -0.0023694634 0.00126791 0.00032186508 4763.3857 -576.36847 -0.033313632 0.00065004826 593.10706 5041.321 
39.75 5781.496 353.91507 -0.006469488 -0.017035007 333.54233 5440.371 0.014149666 -0.011228442 0.0031280518 -0.01881218 5235.1646 -686.88226 -0.020024061 0.0008187592 706.60583 5521.6187 
40.25 6952.201 348.1991 -0.00950861 -0.033200264 321.63782 6594.338 0.018764496 0.0048435032 0.005297184 -0.017835617 6382.1465 -707.1001 -0.031589985 -0.0063557625 722.4826 6679.8774 
40.75 7886.208 507.6581 -0.008594036 -0.024183273 467.90613 7528.3335 0.0146865845 -0.0030369759 0.000111579895 -0.015634537 7333.4277 -515.5904 -0.025549889 0.00004541874 526.5256 7626.443 
41.25 8167.0376 849.9072 -0.0026574135 -0.028329372 794.8888 7825.069 -0.0017528534 -0.0010735989 -0.0009012222 0.001039505 7632.989 -289.17877 -0.029315948 0.002990961 304.05582 7908.224 
41.75 8270.225 1139.004 -0.0019664764 -0.00010871887 1070.1371 7937.459 0.013977051 -0.013172746 -0.006959915 -0.015457153 7712.6084 -274.789 -0.0017437935 0.01186347 300.99384 7979.5303 
42.25 8895.025 1163.4877 0.0047855377 0.0036754608 1084.865 8546.121 0.0004196167 -0.0060939007 -0.005470276 -0.0019607544 8278.899 -475.35556 0.003282547 0.008261383 510.36047 8564.253 
42.75 10074.828 997.325 0.012740135 0.03447628 915.30664 9693.635 -0.040016174 -0.0058590174 -0.0057697296 0.03658676 9417.182 -638.88794 0.03626442 0.012438655 672.49384 9737.247 
43.25 11114.747 928.6062 0.0042676926 0.0038070679 850.4817 10716.73 -0.012588501 0.00083613396 -0.0014419556 0.012504578 10473.626 -554.72955 0.0030651093 -0.00009149313 579.4323 10812.339 
43.75 11390.261 1134.2048 0.007019043 0.0066394806 1066.2 11013.68 -0.017055511 0.00016057491 0.00024795532 0.014919281 10811.553 -295.63287 0.0073127747 -0.00035911798 312.02118 11129.374 
44.25 11056.474 1479.6919 -0.002453804 -0.01572609 1425.138 10728.115 -0.0031661987 0.021848097 -0.0016803741 0.0045776367 10531.828 -127.4652 -0.014755249 -0.02809143 139.41458 10799.889 
44.75 10870.02 1674.4835 0.0054941177 0.07120323 1632.2987 10578.959 -0.15113068 0.13778347 -0.012594223 0.18221283 10343.838 -210.59251 0.06334114 -0.11429596 218.74591 10570.76 
45.25 11357.954 1598.3536 0.012989044 0.0042686462 1561.6888 11064.012 0.03139496 -0.10387051 0.015043259 -0.04383087 10773.497 -440.90332 0.015634537 0.082023025 443.82864 10998.335 
45.75 12282.965 1428.3582 0.0687294 0.058589935 1385.3695 11950.975 -0.10517883 0.05019951 0.044628143 0.08648682 11624.351 -589.23584 0.062192917 -0.05479914 588.7567 11883.403 
46.25 12965.681 1438.0543 -0.0048561096 0.037862778 1377.3748 12591.1875 -0.057800293 -0.017999828 -0.008192062 0.06087494 12260.846 -555.1447 0.03595543 0.010328636 555.4818 12561.515 
46.75 13059.705 1708.1617 -0.00080394745 0.00705719 1626.9282 12661.383 -0.070388794 -0.008991778 0.00030899048 0.072128296 12344.833 -453.61258 0.006501198 0.005210668 453.9246 12671.319 
47.25 12904.519 2059.1277 0.027927399 -0.016584396 1966.2295 12495.903 -0.12595367 -0.0735836 0.03602791 0.123306274 12185.357 -467.96298 -0.015032768 0.06580299 459.9004 12525.022 
47.75 13112.34 2245.509 -0.0058145523 -0.010151386 2154.8655 12684.68 -0.0009536743 -0.0051978827 0.010818481 -0.0008392334 12357.792 -650.40436 -0.0135746 -0.0032864213 627.3751 12717.882 
48.25 13878.585 2185.2075 0.0058174133 0.014593124 2103.878 13412.449 -0.000038146973 -0.043560028 0.020463943 -0.009941101 13052.3125 -872.82837 0.013738155 0.029154748 840.5586 13449.702 
48.75 14760.23 2004.6984 -0.016030312 -0.021697998 1927.4434 14250.504 0.03252411 -0.013432145 -0.007621765 -0.03578949 13859.522 -954.52783 -0.027108192 0.0070435703 927.6965 14297.651 
49.25 15115.91 1898.9668 -0.013903618 -0.049889565 1815.1384 14582.429 0.11077118 0.004092321 -0.02035141 -0.119255066 14180.32 -829.84735 -0.04879856 -0.0020599961 816.5335 14639.804 
49.75 14715.625 1962.4541 0.012127399 -0.22703075 1867.4841 14188.967 -0.22982788 0.0020450354 0.14791107 0.2522049 13796.652 -607.35474 -0.23486137 -0.026533157 600.0188 14249.215 
50.25 13918.685 2124.5354 0.025850773 -0.035913467 2023.409 13416.818 -0.779335 -0.14936996 0.18219566 0.82624817 13040.1045 -477.63373 -0.035526276 0.09859413 462.64398 13470.394 
50.75 13302.032 2213.8525 0.017859936 0.015244484 2113.795 12818.992 -0.032943726 0.005216837 0.02684021 0.036582947 12449.361 -545.75653 0.015720367 -0.012021303 520.39233 12864.346 
51.25 13145.764 2099.8901 0.023247719 0.036166668 2002.0205 12658.197 -0.075668335 -0.006621845 0.015176773 0.079055786 12292.235 -726.16675 0.03751993 -0.0016522408 702.2018 12713.822 
51.75 13242.57 1819.2246 0.004008293 0.030267715 1718.9242 12725.406 -0.058425903 0.0102853775 -0.0049114227 0.057678223 12379.01 -807.95825 0.033046722 -0.017424583 797.49725 12829.74 
52.25 13165.921 1572.1154 -0.0061063766 0.04594326 1465.6392 12604.744 -0.055885315 0.012987018 -0.023706436 0.052612305 12293.802 -671.48615 0.0485487 -0.014463425 671.96344 12786.975 
52.75 12733.402 1539.7382 0.018402576 0.051660538 1427.5662 12128.93 -0.096977234 0.016550422 0.0073623657 0.099235535 11825.125 -470.88477 0.050369263 0.007755518 466.24072 12361.192 
53.25 12267.388 1660.3978 -0.014121532 -0.03722191 1544.1428 11631.548 -0.045082092 0.004817307 -0.0001487732 0.043754578 11250.145 -558.1905 -0.03685379 -0.014813542 533.6877 11818.738 
53.75 12379.203 1638.6534 -0.011546135 -0.014322281 1517.906 11727.78 0.016334534 0.012001306 -0.010801315 -0.020828247 11195.465 -1130.6102 -0.012752533 -0.0050098896 1085.617 11780.002 
54.25 13379.813 1288.8811 -0.024225473 -0.036076546 1162.7949 12725.76 0.122089386 -0.02432251 -0.032295227 -0.13100052 12084.369 -1922.8209 -0.03899765 -0.014502287 1870.6626 12668.781 
54.75 14808.558 892.08136 -0.11591649 -0.0071458817 761.8224 14159.239 0.831295 0.01127398 -0.25779724 -0.86693954 13570.367 -2361.025 -0.004924774 -0.0375185 2318.722 14144.987 
55.25 15679.623 1051.6672 0.015854359 -0.025834084 918.0779 15034.939 0.29658508 -0.06034547 -0.073657036 -0.28614044 14598.724 -2199.0303 -0.0659256 -0.060616016 2175.187 15164.014 
55.75 15472.721 1971.2397 0.014019966 0.10285187 1832.117 14823.351 -0.055583954 -0.013120338 -0.008938789 0.051116943 14330.642 -2041.3651 0.1115942 -0.03334573 2029.4156 14896.965 
56.25 15097.991 2857.5876 0.022795439 0.105820656 2709.8274 14424.341 -0.031173706 0.010403728 -0.016040802 0.031772614 13330.037 -3028.5798 0.1128149 -0.037512347 3009.8145 13915.517 
56.75 16546.21 2314.0178 0.016758949 0.06120968 2162.3118 15831.5205 -0.18693924 -0.018023193 0.008361816 0.18772507 13623.191 -5685.1294 0.06404495 -0.025802672 5643.1816 14242.025 
57.25 21084.902 -288.72632 -0.06138496 -0.019244194 -430.82245 20334.418 0.038936615 -0.024934173 0.048913956 -0.07245636 17077.383 -8967.424 -0.015091896 -0.14911789 8904.112 17726.5 
57.75 27429.014 -3713.6106 -0.012830079 -0.0081653595 -3835.4229 26675.469 -0.0901947 -0.004946351 0.007798195 0.081710815 23211.256 -10694.67 -0.0032625198 -0.024746418 10631.299 23866.973 
58.25 31941.031 -5414.3623 -0.009980738 -0.004646778 -5520.9346 31223.281 -0.011230469 -0.0049993396 -0.006081581 0.011978149 28679.564 -9355.365 -0.0007843971 -0.042182624 9312.59 29311.84 
58.75 31348.346 -3652.3057 -0.04881233 0.07103348 -3761.9795 30678.162 0.06682968 -0.07596547 -0.040783882 -0.07590103 29570.328 -5739.3677 0.06694794 0.0008646846 5713.4966 30164.813 
59.25 25809.654 677.06506 -0.018072605 0.030872107 550.2384 25160.623 0.006061554 -0.013343632 -0.017231941 -0.0063934326 24856.838 -2663.4265 0.03108263 -0.019067228 2625.155 25423.918 
59.75 19277.775 4436.3813 -0.031663656 0.020590544 4297.746 18612.527 0.13612747 0.061536074 -0.027359009 -0.15269089 17730.273 -2726.293 0.02816236 -0.07888192 2647.3767 18289.79 
60.25 16405.197 4786.1357 0.009502143 -0.018038869 4656.1104 15713.824 0.038856506 0.059415817 0.057870865 0.024951935 13200.92 -6040.076 -0.03756833 -0.15653625 5922.969 13759.324 
60.75 18619.93 1602.9921 -0.0097362995 -0.027044773 1498.1796 17929.828 -0.13142014 -0.02917409 0.019034386 0.13117981 13916.209 -10087.49 -0.023356676 0.02363038 9967.587 14460.771 
61.25 23052.81 -2503.7407 0.002826333 -0.033026695 -2585.4805 22399.678 -0.10020828 -0.0491381 0.024675846 0.084690094 18077.814 -11884.148 -0.017858028 0.055607527 11801.197 18594.016 
61.75 25279.535 -4555.876 0.036467254 -0.13156033 -4633.305 24672.035 -0.00818634 0.13147354 0.09114933 0.05791855 21345.932 -10410.343 -0.10168266 -0.12793326 10376.49 21837.133 
62.25 23142.12 -3639.4487 -0.12401581 -0.33465862 -3732.7676 22554.828 1.0827293 0.80727637 -0.022761345 -0.6887207 20728.645 -7109.4937 -0.37076902 -1.1549258 7101.649 21217.113 
62.75 18066.008 -1205.548 -0.043360233 0.09944844 -1321.2137 17464.563 0.013425827 -0.14329162 -0.07322216 -0.05356407 16712.467 -4253.8213 0.07700777 0.12869446 4234.4824 17221.092 
63.25 13074.783 684.9436 -0.009520054 -0.0041021407 558.9485 12446.818 -0.038078308 -0.017940044 -0.002231598 0.0435791 12006.696 -2988.906 -0.0044205487 0.0064786673 2935.736 12539.094 
63.75 9961.54 1171.3154 -0.0011293888 -0.014800072 1056.1654 9322.094 -0.06412506 -0.01269567 0.011228561 0.07156181 8736.727 -2854.0676 -0.010140419 0.008092761 2774.6343 9277.229 
64.25 8379.9795 806.9501 -0.29710364 0.0048274994 716.4069 7751.089 2.1142807 -0.0006789565 -0.3315959 -2.088955 7014.236 -2814.966 0.0034828186 -0.1615178 2737.551 7545.4873 
64.75 7129.348 455.70892 -0.0041917562 -0.007856369 384.78662 6515.8823 -0.008104324 -0.015437841 -0.0026068687 0.008771896 5791.663 -2404.6392 -0.0027265549 0.020029902 2354.5422 6312.5283 
65.25 5682.7046 362.09796 -0.0076999664 -0.011544228 291.3227 5068.33 0.034934998 -0.011730194 -0.007782936 -0.02878189 4424.5244 -1859.9088 -0.010749817 -0.0063518286 1840.5721 4950.8022 
65.75 4362.398 255.88184 -0.0607512 0.016607285 168.50781 3729.7454 0.020734787 0.01706022 -0.10196638 -0.035749435 3139.8298 -1490.902 0.019182205 -0.0034246445 1485.097 3685.96 
66.25 3506.594 -16.987955 -0.009599924 0.00620842 -121.09265 2860.014 -0.011721611 -0.0033478737 -0.0175066 0.014414787 2336.7378 -1248.1864 0.0075621605 -0.0054831505 1236.4124 2897.6448 
66.75 2965.2861 -262.41357 0.0026475936 -0.0059752464 -370.16245 2331.441 -0.08700466 -0.020664215 0.0027880669 0.084462166 1951.343 -915.1319 -0.00025558472 0.022797108 892.58826 2503.6902 
67.25 2425.1292 -264.64902 -0.011748791 -0.016970634 -365.68402 1827.909 0.016476631 -0.0063751936 -0.012325108 -0.012969971 1628.8606 -483.3262 -0.01535511 -0.009346366 459.19174 2152.8691 
67.75 1879.7279 -90.51872 0.07673144 -0.22838497 -187.53075 1316.0284 0.36254692 0.122724295 0.11774528 -0.32378483 1236.4097 -164.61436 -0.1618166 -0.20162225 147.02367 1734.9877 
68.25 1560.5421 31.933569 0.0013107061 -0.0038671494 -70.506516 1003.6052 -0.024202347 -0.011907101 -0.004186392 0.024270058 948.92224 -93.63166 -0.0033340454 -0.0064963102 78.67413 1443.4475 
68.75 1535.4011 13.470426 0.0047984123 0.011433601 -96.45009 964.801 0.00515604 -0.008317113 -0.0003671646 -0.0058918 900.59296 -169.57396 0.011730194 -0.0035594106 146.16531 1405.9985 
69.25 1605.6198 -42.60021 0.00014996529 0.022798538 -150.81674 1028.3342 -0.016670465 0.0033695698 0.019310951 0.020128965 978.7071 -218.63538 0.021101952 -0.013139963 181.51982 1487.9375 
69.75 1593.0118 -40.20906 0.0007864833 0.031467438 -136.47156 1033.8125 0.01982981 -0.005633235 -0.005257666 -0.021963537 1011.4354 -205.866 0.02833271 -0.0033819675 161.23721 1504.727 
70.25 1551.8569 -14.259899 0.14631534 0.23252583 -98.494896 1026.2684 -0.10425758 -0.052378237 -0.13064742 0.066185 1004.6398 -216.34174 0.22487354 0.012642741 175.2892 1470.6924 
70.75 1618.3928 -31.205761 -0.053536355 -0.024983883 -112.6379 1118.0334 -0.021834373 0.014315844 -0.041750908 0.03329277 1074.0529 -286.02527 -0.03417635 -0.011783242 255.22209 1520.1943 
71.25 1762.0414 -64.36791 0.0004415512 0.01265955 -150.18686 1268.9441 0.0029973984 0.0021617413 0.00019365549 -0.0035161972 1216.6198 -346.65924 0.008140326 -0.0035245419 325.30396 1656.292 
71.75 1812.7053 -37.99616 -0.019555092 0.202976 -125.38097 1321.6981 0.23634148 0.29140583 -0.064201176 -0.17557907 1282.8707 -340.88092 0.18547453 -0.3274442 323.54114 1718.5907 
72.25 1696.2872 47.584705 -0.0014133453 -0.010136604 -31.945005 1220.4116 0.006436348 -0.0036973953 0.004635155 -0.006427765 1181.5326 -314.5665 -0.010790706 0.012864113 294.985 1601.9075 
72.75 1530.8738 108.409424 -0.004969716 0.00938803 42.23104 1082.2346 0.0065307617 -0.004793644 0.0006971359 -0.005539894 1006.434 -351.56488 0.00847551 0.0058591366 325.69998 1402.525 
73.25 1460.3973 88.50084 -0.0047359467 0.07001901 32.822365 1035.9968 0.16846561 0.17033198 -0.012874126 -0.13395119 913.44226 -453.2521 0.0653038 -0.18825972 422.2822 1289.1069 
73.75 1482.1566 23.28241 0.0074133873 0.011073589 -29.250492 1066.9639 -0.005252838 0.0027179718 -0.0010781288 0.0014591217 929.58563 -531.412 0.010121822 -0.002095461 502.119 1297.8993 
74.25 1482.4089 -23.013964 -0.010803342 0.04215479 -76.943985 1068.178 -0.023872375 -0.025106907 -0.029198408 0.01128006 948.6972 -513.1086 0.03139758 0.036337614 492.82587 1315.9103 
74.75 1392.1619 -36.25892 0.0015466213 -0.0047638416 -90.67969 988.14655 -0.009565353 0.000034451485 -0.010448456 0.009063721 883.2785 -414.9628 -0.0057400167 0.0055782795 404.45132 1240.3969 
75.25 1243.8655 -41.96801 -0.0013492107 -0.014214516 -93.250755 868.22833 0.004983902 0.003375411 -0.007624626 -0.0031108856 755.4308 -307.8171 -0.014148951 0.004213929 300.27637 1086.242 
75.75 1096.8862 -49.095894 0.00031521916 -0.010989666 -94.76807 756.83716 0.008541107 0.0021054745 -0.0050549507 -0.007516861 635.8469 -237.02272 -0.01087141 0.004000902 225.64311 934.57996 
76.25 969.4958 -43.53294 -0.0031386614 -0.0005578995 -83.445244 652.29694 0.013858795 0.0035048723 -0.004479885 -0.0141067505 551.9847 -193.42241 0.0010037422 0.0063429065 179.15706 831.0999 
76.75 852.8026 -24.260868 0.008202791 0.009464264 -59.133675 538.7854 0.004808426 0.010979295 0.00050640106 -0.0043964386 483.34897 -145.00264 0.009614944 -0.012526035 134.92879 761.2419 
77.25 744.19476 -7.6744604 0.005810559 0.012918472 -37.472015 428.6818 -0.012990952 -0.0015903115 -0.0058312416 0.011133194 411.24088 -77.55337 0.013781548 -0.0011883974 75.49741 691.8094 
77.75 644.3675 4.918891 0.0070689917 0.00619936 -18.579578 344.38864 -0.0051822662 0.0067340136 -0.0033233166 0.005672455 338.6028 -8.500681 0.0070118904 -0.010517389 9.440469 605.26544 
78.25 552.65955 30.634235 -0.0003246665 0.016259193 14.722284 288.67535 -0.03921318 -0.03304887 -0.0103645325 0.034535408 276.4403 27.363903 0.012390137 0.037397772 -31.936043 509.5251 
78.75 487.29883 65.6632 0.0019415617 0.0039904118 57.34458 259.54526 0.013697624 0.006330371 0.0031836033 -0.012319565 240.13216 9.937513 0.0027227402 -0.006235063 -21.72777 439.13727 
79.25 484.91635 73.5737 -0.0018420815 0.0064743757 70.82468 271.76956 -0.002064705 -0.003229916 0.002708435 0.0012178421 251.19324 -39.632435 0.0060961246 0.004632592 28.450634 435.79105 
79.75 549.9329 34.125565 -0.00036895275 0.010529757 33.79122 331.8173 0.000059127808 0.0008722544 0.0009938478 -0.0010957718 313.7066 -70.2364 0.01018858 -0.0024819374 68.752266 500.992 
80.25 622.21564 -18.042507 -0.00074386597 0.0059831142 -17.891033 403.55777 -0.005367279 -0.0066154497 -0.00037419796 0.0032873154 389.34753 -51.317757 0.005316019 0.00315547 59.830215 574.0318 
80.75 631.5707 -31.986147 0.0056569576 -0.00600791 -30.214203 433.97598 -0.052019596 -0.015371203 -0.011806045 0.05735731 423.2049 -8.46569 -0.0066895485 -0.008771628 17.918634 585.4916 
81.25 580.8248 -6.6662664 0.0022354424 0.00830245 0.049728632 414.845 -0.0039122105 0.00018775463 0.0015601218 0.004199028 402.72787 6.0313745 0.008409262 -0.000011689961 -4.497263 535.01624 
81.75 539.5254 13.077686 -0.0037728548 0.0012704134 26.748835 389.2244 -0.00087957084 -0.0011356771 0.0015429705 0.0011066496 369.5632 -23.288921 -0.0017287731 0.005408168 17.56844 489.01004 
82.25 550.2081 5.132797 -0.042059124 0.121739864 23.57653 389.79468 -0.013495326 -0.02691716 -0.11079836 -0.009795785 362.99814 -59.90285 0.09003478 0.009516895 56.267387 493.60226 
82.75 577.9895 -0.43902826 -0.017836303 -0.009742867 17.194632 400.8645 -0.008145988 0.013757035 -0.0060914755 0.011837006 374.33493 -69.52583 -0.013121674 -0.008395642 75.94387 519.7188 
83.25 572.5561 24.104483 0.0013027433 0.00016924739 36.610443 397.19476 -0.0009293854 0.003728211 0.0033268332 -0.001383543 374.1593 -66.97598 -0.00011587143 0.00078994036 81.38756 514.9162 
83.75 545.80896 52.11462 -0.0062122345 0.01046288 60.519196 392.24744 0.0032597855 -0.00080409646 -0.0021582246 -0.002144754 364.1062 -89.52031 0.010153174 0.004933059 101.592865 482.22382 
84.25 549.07983 35.341625 -0.005564809 -0.0005155802 45.79633 414.4919 0.0046942234 0.0023719668 -0.00016385317 -0.0036127567 369.7221 -136.34378 -0.0006104708 0.0015089214 137.82123 470.51254 
84.75 588.43225 -24.37463 -0.004890427 0.00022006035 -5.4610806 450.80508 -0.0040135384 -0.002579689 0.0014423132 0.0047056675 389.81796 -163.60815 0.0006747246 0.007947635 156.81787 495.07666 
85.25 610.127 -71.876114 -0.005577028 -0.0064456463 -43.306976 453.86853 0.015332222 0.0141557325 -0.0020417199 -0.0129618645 389.61282 -143.13419 -0.0049054623 -0.015634418 138.85611 512.00757 
85.75 578.82684 -69.60687 -0.008244723 0.0061382055 -36.58364 411.05743 0.014296055 0.0034387708 -0.0014762282 -0.016070127 354.90445 -100.32231 0.0051036477 0.0073634386 107.111404 485.09225 
86.25 530.35815 -40.19003 -0.005266249 0.0031840205 -9.898348 370.13617 -0.0021207333 0.0025086403 -0.004632473 0.0031397343 322.67697 -79.41344 0.0030181408 0.0017615557 95.08074 442.90256 
86.75 521.2227 -24.9192 -0.0053812265 0.0029007196 -0.29402447 376.88757 0.0011024475 0.0034883432 -0.0009782314 0.0019159317 334.2519 -88.763016 0.0024404526 0.00021606684 102.81552 439.54282 
87.25 552.6586 -27.524843 -0.006307721 -0.0012733936 -4.7072577 413.81845 -0.011422157 -0.0019212067 -0.0017162561 0.012699127 376.93552 -101.49663 -0.00068330765 0.0074017346 106.33871 478.73712 
87.75 580.28546 -25.34213 -0.0063706636 -0.0005874634 2.8193688 430.83563 0.055495262 0.041528106 -0.0030378103 -0.052176 402.84177 -100.13103 -0.00022864342 -0.040773094 99.873924 513.9397 
88.25 586.41833 -18.590181 -0.0027952492 -0.004402399 19.03882 420.86404 -0.0073428154 0.011537269 -0.00034999847 0.006360531 398.3918 -94.73888 -0.0030953884 -0.008021474 102.44805 519.7543 
88.75 600.8714 -32.064903 -0.0014235154 -0.008638978 12.8678465 426.3925 -0.0026426315 -0.0031092763 -0.0023294687 0.0026042461 400.62946 -95.57392 -0.006763816 0.0066077113 121.25256 524.3263 
89.25 643.2394 -66.99625 0.007586658 -0.0071513653 -20.526426 469.0817 -0.0040109158 0.009268433 0.0007786155 0.004836321 436.90942 -93.690834 -0.0045281053 -0.0020987988 134.90735 557.47516 
89.75 684.10425 -87.12513 -0.021502852 -0.008020613 -42.62826 512.2937 -0.016017199 -0.0073306113 0.0040597618 0.016295195 480.9576 -81.93754 -0.01128386 0.0105549395 126.75901 599.93365 
90.5 687.93427 -58.313442 -0.0025345087 0.0012158751 -11.80104 510.97714 0.005243659 0.025718272 -0.00009189453 -0.0034675002 491.6675 -81.09785 0.0017836392 -0.028221399 118.38727 612.9479 
91.5 805.9728 -102.17301 -0.0054787993 0.0019136667 -36.482563 607.10547 -0.002890557 0.0036591887 -0.0022213412 0.0034805462 574.2399 -119.23055 0.0010099411 -0.0015932107 174.29877 701.9065 
92.5 1095.3844 -142.27051 0.009082437 -0.03303337 -66.519424 869.704 0.00955677 -0.01121065 -0.04431826 -0.02120328 822.4293 -91.055954 -0.034540176 0.03851545 168.65146 976.3132 
93.5 1256.5273 -63.192207 0.0016130209 -0.007562503 4.751565 1013.2409 0.014497757 0.0092668235 0.010808699 -0.013680458 980.8275 -158.72433 -0.007073939 -0.009965494 236.52795 1145.758 
94.5 1406.6674 -132.37329 0.006538242 -0.030133247 -58.890423 1158.778 -0.03534794 0.0332731 -0.006694168 0.025850773 1131.189 -178.69 -0.039108276 0.019221842 285.72043 1278.3995 
95.5 1429.1675 -124.22235 0.012545198 0.0018179417 -26.171444 1153.6243 0.008756638 0.04039465 0.018054187 -0.0069167614 1128.9734 -174.83076 0.006585121 -0.017188028 288.40118 1298.5908 
96.5 1437.6947 -130.12889 -0.0010957876 -0.0025254488 -36.65412 1112.4968 0.019640267 0.004981339 0.00037372112 -0.019537896 1078.9617 -240.23126 -0.008165181 -0.010298371 353.80978 1294.152 
97.5 1471.4823 -128.37018 0.006084487 -0.004769206 -57.564774 1172.427 -0.001404956 0.0071849823 0.0052368864 0.0012311041 1139.0149 -216.48805 -0.009008288 -0.0071597695 350.27325 1316.0702 
98.5 1522.3876 -137.71405 -0.0063741803 0.034276247 -59.00359 1251.4524 -0.03571403 -0.025884524 -0.024640739 0.036375046 1218.2036 -270.54852 0.037646294 -0.046432167 369.59082 1367.816 
99.5 1623.4012 -145.16525 -0.058429003 -0.0071261525 -90.144684 1272.6868 -0.011538744 0.0733656 0.0729814 -0.011093378 1225.385 -268.8227 0.004182577 0.06146645 367.54196 1457.2662 
100.5 1601.8661 -131.66145 0.030617326 0.019474626 -121.021286 1269.5544 -0.010867357 0.014460325 -0.028839856 0.0085783005 1214.9863 -285.2772 -0.0053707957 0.0042207837 405.2668 1416.5612 
101.5 1601.4594 -196.19705 0.014703244 -0.0067213476 -173.28702 1311.2814 -0.0020610094 0.0015156614 0.005623311 0.0028046072 1247.5231 -272.87762 -0.008282624 -0.024374995 348.0638 1407.2083 
102.5 1664.3201 -126.97839 0.0132313585 0.019085944 -129.96065 1268.2251 -0.0064685345 0.018954337 -0.00827539 0.003206253 1207.7074 -287.61566 0.014247179 0.0030179918 373.9077 1470.678 
103.5 1746.7787 -234.04297 0.016426206 -0.002477169 -282.091 1352.0773 -0.011032999 -0.021800458 0.006218314 0.011103511 1267.0424 -285.979 0.0021545887 0.004328668 377.69983 1515.2399 
104.5 1698.9075 -232.79214 -0.005636215 0.0034492463 -267.5455 1328.2817 -0.07118964 0.032028943 -0.011982083 0.076793194 1229.8944 -115.79598 0.003093928 -0.020311356 161.91367 1477.3347 
105.5 1482.554 -71.72102 0.007122755 -0.013789058 -140.12 1016.8435 -0.0050036907 0.0077463984 0.00043290854 0.006387949 967.64435 -142.83224 -0.006567359 -0.006979823 202.02261 1319.4333 
106.5 1274.4652 -100.40158 0.038131922 0.05395192 -185.23267 834.9205 0.059538335 -0.0882042 0.0043465123 -0.0741023 765.5059 -198.75758 0.05584979 0.06342572 241.71062 1089.3014 
107.5 1208.6256 -191.80045 -0.024265647 -0.011116385 -244.96762 822.76495 -0.048312187 0.014768004 -0.026764631 0.056551695 702.86127 -173.52979 -0.015094757 0.0034117699 197.22237 1011.7252 
108.5 1267.1672 -149.23746 -0.016510725 0.047782898 -219.5337 852.69006 -0.035978794 0.028603643 -0.026958466 0.044986725 764.80304 -5.135273 0.048851967 -0.016923666 53.318016 1101.4387 
109.5 1342.6205 39.141712 -0.0013343841 0.0012845993 1.6471386 980.4773 -0.03937912 -0.0014090538 0.004336357 0.037564278 919.0327 -81.65607 0.0038876534 0.016370773 100.67462 1197.0948 
110.5 1344.658 -124.60384 0.036191285 0.05765629 -117.60455 1050.1067 -0.1379013 0.057836294 0.04763472 0.1539154 972.31104 -180.46082 0.06199646 -0.034946144 202.60999 1219.4021 
111.5 984.198 -80.11161 -0.003330052 -0.009590626 -80.92293 700.8347 0.015647888 -0.0071496964 -0.002644509 -0.015454292 644.7517 -18.523972 -0.007545948 0.006246567 68.09923 869.8174 
112.5 706.36163 -53.14761 -0.004408717 -0.005099021 -33.16558 465.5478 -0.015714288 -0.0007290244 -0.0030560493 0.0152632 364.5531 -68.91753 -0.0022528097 0.000082194805 77.4828 536.6637 
113.5 768.12994 1.7083654 -0.0033183396 0.0016645193 15.894505 561.826 -0.019967258 0.000047564507 -0.00413318 0.021788359 390.0575 90.753365 0.0025512576 0.0017195791 -79.68242 556.2238 
114.5 1077.2122 92.0571 0.018491924 -0.006250143 105.49221 882.3794 0.03413391 -0.020409882 0.020394355 -0.03665638 735.3525 -224.89496 0.0021727085 0.025232196 251.12643 884.0885 
115.5 1785.5127 -311.36685 -0.0072541237 -0.007340431 -287.26016 1579.407 0.016464233 -0.0052144527 -0.00071263313 -0.021499634 1421.1536 -145.95259 -0.006839752 0.01020956 129.90836 1576.6249 
116.5 2766.1443 71.07701 -0.01156044 0.0038986206 56.557 2463.297 0.004901886 0.0030641556 -0.0075740814 -0.0072250366 2114.207 -502.27557 0.0038871765 0.0022275448 507.14905 2381.9128 
117.5 5404.9917 -2423.1416 -0.012378693 0.0036621094 -2413.38 5025.3887 -0.012233734 -0.0019378662 -0.008665085 0.009178162 3428.546 -1780.9668 0.006362915 0.0048217773 1803.1138 3766.0244 
118.5 8305.297 -5245.3496 -0.02230072 -0.017333984 -5221.3477 7877.9556 0.01883316 -0.0077209473 -0.004562378 -0.023246765 4506.587 2025.8011 -0.014755249 0.0074310303 -2063.1633 4887.993 
119.5 7792.5513 -15.598267 -0.046844482 -0.0059509277 -41.041733 7273.142 -0.0054740906 -0.012413025 -0.0012817383 -0.004299164 3846.5872 4789.3086 -0.000045776367 0.016887665 -4821.406 4321.7686 
120.5 6586.901 3116.9824 -0.018798828 -0.043304443 3127.13 6057.4175 0.000076293945 -0.006668091 -0.012448192 -0.005844116 3267.5376 -1119.8727 -0.035324097 0.004470825 1107.1565 3740.5696 
121.5 6974.8643 -2035.5226 -0.019966125 -0.0238266 -1992.8774 6512.4688 0.015258789 -0.010128021 -0.01990509 -0.016593933 3678.7615 -3749.3438 -0.010753632 -0.007335663 3698.4707 4083.9116 
122.5 6160.1006 -3552.9368 -0.00891304 -0.013584137 -3529.5046 5702.434 -0.0055789948 -0.025590897 -0.018283844 0.0021400452 3762.3562 60.394707 -0.00254488 0.004639387 -86.06948 4166.5635 
123.5 4386.4263 -1059.37 -0.024095058 0.022222519 -1004.8491 3939.4001 0.074988365 -0.005719185 -0.039754868 -0.079352856 3378.8618 910.4199 0.035520554 0.007849693 -904.1515 3760.4087 
124.5 3251.0776 -790.2741 -0.0076397657 -0.0025119781 -726.4286 2874.3809 0.0025424957 -0.016237825 -0.027801752 0.0025453568 2621.0647 35.621933 0.00802803 0.015644789 -65.82844 2923.2305 
125.5 2284.8599 -717.8496 0.025552988 -0.019404411 -689.3992 1918.5945 -0.004868984 -0.026931524 0.022750825 -0.007970631 1602.9532 367.20465 -0.016498566 0.020437717 -395.47903 1899.9163 
126.5 1422.6909 -101.303566 -0.03655672 -0.070380926 -75.75098 1077.0748 0.08020568 -0.030208051 0.00404191 -0.08332133 888.57825 265.88916 -0.06852436 0.033549473 -272.51248 1172.0969 
127.5 947.7822 -2.306962 -0.010093883 -0.0111352205 35.772205 647.854 0.010642509 -0.02232343 -0.021302044 -0.008345205 544.51886 45.826874 0.00045216084 0.0066105425 -60.827286 777.07965 
128.5 880.7124 -6.3596525 -0.011530876 -0.007872641 7.590489 509.3173 0.010629594 -0.019311558 -0.020524621 -0.011160344 424.3155 52.9377 0.0019111633 0.014755208 -57.220936 722.95184 
129.5 956.7189 -62.30817 -0.014560908 -0.002852559 -80.975815 573.41974 0.016058445 -0.012983412 -0.03263087 -0.014393926 458.28455 67.65504 0.00608436 0.01789987 -65.60106 769.48895 
130.5 933.80035 12.332373 -0.10477871 -0.2403207 32.882393 624.7128 0.46895003 -0.10865003 -0.15181315 -0.43823123 526.45044 148.70113 -0.21753545 0.16990817 -162.21487 756.4368 
131.5 956.9636 107.09142 -0.02259326 -0.025939107 146.85315 578.9905 -0.028452039 -0.02952087 -0.013409361 0.02681899 527.6518 58.2842 -0.015052915 0.017530605 -88.95059 822.5854 
132.5 1022.72076 0.58283734 -0.008071788 -0.00046563148 -19.683153 592.6273 0.006095886 -0.012634337 -0.02040223 -0.00049066544 538.76886 7.4455724 0.008414388 0.004727334 -55.567657 874.56635 
133.5 1058.1182 22.786129 -0.006903127 -0.018649682 18.279613 703.251 0.010845661 -0.01725322 -0.01453013 -0.009449244 652.61383 97.81959 -0.011200771 0.0165174 -121.88971 895.9359 
134.5 1055.5437 105.238174 -0.010736942 -0.015749097 141.80865 689.1638 0.036640406 -0.0104602575 -0.01674886 -0.035782814 631.91724 68.32463 -0.008773923 0.01963684 -71.108505 898.2314 
135.5 1034.3237 71.586044 -0.0063022375 0.027449727 58.110935 595.56854 -0.04503131 -0.0067191273 -0.009873509 0.040895462 503.47293 -16.684788 0.025746703 0.00552094 -27.276508 849.19794 
136.5 1059.0531 38.375416 -0.0002802834 -0.015785813 16.520357 631.139 0.006554246 -0.014897734 -0.0055653863 -0.006567955 545.27856 -41.371277 -0.013727307 0.00883013 -2.927989 865.1025 
137.5 980.00287 -2.0695117 0.007718265 -0.019796252 31.774855 628.6374 0.03713521 -0.016874224 -0.0067142844 -0.024165362 564.34235 -14.177759 -0.023814261 -0.023113146 2.7972655 814.87115 
138.5 906.4119 -34.6314 0.07742721 0.04443556 -18.488937 554.9215 -0.41621888 -0.10420743 -0.17243943 0.4168378 440.39664 -43.586094 0.03324777 -0.066957384 0.92013407 711.5343 
139.5 1010.2452 -46.671097 0.0113812685 0.010248065 -75.23837 523.06055 0.0046814084 -0.026699841 0.009545587 -0.0256069 359.95807 -152.6413 0.0043184757 0.0061187744 73.35477 772.49347 
140.5 963.3382 -45.65056 0.01409933 -0.013021708 -61.87675 446.70474 0.023682475 -0.0024336278 0.0024529994 -0.024629831 297.00494 -85.99115 -0.014488041 -0.003621325 21.622433 730.0112 
141.5 843.5125 -0.29260898 0.020874768 -0.027952135 -13.240757 405.52316 -0.013894737 -0.017814893 0.00073474646 0.016825765 209.09236 135.69565 -0.025295973 -0.015786648 -143.35568 552.6455 
142.5 884.3063 -16.342924 0.008969635 -0.0029933155 -17.407986 432.27603 -0.0004838705 0.00600015 0.013061419 -0.0008659363 169.42116 150.5742 -0.0062100813 -0.005519364 -130.89543 539.5463 
143.5 786.67993 -66.22375 0.10065776 0.027251521 -19.5892 329.16248 0.109307885 0.018797882 -0.06681627 -0.08577335 99.03021 -41.419415 0.03364356 -0.006403677 -4.5526 494.79214 
144.5 617.93317 19.831043 0.0110452175 -0.007127285 64.0615 158.49054 -0.0060144067 -0.006100446 0.012591973 0.0062479377 -59.367672 -113.288376 -0.012013927 -0.017979562 27.693882 340.5709 
145.5 639.5016 108.789246 0.062422488 0.03110218 143.54509 137.86281 0.038404524 0.022521377 -0.04948324 -0.034934998 -158.88744 -53.685326 0.0012428164 -0.0071644485 9.250077 285.80963 
146.5 665.45154 22.985107 -0.006943032 0.004900709 93.65495 174.19714 -0.0056669116 0.027035013 0.01722294 0.012790978 -186.7758 -75.44103 -0.00743936 0.0120001435 45.88055 249.31401 
147.5 630.0657 -76.695366 0.0014815181 -0.002651006 -4.7449164 137.85388 0.0009098351 -0.0024132803 0.0041688383 -0.0003952384 -249.80846 -160.37137 -0.0030115247 -0.011213362 119.51409 182.4522 
148.5 654.56946 -88.19414 -0.0118459165 -0.029643893 -35.97594 184.54358 0.0037443042 -0.015925288 0.020906856 -0.010535896 -255.24582 -197.26323 -0.010953456 -0.005440831 154.83022 154.07649 
149.5 671.8859 -105.25568 -0.0071119964 0.0067187697 -48.51788 261.7329 -0.0027806312 -0.059328094 -0.0007068515 -0.011700802 -219.93484 -161.0656 -0.0003309101 -0.04006605 133.84727 119.3608 
150.5 643.42303 -137.6484 -0.0061578453 -0.010686391 -85.11494 198.85124 -0.0029184222 0.042371742 -0.010748386 0.0024276674 -289.81702 -123.53356 -0.027402468 0.04424554 138.77115 74.246284 
151.5 652.8066 -148.34402 -0.0040470213 0.00398692 -113.072426 216.65172 0.0040287077 -0.0014999062 -0.0042773 -0.0032111555 -299.40237 -117.85148 0.004786562 0.0075290054 154.87186 64.89435 
152.5 728.03094 -101.63317 -0.009419118 0.022434914 -97.019295 328.92703 -0.007075025 -0.022029668 -0.0009021647 0.0138289705 -202.63864 -53.184414 0.0038532428 -0.022514664 114.83095 116.60241 
153.5 825.5363 -57.9734 -0.002827067 -0.011612259 -73.7967 285.71753 0.02844974 -0.0023076478 -0.008137231 -0.026718333 -223.4156 42.077328 -0.009119898 0.0063577667 85.477585 209.7027 
154.5 830.33606 -32.73864 0.040128246 -0.008282203 -40.598732 219.62631 0.0064858794 -0.089789964 -0.052432805 -0.01394394 -262.49435 64.43616 0.047540605 -0.06952226 60.53794 244.41566 
155.5 784.2298 84.73706 0.00041919947 -0.011488199 31.365828 262.46533 0.007524021 -0.005984366 0.0017924607 -0.00690645 -190.87337 97.0865 -0.018333256 -0.0046804547 -30.53283 240.37056 
156.5 871.63477 176.4123 0.044712648 0.0004900694 60.58727 252.70282 -0.0037510395 0.004363537 -0.004847035 0.042726517 -162.49055 217.55775 -0.07094163 -0.06674808 -125.516365 344.52005 
157.5 979.21155 66.028755 0.010816395 -0.024956644 -6.456134 216.70409 0.021772027 0.015677243 -0.01460588 -0.006548643 -140.78453 212.87032 -0.021821678 0.01750829 -129.66718 492.72885 
158.5 965.9033 -15.296794 0.017221764 -0.012227774 -56.87633 312.60196 0.008820027 -0.015050888 -0.0047430396 0.0012485981 31.105413 35.37328 -0.0061495304 -0.016080856 -92.07454 573.9532 
159.5 957.2958 116.046585 -0.003301531 -0.03955415 20.273008 371.19833 0.0010377169 0.006533861 0.0033847839 -0.0018433928 151.76445 -40.10572 -0.048869148 -0.00908792 -34.185364 640.6932 
160.5 938.2622 121.973114 0.011787767 -0.008116737 86.55414 232.51457 0.023030847 0.0046437904 -0.0023150444 -0.020326912 32.933315 70.39188 -0.014040083 -0.008063786 22.74054 646.4251 
161.5 856.22675 -68.83926 -0.00061811507 -0.012383141 3.359404 161.22592 0.019862846 0.013893485 0.0046259314 -0.01169613 -85.01321 69.29569 -0.016911894 0.00047430396 23.501963 532.6126 
162.5 1056.1414 -141.244 0.0017515719 -0.0065116957 -148.33063 318.7662 0.0008133948 0.0287849 -0.0019555688 -0.013545483 -41.82158 -125.82122 -0.0009035766 0.019629747 11.946561 601.11304 
163.5 1518.3594 31.984804 0.0033599138 -0.013012797 17.207405 285.86923 0.035923958 -0.02027437 -0.009065449 -0.038826227 -112.538826 -83.61098 -0.016209185 -0.013598889 -30.302723 964.42834 
164.5 1792.5731 12.807563 0.009659365 0.0142304 201.58714 155.01529 0.096961915 -0.01960601 -0.018642485 -0.07016057 -233.99496 62.01302 0.00580734 0.048423633 -56.858513 1216.1862 
165.5 2191.1326 -247.93365 -0.04488015 0.023628637 -130.40633 604.9089 -0.044554353 0.042669162 0.005566865 0.025696993 180.5088 -59.01082 0.011362016 0.045330644 -86.274704 1601.1396 
166.5 2847.2913 102.23319 0.0056034923 -0.022178829 -87.33845 1030.7451 0.037666067 -0.0038619041 -0.0070536733 -0.04172109 780.1848 -85.64285 -0.012590885 0.03089708 -40.68377 2389.449 
167.5 3461.7065 263.38763 0.0042296946 -0.010843515 197.28822 1028.7863 0.087188184 0.012219742 -0.014149785 -0.08758628 944.54065 322.0284 0.00014424324 0.033489823 -106.1102 3087.6328 
168.5 4884.6597 -420.4125 -0.019346237 -0.02536881 -55.55734 1752.3889 0.14191395 0.008617759 -0.009392142 -0.13452046 1365.1091 283.72177 -0.024632514 0.020780325 -273.96924 4224.7188 
169.5 7283.471 -85.4489 0.08963597 -0.23193729 305.18375 2880.8938 0.27318585 -0.3725314 0.013597488 -0.14542031 2236.5063 -311.47382 -0.039453864 -0.25690508 52.524292 6162 
170.5 9043.314 1397.0807 -0.013136908 0.036429644 1343.8177 3138.4607 0.12823772 0.15403986 -0.055043682 -0.13901901 2384.475 202.9214 -0.02406621 0.13646126 316.4494 7393.7627 
171.5 11007.981 1389.8488 0.07865167 0.039693832 1235.1654 3302.6682 0.20355892 0.07458633 -0.08806896 -0.17483377 1674.688 359.07028 0.0652051 0.11278427 469.4951 8692.265 
172.5 14140.799 47.01072 0.116048336 -0.09129858 686.16364 2766.893 0.016578913 -0.10908276 -0.16583443 -0.054667234 1044.3972 -1082.4087 -0.09234905 -0.01467967 664.31256 11786.937 
173.5 15025.659 392.46103 0.12434673 0.036409855 1364.843 -225.59288 -0.20180693 -0.024868488 -0.18897915 0.19422495 -118.04446 -481.49997 0.035458565 0.061931133 -194.13287 13019.424 
174.5 15317.254 1668.8135 0.089279056 0.035960197 1112.59 -827.2502 -0.09531516 0.035102367 -0.096422374 0.08599225 -2198.8013 1329.7954 0.03161812 0.020932198 -422.68036 11160.995 
175.5 20596.713 1267.3646 0.30097455 -0.10040474 -881.62305 5113.521 -0.028549016 -0.25509876 -0.19734192 -0.20951208 -3141.3276 -1333.4198 0.0058374405 -0.06708741 2237.153 10868.264 
176.5 29063.408 1617.9579 3.1890273 1.7902932 -308.5952 13189.4 1.2966785 -0.927111 -5.0069203 -3.5398495 -5565.077 -2820.5706 -0.60072803 -1.4686189 1016.1308 6990.118 
177.5 46767.64 5373.368 -0.05368042 -0.5257859 4184.945 28931.07 -0.42260146 -0.8868034 0.083189964 0.35213208 -23171.725 5596.6724 0.28566992 -0.6666279 -9224.254 -13755.906 
178.5 87679.234 6136.2295 -0.4205923 0.33981764 5388.852 65434.395 0.2589233 -0.28003502 0.21004963 0.29068327 -64089.207 10064.737 0.9563093 -0.85832 -12462.067 -49495 
179.5 131190.2 1161.19 -2.0115814 1.2543509 1030.7188 104002.445 1.6400928 1.0257292 2.1927204 -0.18506813 -103981.23 2069.8865 2.5881646 1.1401806 -2411.736 -78091.9 
